-24
-30
-30
-29
-34
-39
-48
-50
-40
-32
-27
-25
-35
-37
-13
-1
-10
-16
-9
-11
-16
-15
-23
-37
-39
-33
-35
-24
-5
0
17
24
11
10
22
26
17
-1
-9
21
30
7
4
11
21
29
20
1
-19
-24
-6
-6
-39
-41
-16
-11
-5
5
-4
-7
9
1
-16
-8
-6
-13
-3
-3
-2
13
11
7
28
37
19
13
19
21
19
8
-8
-18
-27
-32
-18
1
-1
-17
-25
-14
15
16
-25
-40
-18
-22
-43
-23
5
1
-5
-2
3
18
23
4
-1
14
10
-10
-18
-22
-28
-29
-28
-27
-33
-32
-16
-17
-32
-33
-23
-25
-27
-24
-32
-38
-35
-14
1
-10
-16
-7
-9
-17
-1
-6
-19
-1
-9
-46
-46
-26
-31
-30
-8
0
0
18
33
13
-12
2
30
28
18
23
34
23
1
2
30
54
55
55
52
52
56
36
25
50
67
62
63
44
23
33
39
29
32
53
55
34
23
28
24
24
37
33
31
54
57
24
0
27
59
45
20
28
34
24
27
33
22
17
25
33
33
19
2
5
30
26
-7
-2
33
33
19
29
31
32
47
47
31
33
48
43
28
15
5
1
-7
8
34
13
-25
-14
17
21
4
-24
-24
-9
-22
-30
-22
-30
-46
-41
-34
-37
-30
-34
-55
-66
-55
-32
-21
-51
-72
-49
-47
-63
-45
-60
-102
-76
-23
-20
-39
-28
-2
-7
-20
-9
0
-19
-24
-2
1
-5
13
35
29
25
42
25
1
11
6
-8
-15
-27
-20
-2
-9
-12
9
5
-2
10
9
-3
-21
-30
-34
-52
-58
-37
-21
-27
-39
-37
-27
-24
-31
-27
-23
-28
2
30
15
-1
-12
-23
-8
-1
-26
-31
-28
-41
-20
-17
-69
-64
6
9
-40
-38
-15
-27
-41
-33
-32
-35
-28
-24
-32
-38
-37
-32
-35
-33
-23
-29
-15
15
10
6
26
21
13
34
16
-10
4
-2
-22
-8
2
-12
-23
-25
-32
-47
-42
-15
-5
-14
-20
-37
-42
-10
3
-9
-1
17
-4
-38
-22
8
4
1
31
44
26
18
24
35
40
39
39
33
26
33
32
17
16
11
-3
14
22
3
3
7
-7
-2
18
29
25
16
27
34
34
43
36
25
47
74
81
79
67
60
66
64
60
66
77
74
58
52
75
98
91
81
94
107
86
56
59
91
107
109
129
136
91
76
105
90
67
87
84
55
50
67
82
78
55
67
84
44
22
36
22
6
34
40
10
18
29
14
21
39
31
31
38
12
-13
-12
7
28
30
30
57
70
43
30
37
26
21
28
24
26
33
26
29
42
34
29
43
39
23
25
35
33
15
20
79
148
206
285
354
405
500
571
545
533
560
516
433
413
420
384
324
285
259
222
177
133
96
86
89
59
32
36
20
-10
0
13
1
-12
-35
-66
-74
-63
-42
-31
-34
-36
-37
-38
-35
-28
-27
-38
-50
-56
-46
-39
-45
-59
-65
-45
-20
-34
-54
-43
-37
-43
-28
-28
-55
-56
-43
-55
-68
-54
-46
-63
-71
-58
-66
-95
-87
-48
-37
-45
-33
-19
-29
-50
-43
-24
-45
-71
-51
-29
-31
-29
-40
-63
-62
-60
-69
-54
-26
-23
-38
-55
-58
-52
-65
-77
-65
-60
-68
-64
-70
-79
-64
-51
-55
-63
-82
-91
-76
-70
-71
-59
-51
-48
-38
-27
-30
-42
-47
-37
-26
-17
-19
-37
-23
-1
-23
-41
-24
-28
-45
-32
-29
-48
-40
-29
-51
-56
-28
-29
-42
-21
3
-1
-11
4
16
7
2
7
12
-6
-21
4
26
6
-9
21
40
34
22
12
5
-7
16
37
13
3
21
20
10
21
22
8
-1
1
12
10
-1
-4
5
8
-3
-10
-16
-39
-38
10
32
9
-8
2
16
10
-18
-31
-7
13
11
8
3
-2
-13
-28
-31
-26
-31
-27
-18
-29
-24
6
5
-26
-31
-21
-27
-30
-21
-7
-11
-27
-31
-29
-35
-29
-16
-25
-21
-4
-18
-41
-33
-25
-36
-35
-34
-35
-15
6
-13
-37
-22
-13
-32
-40
-28
-17
-29
-44
-21
7
-13
-39
-16
8
0
4
26
37
27
32
53
48
31
29
31
23
38
64
63
48
35
41
63
58
29
37
59
40
24
37
30
0
-10
-3
2
2
-5
1
3
-23
-25
9
3
-38
-43
-7
20
10
0
18
34
30
20
1
-8
6
11
0
0
6
-6
-21
-12
0
-7
-12
-1
5
-8
-27
-37
-29
11
44
37
29
35
33
30
34
31
18
12
29
34
4
-2
31
41
30
27
13
-5
-3
3
-5
-28
-31
-3
14
2
-8
-16
-33
-18
27
35
10
-9
-9
10
22
3
-8
8
12
0
0
3
-15
-34
-18
2
2
0
2
7
22
30
25
15
16
34
39
32
36
31
9
-8
-1
18
18
-4
-17
-23
-29
-22
-15
-18
-2
26
29
27
31
12
-2
13
6
-4
15
32
32
17
1
2
5
-1
-1
3
0
2
13
33
39
23
26
47
44
30
50
75
61
50
66
63
38
19
22
45
65
64
53
40
27
34
38
25
25
17
-8
3
52
48
-8
-3
58
48
7
38
81
65
37
24
3
-7
18
34
10
-2
35
58
51
50
44
30
22
5
-9
-5
6
6
-4
1
18
9
8
34
13
-28
-14
12
-3
-7
7
-3
-16
-14
-25
-32
9
39
9
-14
-1
4
8
9
-17
-31
-8
7
-8
-25
-42
-44
-14
6
8
7
4
-4
-22
-53
-61
-25
-16
-50
-48
-20
-34
-59
-35
6
11
-19
-17
16
17
10
27
30
30
28
-3
2
45
35
22
49
44
3
-10
1
2
-3
1
26
49
42
35
33
5
-6
25
30
10
29
40
5
-4
25
39
20
5
16
32
26
4
-9
-2
16
17
-15
-40
-3
24
-31
-48
19
44
11
31
114
196
267
308
321
349
381
356
332
387
404
326
288
308
287
250
230
192
126
90
101
109
93
58
24
25
31
-11
-70
-79
-59
-57
-53
-40
-49
-65
-57
-67
-96
-95
-97
-106
-91
-93
-116
-107
-87
-100
-99
-70
-66
-75
-51
-28
-57
-96
-100
-87
-72
-57
-51
-61
-65
-60
-85
-102
-78
-70
-96
-96
-76
-92
-120
-119
-81
-47
-77
-105
-71
-40
-51
-69
-85
-86
-61
-61
-68
-54
-71
-89
-60
-27
-31
-56
-73
-53
-22
-37
-58
-39
-21
-38
-43
-18
-15
-39
-22
17
4
-9
10
-12
-37
-32
-60
-95
-71
-37
-26
-32
-38
-22
-12
-37
-57
-79
-112
-71
-3
-16
-39
-3
36
29
-5
34
92
27
-2
124
182
134
162
199
157
132
132
121
124
135
122
115
118
91
81
112
108
91
106
86
47
57
65
30
16
33
35
30
27
23
30
39
17
-7
3
28
45
21
-10
25
77
67
43
61
66
45
26
17
26
24
11
15
28
26
29
41
40
33
21
5
-17
-38
-18
10
-13
-18
31
48
21
1
-4
-2
1
4
-3
-19
-21
-3
18
24
10
-1
10
14
-12
-29
-26
-27
-25
-4
17
21
39
67
61
30
22
29
15
8
24
34
30
40
62
83
85
67
53
46
46
41
30
31
40
33
28
35
33
53
76
28
-7
30
37
-6
-5
11
-5
3
17
12
17
20
8
16
28
8
-4
-4
-2
10
4
-24
-33
-17
-28
-41
1
38
10
-15
1
1
-23
-32
-26
0
3
-24
-20
2
4
-2
-15
-36
-33
-25
-43
-34
-11
-36
-47
-12
2
-5
-5
-23
-25
18
39
30
28
29
33
41
38
23
8
6
5
0
1
-7
-25
-33
-25
-28
-37
-32
-29
-28
-17
-20
-36
-35
-25
-34
-40
-33
-30
-36
-28
4
8
-7
13
22
-3
-16
-11
-4
2
-3
-5
19
41
39
22
2
-1
3
-1
-3
-4
-4
5
-7
-27
-9
8
-20
-41
-33
-24
-25
-47
-66
-54
-54
-75
-50
-12
-15
-17
-5
-16
-33
-24
-13
-10
-16
-16
11
35
16
-8
12
26
5
-11
6
29
26
6
-5
7
8
-10
0
39
36
2
9
32
33
37
45
27
-1
-4
5
-20
-43
-13
7
-19
-38
-30
-14
5
0
-18
-33
-49
-58
-55
-49
-34
-27
-35
-19
-1
-17
-32
-40
-55
-62
-57
-46
-30
-29
-37
-20
-17
-32
-19
-2
-8
-5
-12
-32
-18
-2
-11
-10
-4
-2
-8
-15
-10
-5
-15
-8
10
3
-5
-1
1
0
-8
-3
2
5
15
15
2
3
9
14
33
24
-8
14
38
7
-16
18
51
41
27
43
57
54
65
71
47
29
18
-4
-9
5
-2
-28
-32
-16
3
10
1
1
16
18
2
-1
-6
-13
-6
-8
-17
0
15
4
3
20
28
31
33
29
16
12
29
48
47
51
67
60
37
30
34
35
27
20
25
20
0
-7
-5
-13
-8
-5
-14
-8
3
4
0
2
9
14
7
3
6
-19
-49
-43
-23
-32
-35
-12
-10
-24
-22
-28
-37
-14
-2
-24
-31
-24
-33
-46
-40
-33
-35
-33
-11
10
-19
-48
-14
11
-19
-42
-35
-15
17
23
-8
-9
-2
-27
-35
-13
5
-7
-28
-27
-7
4
-8
-20
-15
7
21
35
76
132
194
258
319
362
378
365
340
337
342
318
306
324
303
249
212
195
187
153
82
35
8
-31
-40
-38
-49
-44
-49
-65
-66
-92
-138
-134
-109
-119
-138
-133
-118
-119
-122
-116
-122
-121
-101
-106
-133
-132
-123
-129
-121
-107
-121
-136
-132
-128
-113
-83
-91
-119
-121
-112
-101
-97
-122
-134
-111
-114
-129
-109
-92
-101
-101
-88
-104
-115
-88
-85
-109
-89
-61
-88
-105
-86
-84
-103
-105
-83
-71
-87
-89
-60
-41
-48
-52
-36
-19
-2
24
44
37
19
21
56
69
38
23
29
26
46
64
40
16
23
31
22
22
50
63
37
20
21
6
-2
4
3
-4
-5
-2
0
15
30
21
17
25
14
-4
-11
-8
-11
-18
-17
2
5
-5
2
4
-6
-5
13
29
29
15
0
8
21
6
-8
9
6
-11
13
40
35
18
10
11
7
-6
8
34
35
45
67
60
45
50
47
36
36
21
-2
13
34
17
29
70
57
15
17
29
14
0
-5
-3
-6
-22
-20
-3
-4
0
26
34
34
48
42
16
2
1
26
60
47
7
-3
2
11
31
25
-9
-30
-35
-18
21
32
-1
-19
-2
7
2
-5
-5
-1
-13
-21
-1
13
-2
10
43
25
-12
4
37
37
29
25
26
41
41
31
33
19
10
24
16
-7
-6
11
24
34
51
59
48
33
16
-5
-6
-16
-38
-13
12
2
8
26
18
8
21
27
11
2
4
-7
-18
0
10
-1
9
34
40
36
52
67
64
53
40
35
37
33
29
38
26
-3
-1
4
-9
-8
7
4
-4
3
3
6
16
17
5
-12
2
31
23
-10
1
31
22
-4
-1
27
31
-1
3
42
37
-2
-12
-2
2
-1
-3
1
3
3
3
0
-1
-1
0
4
-5
-1
32
50
29
15
23
8
-22
-34
-30
-29
-20
14
36
26
30
57
58
17
-8
-7
-13
-21
-15
9
34
33
23
28
22
6
19
35
23
16
28
31
27
37
53
60
63
55
34
26
36
45
45
30
4
-3
-1
-24
-44
-31
-29
-61
-75
-56
-37
-35
-30
-11
-3
-9
-11
-22
-37
-21
-6
-20
-14
8
15
32
52
38
25
32
14
-2
14
26
27
39
32
10
-1
-3
9
24
16
12
43
70
57
34
26
29
30
28
28
27
23
26
45
60
55
56
61
42
14
9
10
-6
-25
-33
-33
-22
-17
-9
20
25
-2
7
42
49
54
57
27
9
29
34
23
49
63
14
-6
36
32
-11
1
37
39
22
33
62
64
56
59
46
11
-3
7
4
-8
6
27
31
33
28
26
52
73
58
49
64
58
32
38
62
46
21
33
39
25
26
30
17
-5
-21
-25
-14
0
-1
-5
17
30
5
-12
0
2
-3
3
4
4
4
-2
-3
-3
-6
3
17
11
10
27
34
21
9
5
-7
-17
-4
23
33
30
32
35
43
41
17
4
11
6
-5
-5
1
18
38
34
19
26
36
38
36
35
45
35
19
42
60
32
7
10
12
26
38
21
7
16
29
30
19
25
31
10
-14
-8
-2
-10
-1
4
-1
10
13
4
6
7
0
4
0
2
25
43
38
17
6
17
24
6
-5
1
5
22
30
10
2
25
32
18
27
36
10
-11
2
13
12
23
36
40
50
62
57
46
28
3
8
31
27
21
25
13
-4
3
9
4
-6
-5
8
-3
-15
18
42
28
20
31
31
31
54
84
83
53
53
87
92
99
139
163
174
195
201
186
185
178
160
130
61
42
97
106
52
29
26
-5
-25
-28
-34
-43
-52
-52
-62
-68
-58
-63
-92
-98
-86
-87
-86
-90
-100
-86
-62
-60
-62
-63
-82
-102
-97
-84
-80
-73
-58
-54
-64
-61
-59
-65
-64
-72
-90
-89
-65
-59
-61
-40
-19
-30
-52
-53
-59
-73
-58
-27
-25
-43
-35
-27
-44
-46
-27
-23
-42
-58
-75
-95
-84
-48
-38
-61
-61
-46
-53
-57
-59
-80
-94
-84
-71
-58
-57
-80
-83
-49
-30
-34
-31
-35
-56
-75
-62
-35
-48
-73
-41
-5
-41
-76
-61
-54
-71
-70
-47
-46
-59
-49
-32
-29
-33
-31
-29
-28
-29
-26
-28
-42
-45
-42
-46
-32
-11
-21
-39
-25
-6
-1
0
-3
-14
-29
-41
-33
-6
4
-13
-12
-4
-15
-12
4
-3
-13
-17
-32
-23
14
10
-18
-14
7
0
-23
-20
-4
-10
-31
-20
-1
-21
-30
6
19
-4
-10
-18
-33
-16
3
-5
-23
-32
-23
-4
-2
-6
-4
5
20
24
24
32
36
41
56
49
14
-2
2
-6
-8
6
18
21
20
28
45
51
35
31
44
47
42
43
43
20
-8
6
26
18
14
32
40
38
39
36
23
12
30
32
-13
-22
14
16
-10
-9
6
-1
-12
0
2
-26
-27
18
41
19
1
-4
-3
14
30
25
8
-1
0
2
6
25
40
21
7
13
6
-4
12
27
35
46
53
47
37
36
50
72
61
27
23
36
21
13
43
46
21
23
25
5
1
24
36
22
11
26
41
39
32
27
24
31
34
25
30
32
9
-3
23
37
27
48
65
41
29
40
21
-10
7
32
28
25
28
21
16
24
30
33
26
27
51
65
60
68
70
65
74
83
64
33
14
0
-6
10
18
1
9
46
42
22
32
36
34
35
19
10
18
19
17
28
21
7
9
11
18
29
15
-3
26
68
63
48
60
62
40
29
37
46
32
2
-4
14
19
24
37
16
9
44
50
6
-3
29
30
4
-4
4
3
-2
0
1
7
26
43
39
29
29
27
24
30
35
40
57
68
66
57
35
20
24
30
36
36
29
29
28
30
48
55
49
56
66
53
36
32
5
-11
30
72
50
21
33
28
-8
-23
-6
4
1
10
28
34
25
19
35
32
0
-5
19
29
27
35
34
24
31
56
77
75
74
81
62
23
6
4
3
9
26
42
44
50
56
44
30
25
33
45
49
46
60
61
40
29
23
19
11
-13
-35
-43
-43
-31
-21
-36
-39
-3
18
4
2
23
35
26
8
0
-2
-2
15
35
40
43
46
35
25
30
35
32
23
20
32
42
28
4
9
27
28
35
60
66
40
23
37
55
58
60
60
50
58
73
71
54
23
5
28
40
20
20
33
27
33
37
15
11
25
22
25
47
51
38
19
19
33
14
-2
22
26
11
19
20
6
14
41
50
67
151
251
286
301
345
365
361
366
368
350
322
304
284
251
208
173
157
133
101
83
78
62
42
36
34
34
39
27
9
28
42
12
-6
-2
-19
-35
-17
3
-2
-14
-21
-22
-19
-16
-16
-9
-4
-5
-2
-15
-17
15
39
37
33
17
-20
-35
-29
-24
-15
-8
-4
-1
8
18
14
-4
-4
-2
-29
-33
-6
-4
-18
-6
1
-20
-36
-35
-31
-30
-21
-1
-3
-31
-31
2
7
-8
0
5
-6
9
32
19
-8
-11
3
-5
-27
-28
-12
-19
-42
-50
-55
-66
-63
-45
-30
-30
-30
-27
-39
-59
-68
-65
-52
-41
-30
-22
-24
-29
-39
-55
-56
-44
-44
-44
-29
-28
-28
-17
-19
-17
0
-4
-26
-19
-2
-19
-34
-28
-23
-29
-31
-15
4
6
-4
-7
-12
-35
-42
-34
-36
-30
-27
-47
-49
-27
-27
-44
-45
-35
-30
-32
-36
-36
-32
-29
-29
-15
5
6
-2
0
4
-6
-20
-29
-23
-33
-64
-51
-14
-23
-34
-13
-17
-39
-22
5
6
-2
-3
0
-15
-39
-30
3
11
0
2
5
6
0
-15
-8
6
-20
-51
-46
-30
-31
-31
-19
-1
-1
-13
-10
-11
-33
-37
-15
-19
-34
-12
5
-4
-9
1
-1
-25
-33
-12
-8
-20
-5
-5
-24
-14
1
-3
2
6
-16
-25
-13
-22
-30
-8
6
-7
-12
-17
-33
-38
-33
-23
-9
-9
-12
11
32
29
30
25
2
-9
5
11
2
-9
-3
8
4
-8
-15
-6
-4
-24
-32
-23
-30
-36
-27
-24
-20
-18
-26
-25
-26
-34
-35
-36
-38
-19
1
7
-2
-18
-31
-31
-15
-9
-29
-34
-2
12
-11
-27
-20
-5
12
31
29
4
5
31
29
10
-10
-17
7
21
2
-14
-14
-26
-35
-18
-4
1
-3
-2
17
25
14
4
12
18
14
2
-2
14
17
4
-3
-14
-11
15
27
19
16
6
-6
-5
-3
-10
-21
-33
-35
-27
-20
-25
-35
-31
-26
-40
-51
-41
-30
-30
-21
-17
-14
3
-2
-18
-4
1
-19
-10
17
1
-42
-65
-70
-63
-57
-60
-53
-26
-13
-34
-42
-27
-20
-39
-61
-51
-29
-30
-29
-13
-4
-11
-23
-31
-35
-37
-20
-3
-19
-35
-19
-10
-18
-9
-7
-41
-58
-26
0
-3
-13
-26
-33
-25
-23
-33
-27
-5
0
-3
5
-1
-14
-4
5
-3
-2
-11
-30
-25
-10
-7
-4
2
7
4
-9
0
17
12
13
24
25
34
35
11
7
23
18
16
21
11
-1
-3
-1
6
13
9
5
5
-1
1
21
27
15
10
11
-13
-32
-4
27
32
32
32
26
28
24
9
21
34
20
26
50
44
18
11
16
8
-3
1
4
3
16
16
-4
8
37
36
26
33
34
27
40
51
43
40
66
87
63
32
28
28
20
26
39
35
36
37
26
34
56
46
18
22
34
27
18
23
41
43
32
35
31
7
-6
6
11
-9
-31
-29
-10
-4
-10
-6
11
22
20
16
8
-3
2
17
32
24
0
1
18
3
-14
8
29
30
19
12
23
34
45
62
58
37
36
43
40
53
62
55
53
56
55
60
66
55
39
36
36
41
63
75
62
58
68
66
48
37
26
6
10
35
38
28
31
36
21
19
53
89
107
142
191
233
278
322
363
374
326
303
326
310
268
243
206
150
117
101
96
88
65
58
68
48
26
47
71
62
46
30
15
6
6
27
50
47
39
44
38
6
-30
-34
-22
-34
-44
-27
-20
-33
-30
-17
-33
-62
-65
-55
-59
-59
-59
-66
-50
-24
-25
-33
-27
-24
-28
-29
-33
-36
-32
-28
-27
-29
-49
-68
-52
-22
-28
-60
-70
-41
-6
6
-14
-44
-45
-35
-44
-48
-38
-31
-35
-43
-42
-27
-32
-58
-60
-59
-72
-57
-28
-25
-23
-20
-36
-37
-23
-23
-14
0
-10
-26
-31
-29
-23
-33
-42
-31
-31
-36
-31
-33
-36
-37
-43
-37
-19
-22
-33
-19
-3
-1
6
11
9
4
-5
-14
-12
-2
12
31
33
14
-3
3
12
8
10
14
4
-2
4
3
2
8
5
16
36
16
-6
11
18
-6
-20
-27
-28
-13
-5
-17
-29
-17
9
18
23
37
37
31
32
14
0
17
32
29
21
22
32
27
3
12
33
18
-3
3
6
7
19
31
31
22
27
32
16
0
0
-3
9
29
13
8
27
17
-7
1
13
24
44
37
26
38
38
31
48
58
38
30
39
32
25
25
15
-3
2
16
11
13
31
45
29
-1
9
47
53
26
12
5
0
-1
-12
-18
-23
-32
-22
-2
5
6
4
3
1
-22
-26
6
7
-16
-5
5
-7
5
25
17
16
24
12
-4
1
4
-4
-1
14
25
16
-1
-9
-19
-26
-29
-34
-24
1
3
-9
-8
-6
-3
-5
2
5
-26
-25
18
22
-6
0
9
5
15
12
-5
4
14
1
6
20
-1
-1
35
38
29
39
37
42
61
73
69
40
25
50
59
30
22
32
17
6
13
21
42
57
45
34
43
37
27
35
24
6
5
7
5
-3
-24
-27
9
34
30
31
42
39
15
7
25
29
9
-2
4
6
11
12
4
-1
6
6
-2
7
17
4
-8
7
20
8
3
26
46
49
45
43
44
45
40
39
35
29
29
28
27
36
34
31
38
39
35
29
25
29
36
40
45
34
5
-4
4
7
5
3
1
6
12
5
10
35
42
23
8
5
8
8
-7
-7
1
-2
-5
-16
-13
13
20
-4
-9
2
-4
-21
-30
-21
-7
-5
-2
-7
-21
-23
-23
-25
-17
-9
-12
-19
-27
-16
11
7
-3
24
40
31
27
16
12
26
10
0
21
23
-5
-28
-28
-11
4
-4
-7
7
15
7
-4
8
27
28
28
33
30
28
36
39
23
6
9
8
-12
2
43
45
12
-6
7
25
27
24
32
34
32
43
54
55
46
26
4
-6
-11
-25
-35
-23
-5
-4
-2
12
18
4
7
24
9
-7
4
11
13
31
34
24
30
39
36
37
40
25
13
21
19
1
-2
3
-4
-10
-4
4
-1
-11
-10
-3
7
11
3
-2
-10
-34
-50
-31
-14
-17
-14
-1
12
22
22
16
22
47
65
53
19
5
4
1
20
21
-1
4
32
32
11
14
32
28
13
21
31
29
30
30
32
34
25
27
28
6
-12
-16
-26
-33
-22
-22
-39
-32
-30
-55
-64
-60
-73
-69
-37
-31
-52
-60
-58
-61
-64
-73
-87
-68
-31
-29
-32
-12
-8
-27
-35
-45
-76
-83
-63
-63
-56
-29
-24
-27
-16
-18
-18
7
14
-15
-33
-31
-37
-33
-22
-25
-34
-37
-30
-20
-16
-24
-25
-8
-13
-40
-40
-24
-44
-67
-51
-52
-67
-58
-46
-33
6
21
27
89
160
197
256
315
314
307
328
331
274
206
188
164
99
60
52
32
25
28
6
-5
-8
-30
-39
-29
-39
-60
-57
-54
-64
-71
-73
-86
-94
-80
-76
-88
-91
-84
-74
-67
-59
-54
-61
-64
-61
-71
-75
-59
-55
-66
-70
-61
-43
-37
-50
-50
-48
-65
-68
-56
-54
-60
-61
-47
-39
-50
-65
-63
-53
-56
-67
-67
-57
-64
-70
-46
-21
-28
-43
-33
-37
-55
-54
-50
-48
-46
-54
-55
-35
-23
-31
-30
-23
-23
-24
-21
-13
-19
-26
-36
-57
-49
-26
-20
-31
-53
-51
-10
14
0
3
9
-3
2
0
-22
-21
-5
-8
-27
-27
-19
-16
-5
4
-6
-31
-37
-17
4
5
-6
1
12
7
3
-3
-26
-43
-35
-34
-44
-43
-36
-20
-2
-2
-3
8
17
25
35
30
24
31
25
1
-9
-2
-2
3
18
11
-14
-12
-2
-9
-10
-3
-4
-7
-3
10
31
40
27
13
0
3
24
35
32
22
4
10
37
38
26
31
31
20
14
20
29
33
40
32
6
7
27
15
-5
3
9
6
5
-7
-30
-37
-19
-5
-5
-1
5
6
-2
-13
-27
-34
-21
-15
-34
-41
-23
-28
-42
-22
2
3
-2
-1
1
-1
-6
-13
-15
-6
-11
-29
-25
-17
-21
-4
21
11
-1
9
15
17
28
27
1
-9
4
6
-4
3
7
-4
-6
3
-11
-39
-24
21
39
28
24
36
25
3
4
10
9
27
34
15
18
33
33
34
37
33
29
24
11
10
13
15
39
58
45
40
47
26
15
36
32
3
-4
15
35
24
4
7
10
-6
-14
-14
-25
-29
-16
-16
-30
-26
-6
-5
-12
-3
0
-8
-6
-12
-39
-42
8
40
13
5
32
16
-21
-9
17
-4
-23
-15
-12
-11
-6
-20
-35
-27
-25
-25
-7
3
3
4
3
9
30
39
25
21
42
55
53
59
59
33
21
36
29
19
49
84
84
68
67
67
52
33
21
13
3
-8
-2
18
25
35
32
-3
9
62
45
3
8
23
20
24
23
13
-1
-23
-31
-18
-13
-20
-33
-38
-22
9
27
18
0
-5
10
13
3
1
-18
-37
-25
4
23
19
0
-21
-27
-16
2
5
-12
-6
14
13
-4
-7
-1
-4
-17
-23
-19
-22
-27
-10
3
4
20
31
7
-10
-3
-4
-34
-47
-21
-5
-22
-38
-21
-10
-19
-22
-22
-18
-2
10
-7
-7
18
15
-6
-26
-28
-13
1
1
-2
8
19
32
29
5
-5
-2
-14
-34
-37
-29
-14
0
3
14
25
28
21
-3
-8
20
35
26
29
42
35
11
-14
0
40
37
2
15
64
71
40
15
18
31
17
-5
-3
-4
-3
19
20
-2
-3
-6
-28
-43
-25
-1
-3
-21
-31
-29
-23
-38
-58
-45
-30
-37
-29
-11
-12
-3
19
34
41
37
34
30
11
-9
-10
-11
-26
-27
-5
6
-2
1
8
-15
-44
-43
-31
-21
-4
-2
-3
27
42
12
-5
-5
-23
-45
-48
-26
2
1
-7
1
-1
7
14
-19
-22
26
41
25
27
28
22
13
-3
-4
21
44
27
-8
-3
3
-35
-55
-28
-17
-32
-31
11
75
126
185
258
285
289
324
333
304
307
290
226
196
192
161
125
108
85
59
49
43
22
16
38
31
3
9
38
50
40
17
-14
-24
-13
-22
-40
-34
-21
-36
-57
-64
-74
-82
-72
-65
-83
-90
-72
-49
-41
-51
-47
-29
-28
-37
-36
-42
-72
-91
-70
-37
-29
-32
-41
-48
-39
-28
-30
-35
-37
-35
-16
2
-2
-30
-37
-15
-19
-37
-42
-56
-69
-61
-63
-63
-45
-46
-56
-51
-54
-50
-32
-36
-49
-28
-12
-43
-63
-44
-45
-63
-52
-33
-44
-58
-49
-32
-28
-24
-21
-46
-49
-4
15
-24
-46
-13
17
25
19
11
9
-5
-30
-36
-19
-15
-11
2
0
3
3
8
33
32
0
-8
3
0
10
34
39
35
28
17
7
3
3
-19
-42
-22
-4
-17
-12
6
-9
-38
-39
-13
7
4
3
1
-5
4
1
-26
-33
-34
-50
-60
-62
-57
-33
-21
-38
-50
-37
-18
-20
-21
-5
1
-2
-7
-2
19
32
28
24
21
8
1
-9
-24
-30
-21
-11
-7
2
-1
-10
-7
-18
-31
-26
-40
-71
-64
-45
-55
-65
-57
-40
-32
-49
-69
-69
-65
-55
-29
-9
-9
-18
-28
-32
-29
-21
-15
-17
-35
-60
-66
-54
-46
-47
-27
-9
-21
-22
-5
-9
-37
-41
-18
-18
-33
-39
-33
-18
-8
-5
11
33
33
29
29
23
12
-4
-4
3
-4
7
32
20
-4
-1
11
25
37
27
36
59
45
42
64
47
22
35
39
20
14
-6
-35
-30
-40
-77
-49
26
47
18
3
6
16
17
1
-11
-15
-7
3
6
7
-9
-37
-42
-22
-1
0
-4
16
26
4
11
30
15
1
7
0
17
52
45
35
54
56
38
25
16
7
1
5
18
17
19
39
29
12
39
55
30
21
33
27
35
59
61
58
46
39
66
86
60
50
77
63
28
32
59
77
74
69
65
48
32
37
44
30
22
28
32
31
30
30
29
29
32
38
34
13
0
4
0
9
46
59
33
29
62
65
30
33
60
45
25
46
68
66
63
65
59
45
47
61
56
47
55
66
57
38
37
29
-7
-18
14
22
1
12
32
33
36
35
11
-5
4
6
-2
7
3
-7
21
36
8
-11
-10
-19
-9
29
41
22
23
34
28
33
66
85
75
69
61
44
27
30
40
28
9
11
27
36
35
21
8
16
23
23
28
18
-2
-3
4
3
-8
-7
8
5
-1
10
11
-8
-1
20
16
14
22
15
-11
-17
4
14
2
1
13
16
19
33
39
41
45
47
47
55
58
52
39
27
11
-2
2
16
28
24
12
1
-2
8
15
5
-1
0
-2
4
1
-25
-20
23
44
38
29
21
16
17
3
6
25
20
1
-4
4
18
19
7
12
24
18
16
18
-2
-31
-21
24
34
11
1
5
-3
-17
-14
-5
-11
-20
-15
-6
-3
-15
-17
14
35
27
28
33
25
16
12
2
-12
-22
-21
-8
-3
-15
-13
2
-6
-26
-31
-35
-43
-37
-28
-27
-21
-3
8
8
2
-4
2
8
-12
-38
-28
-8
-11
-17
7
27
12
22
52
37
10
26
28
4
4
10
9
10
5
0
8
13
5
-1
-7
-2
11
13
-3
-3
13
8
-16
-24
-8
-1
-15
-13
14
26
11
3
3
-16
-26
-14
-19
-40
-31
-14
-14
12
35
14
-5
4
-3
-18
-11
-3
12
33
25
30
75
115
148
216
274
307
349
368
355
344
353
357
321
277
247
183
121
116
99
53
49
46
18
4
-9
-19
-4
10
0
-27
-49
-39
-16
-26
-65
-88
-97
-99
-77
-62
-72
-66
-52
-72
-93
-84
-77
-74
-53
-37
-48
-61
-59
-63
-72
-66
-40
-23
-32
-43
-41
-57
-79
-71
-62
-81
-102
-90
-70
-78
-83
-60
-49
-56
-62
-60
-42
-23
-42
-66
-74
-77
-68
-80
-95
-59
-5
3
-10
-10
-10
-25
-63
-89
-76
-53
-46
-47
-37
-21
-6
5
0
-22
-28
-19
-26
-33
-33
-48
-42
-4
10
1
5
9
-1
-6
-18
-41
-30
0
-3
-29
-23
-5
2
15
23
4
-21
-27
-22
-30
-42
-30
1
8
2
7
15
16
-2
-34
-37
-7
21
29
16
4
12
29
48
51
35
19
16
15
10
10
16
13
-5
-11
8
9
-21
-29
-1
6
-3
-1
0
0
4
-11
-34
-13
12
10
20
29
2
-10
0
-17
-30
-18
-9
-2
1
-9
-5
28
41
12
-10
-3
2
-2
-2
-1
4
-13
-36
-11
7
-21
-31
-20
-31
-25
-7
-10
-5
5
-2
-6
-4
-3
-5
-6
13
41
38
14
6
3
-6
7
27
7
-14
19
34
11
25
45
28
24
39
31
24
35
23
0
1
9
5
2
4
14
26
13
-6
-1
4
-4
-5
2
-2
-3
3
-3
4
21
19
7
9
8
-4
-2
20
37
34
29
30
23
23
32
35
45
67
63
34
24
35
32
16
17
29
32
36
42
32
36
61
68
59
55
50
52
59
53
58
67
42
32
65
65
24
16
36
29
9
13
26
18
0
-1
-2
-1
3
-13
-34
-23
-5
-19
-33
-9
9
0
-10
-20
-26
-9
6
2
0
2
6
27
42
26
3
-2
2
11
28
37
33
39
46
32
32
47
30
13
19
17
9
12
21
47
61
42
31
40
31
25
32
19
-4
-9
-16
-35
-29
-16
-13
15
40
29
26
31
15
11
25
20
5
-3
-5
5
25
31
23
16
24
35
33
28
24
17
18
27
31
31
27
17
2
-14
-9
-8
-29
-24
8
8
-10
-4
11
17
12
17
28
22
21
32
28
15
3
-4
12
33
25
8
7
11
10
20
30
10
-12
-5
3
3
2
-7
-19
-24
-34
-35
-25
-17
-9
1
2
0
0
3
7
7
1
1
22
40
24
13
18
17
13
16
5
6
24
17
5
23
34
32
48
63
54
40
30
29
26
0
-21
-9
-1
-2
7
13
15
23
32
29
30
46
64
65
48
34
26
31
47
46
32
29
30
33
39
25
14
53
95
117
150
192
227
247
247
245
262
282
269
218
170
157
149
115
100
104
80
51
61
63
31
18
23
7
-4
3
-9
-22
-6
-7
-33
-35
-24
-21
-21
-37
-51
-32
-24
-51
-61
-41
-23
-27
-46
-57
-62
-63
-63
-69
-77
-71
-63
-74
-74
-44
-18
-20
-37
-40
-38
-53
-64
-50
-35
-27
-21
-26
-33
-28
-28
-35
-32
-33
-44
-40
-26
-37
-43
-20
-19
-34
-10
17
7
-2
4
-11
-27
-24
-27
-40
-33
-9
-2
-4
-7
-17
-28
-28
-23
-13
-13
-27
-20
0
1
0
0
-12
-11
-6
-17
-9
2
-8
3
26
13
-12
-23
-28
-20
-8
-21
-45
-44
-30
-26
-22
-6
6
-2
-22
-32
-23
-15
-19
-13
-3
-1
7
10
7
3
-12
-20
-3
3
-6
0
5
-5
-8
1
6
-4
-9
-5
-6
-3
11
31
38
26
16
21
10
-15
-11
-6
-29
-40
-30
-27
-25
-20
-25
-16
5
-6
-19
-9
-4
-7
6
4
-7
6
9
-23
-32
-8
3
1
-3
3
18
12
-21
-32
-8
1
0
5
5
3
5
-2
-10
-8
-15
-25
-17
-9
-4
17
38
36
27
27
26
10
2
-2
-8
0
14
8
-3
1
5
5
-1
-3
9
11
5
20
37
34
28
33
31
23
29
29
19
22
15
-6
12
41
20
-9
-6
0
2
-1
5
21
17
4
-6
-25
-36
-31
-32
-25
-7
-5
-5
1
13
31
34
26
23
15
-4
-23
-40
-34
-11
-16
-30
-18
-2
1
3
-10
-19
-9
-13
-18
-8
-14
-31
-33
-31
-36
-29
-26
-36
-36
-14
0
-8
-5
8
-2
-31
-30
2
0
-35
-29
1
0
0
25
42
40
40
36
16
-15
-27
-11
9
10
2
12
43
62
63
65
57
48
50
44
33
44
56
52
44
41
49
63
64
49
30
29
33
28
17
17
22
17
19
27
21
21
31
32
36
44
41
42
48
30
13
20
21
19
16
7
10
12
7
-4
-11
-3
14
12
-8
-13
-8
0
5
-1
9
25
10
-9
-5
4
0
-8
8
33
27
7
31
62
48
27
37
39
26
29
26
5
-1
12
28
35
26
25
35
28
16
20
23
14
-2
-3
11
13
9
19
33
37
32
29
30
26
27
35
41
37
36
40
45
48
40
30
30
32
23
7
-5
-3
13
15
5
-8
-28
-39
-32
-22
-25
-40
-56
-47
-35
-40
-40
-34
-36
-42
-32
-9
4
10
11
3
2
6
1
-6
-3
3
6
-2
11
56
72
44
28
28
8
-19
-34
-38
-17
20
35
34
49
66
56
28
10
-4
-21
-39
-46
-47
-56
-58
-25
17
19
2
7
7
-7
-10
-14
-20
9
53
60
44
29
10
3
7
2
-2
6
13
7
0
0
-3
-24
-38
-10
17
9
7
13
3
-3
7
5
-4
-1
0
-3
-3
-3
0
3
-11
-34
-37
-22
-1
12
11
8
11
11
20
19
3
5
19
10
-3
0
1
3
10
17
30
33
28
34
27
3
10
32
28
27
38
30
13
5
-5
-7
8
18
23
19
16
33
43
34
31
32
27
29
24
6
6
5
-1
7
10
2
9
27
26
10
-5
-8
1
14
15
13
23
26
19
28
34
31
30
25
7
-6
-16
-16
-7
-15
-5
32
49
45
46
36
23
25
15
-8
-3
2
-1
12
20
15
19
15
0
5
8
5
13
9
-2
-8
-8
11
33
35
28
35
34
25
22
33
39
30
32
31
17
10
13
0
-16
-10
-6
-11
-5
3
1
14
37
38
29
33
38
29
4
-3
15
14
9
18
8
-11
7
34
37
45
59
54
46
56
70
60
39
29
15
-10
-14
-2
0
10
33
34
23
33
48
38
30
46
44
9
1
27
32
25
31
31
19
16
10
-2
1
10
14
13
13
21
31
28
23
29
24
14
25
31
24
34
54
57
50
38
20
20
22
14
12
8
-10
-22
-9
17
32
28
19
10
2
-2
-6
-3
7
9
-2
-20
-31
-16
-1
-4
-2
-3
1
21
18
-6
-3
11
2
-8
4
25
36
23
7
5
3
-2
-7
-1
1
-18
-29
-18
-3
3
6
2
4
0
-22
-38
-41
-41
-35
-26
-28
-34
-32
-34
-32
-17
-5
6
24
32
65
151
218
247
289
327
328
334
361
362
317
276
245
201
161
119
72
51
42
1
-39
-31
-1
-1
-30
-41
-38
-55
-73
-62
-50
-58
-62
-56
-61
-63
-45
-26
-27
-29
-26
-38
-65
-76
-76
-79
-78
-62
-49
-48
-43
-34
-44
-64
-70
-67
-76
-89
-97
-96
-91
-94
-93
-78
-80
-100
-99
-85
-87
-90
-85
-88
-92
-86
-73
-56
-65
-99
-107
-91
-94
-96
-87
-89
-83
-58
-50
-56
-66
-67
-62
-87
-112
-85
-53
-49
-40
-25
-34
-53
-48
-37
-49
-70
-54
-33
-40
-50
-48
-27
-5
5
2
-13
-32
-34
-17
-10
-17
-20
-23
-20
-17
-20
-22
-9
4
-9
-31
-22
0
5
-2
-12
-14
-3
0
-1
3
-12
-32
-34
-25
-15
-17
-33
-36
-14
-3
-5
3
8
2
-1
1
4
9
7
-7
-9
-1
5
7
4
10
19
11
0
3
-3
-15
-12
9
23
21
6
5
11
7
5
12
0
-9
21
46
36
29
27
25
34
39
20
1
0
5
4
-4
-2
-3
-4
15
23
8
5
12
10
8
2
-6
1
5
-5
-5
-2
-4
-8
-18
-31
-24
-4
-1
-3
3
-2
-8
9
19
2
-6
3
-5
-21
-24
-17
4
16
5
1
9
3
-4
6
4
-4
1
1
1
8
10
-1
-11
-14
-12
-5
4
2
1
11
21
23
19
21
29
33
24
30
46
44
39
42
50
50
35
24
30
34
31
27
9
-5
13
38
49
48
39
43
61
58
42
39
31
17
22
20
2
4
27
34
17
16
23
15
4
3
6
9
4
-20
-36
-27
-24
-33
-35
-29
-35
-24
-5
-5
5
28
21
0
7
11
-3
-6
3
4
-1
-1
7
-5
-10
18
38
26
14
12
3
6
19
19
21
21
-13
-20
26
32
5
15
19
-7
-3
28
33
7
-1
23
21
-7
-5
6
-7
-16
-15
-32
-38
-17
-1
1
-5
-22
-32
-32
-33
-32
-29
-27
-30
-34
-33
-28
-17
-11
-17
-15
-4
-5
-6
-1
-1
10
27
27
29
42
48
33
10
-4
-7
0
-7
-27
-10
26
21
-4
0
9
0
0
22
33
24
27
23
0
10
27
2
-13
1
-9
-23
-7
5
-1
-11
-9
20
35
21
16
19
0
-8
8
15
20
23
20
20
16
4
-5
0
4
2
-1
8
21
19
9
4
6
6
2
2
3
2
10
29
37
32
28
24
26
34
36
37
23
-1
11
36
16
-8
8
29
36
26
13
17
20
9
8
11
-18
-43
-14
19
11
-6
2
1
-9
-10
-23
-43
-17
34
32
1
3
4
-5
4
5
-3
-7
-23
-37
-27
-21
-32
-27
-6
7
5
4
4
0
-14
-32
-31
-9
0
-2
7
16
20
19
1
-8
3
0
-10
1
3
3
17
28
42
60
61
77
125
162
208
279
303
297
321
318
273
265
272
211
123
91
81
50
21
11
-1
-13
-8
-9
-21
-23
-13
-16
-37
-52
-51
-45
-47
-52
-60
-65
-52
-33
-29
-32
-28
-32
-33
-22
-21
-30
-42
-61
-70
-49
-35
-54
-70
-64
-56
-61
-68
-61
-52
-62
-86
-97
-87
-68
-62
-68
-66
-51
-39
-30
-30
-35
-32
-43
-49
-35
-22
-19
-19
-17
-11
2
-8
-17
-5
-16
-30
-16
-9
-31
-41
-31
-30
-27
-19
-19
-30
-35
-32
-31
-17
-6
-23
-31
-27
-36
-38
-26
-30
-44
-39
-30
-33
-36
-22
-15
-27
-26
-8
14
26
18
2
-2
-4
-4
-2
-6
1
26
26
4
7
33
35
26
30
20
8
20
25
7
-4
-3
6
15
7
-7
-15
-16
-22
-30
-32
-30
-34
-37
-24
-4
14
15
5
6
6
-6
-9
-6
-7
-2
0
-5
-3
7
10
-5
-16
-9
-2
1
21
23
1
9
37
36
26
32
31
26
28
36
31
8
0
4
-1
-6
6
0
-19
-1
2
-27
-4
51
54
29
29
30
17
-1
-7
14
25
26
33
36
28
38
61
58
26
2
-3
-12
-14
-6
-9
-24
-18
20
51
41
17
18
28
29
21
7
4
11
25
47
47
23
23
34
28
28
34
27
22
46
69
59
35
35
33
6
-2
8
7
26
59
47
29
53
62
56
75
84
67
67
64
42
44
46
26
19
18
-1
-8
7
3
-2
18
38
30
20
31
37
23
9
8
8
1
2
18
30
34
37
34
27
27
22
14
10
0
-10
-5
14
19
21
28
25
17
22
17
-12
-18
1
3
3
9
9
0
-4
-1
3
0
-10
3
11
-17
-30
-16
-11
-10
-1
1
-1
2
10
28
35
33
35
37
35
35
36
34
30
25
28
28
26
19
8
6
-8
-17
14
40
23
8
25
37
35
31
32
28
16
22
44
59
76
96
94
90
82
40
26
62
85
87
83
62
57
68
43
23
32
16
-12
2
22
13
3
10
15
8
3
6
2
0
14
24
19
15
18
22
23
19
9
-1
-4
-3
6
-6
-16
-28
-28
0
21
20
5
8
-6
10
24
20
33
31
57
79
71
62
62
48
32
40
24
32
30
13
20
0
-39
-3
50
21
-19
-8
-7
-19
-7
-3
-18
-22
-13
-24
-33
-15
7
12
8
2
2
2
5
5
-3
-4
3
-8
-47
-60
-52
-54
-46
-26
-29
-34
-13
-1
-5
0
4
-9
-29
-27
7
35
23
7
16
29
35
41
35
8
-12
-11
1
-1
-7
15
48
35
0
-3
4
-2
-11
-9
-4
-1
7
8
-1
-3
6
0
-16
-20
3
-46
-59
-30
-10
-32
-31
-24
-23
7
7
13
23
21
5
-1
12
14
-7
-17
-16
-21
-27
-10
6
16
14
6
-3
15
24
16
21
32
13
-9
-10
-22
-30
-34
-34
-23
-12
-21
-5
15
8
-7
8
3
-9
4
11
-9
-10
18
18
12
9
7
75
11
-105
-9
97
45
3
56
18
7
8
2
5
0
5
5
4
4
-4
-5
2
-3
-6
3
7
0
-7
-18
-28
-17
2
0
-20
-26
-13
0
-3
-15
-4
21
24
11
15
27
26
22
25
28
26
30
34
30
28
19
-18
-36
9
82
153
223
275
296
312
330
315
282
281
281
252
215
173
124
89
55
31
22
-4
-27
-33
-39
-40
-28
-31
-44
-45
-46
-46
-31
-20
-38
-48
-41
-48
-72
-74
-70
-85
-82
-64
-65
-56
-28
-18
-20
-12
-23
-44
-38
-17
-11
-4
12
0
-26
-32
-42
-62
-63
-62
-67
-63
-61
-69
-66
-44
-22
-27
-35
-14
4
4
-2
-17
-15
4
-10
-40
-35
-23
-36
-35
-18
-13
-8
-4
-15
-25
-13
2
1
-2
-2
0
-9
-13
-8
-20
-41
-42
-29
-25
-30
-17
-6
-20
-37
-36
-34
-29
-27
-27
-14
-8
-26
-33
-17
-1
1
-2
0
-10
-28
-22
-14
-29
-35
-20
-21
-35
-33
-29
-31
-33
-39
-46
-31
-17
-39
-60
-50
-37
-36
-42
-39
-19
-1
1
-8
-20
-34
-29
-11
-6
1
20
19
-8
-15
-12
-21
-17
6
14
5
5
21
30
28
27
37
36
13
-4
2
8
-2
0
22
33
24
22
29
37
39
20
-7
-7
0
-7
5
28
18
1
0
-10
-25
-17
-2
-7
-14
-5
6
-5
-4
17
17
9
21
35
32
29
31
35
31
11
-5
-1
19
32
25
14
9
8
7
6
4
6
4
4
17
30
28
18
18
15
16
31
43
44
42
31
20
35
49
34
21
27
30
13
-4
-5
7
9
1
-3
0
5
8
1
-5
12
31
30
29
37
36
29
30
36
38
34
36
28
11
-10
-30
-32
-16
-10
-6
17
31
27
31
32
15
10
29
33
20
23
35
21
3
6
4
-3
9
20
7
-10
-16
-10
-1
-8
-10
10
30
33
38
47
43
34
23
17
26
23
15
25
36
33
25
7
-6
0
1
-8
-5
1
3
-1
1
5
2
-1
-2
-9
-16
-18
-17
-15
-19
-31
-26
-12
-13
-11
2
4
1
6
10
20
30
38
55
62
57
58
56
50
48
38
30
34
45
53
40
26
43
55
38
33
40
36
31
31
32
40
37
2
-22
-17
-14
-13
-3
8
22
33
23
10
7
2
0
-1
-7
-12
11
39
33
39
75
87
59
33
11
2
9
9
12
27
29
26
33
25
-1
-13
-7
-1
0
6
6
-3
-1
8
4
-2
0
-2
-3
10
18
16
30
43
33
40
60
47
36
45
38
25
17
0
-10
6
12
10
24
27
5
-10
-9
-14
-13
-10
-21
-30
-26
-7
8
3
-1
12
12
-2
3
14
11
2
-3
-2
-6
-7
20
43
29
15
15
5
-5
-7
-11
-5
0
-2
22
36
11
0
13
7
-8
0
7
2
0
-2
-8
-12
-17
-37
-38
-15
-13
-31
-43
-43
-36
-26
-30
-50
-62
-61
-45
-30
-31
-32
-27
-24
-29
-29
-21
-8
-1
-12
-17
-17
-24
-28
-38
-57
-54
-46
-56
-50
-30
-32
-34
-28
-30
-32
-21
-13
-30
-46
-26
-3
-5
-4
-1
2
17
34
32
14
-7
-7
3
-8
-13
-11
-26
-43
-36
-18
-17
-31
-38
-23
-6
-1
5
7
0
-4
5
7
0
14
23
13
12
13
5
4
5
0
-10
-17
-5
6
-3
-5
6
19
32
35
30
30
41
52
45
23
8
-2
-3
18
29
18
23
36
26
19
28
38
46
43
37
55
68
56
75
131
164
176
212
264
292
307
314
312
302
287
271
261
221
152
119
101
64
40
25
6
1
-1
-4
-3
-19
-36
-38
-49
-70
-72
-60
-54
-53
-47
-44
-56
-66
-56
-45
-51
-65
-68
-78
-92
-97
-94
-87
-61
-33
-38
-53
-42
-22
-30
-46
-41
-29
-38
-56
-55
-48
-44
-28
-30
-56
-53
-23
-18
-46
-55
-37
-47
-76
-66
-50
-57
-53
-52
-61
-40
-12
-6
-5
-9
-10
-8
-14
-8
-11
-37
-32
-5
-7
-12
-8
-8
-11
-27
-39
-26
-26
-39
-18
5
-2
-6
9
16
9
9
3
-20
-49
-61
-41
-28
-50
-53
-28
-21
-35
-38
-36
-31
-28
-30
-27
-27
-31
-27
-26
-30
-27
-36
-41
-15
-4
-15
-5
7
-6
0
13
5
9
29
26
9
12
14
0
1
18
33
28
9
-5
-7
4
22
28
27
30
24
16
26
36
31
32
35
20
8
26
36
17
13
20
8
-1
4
12
26
37
26
-1
-14
-11
-15
-17
-3
-4
-5
21
23
-7
-9
5
5
-5
-7
3
4
6
20
18
8
17
23
8
-2
0
4
3
-4
14
34
24
21
27
15
-4
-4
-3
-10
-14
-16
-8
-1
-1
2
0
-4
-4
0
-4
0
9
-1
-6
19
33
9
-4
8
11
15
29
38
35
29
39
62
55
33
50
54
22
28
40
18
25
53
35
13
26
34
25
29
36
31
25
37
40
29
25
30
34
24
-4
-5
30
44
29
27
34
33
29
17
6
15
23
22
29
37
26
7
6
8
-3
-1
6
-1
0
-1
-24
-28
-7
-13
-36
-22
4
1
-8
-6
3
20
33
26
28
38
39
31
8
3
21
13
4
25
32
20
19
11
0
18
31
19
16
32
36
22
15
18
11
0
7
28
34
30
29
28
29
25
14
13
15
14
26
38
20
13
24
9
-3
13
32
34
33
31
25
12
0
-7
-7
16
38
29
5
3
18
22
22
22
12
-2
3
10
8
15
16
14
30
44
37
33
33
12
-13
-7
24
37
25
23
40
43
31
32
30
15
20
37
32
26
31
34
36
35
16
1
1
-12
-19
5
19
4
2
-4
-31
-28
12
21
-11
-21
-1
1
-5
1
-9
-27
-22
-16
-33
-40
-11
11
4
2
10
0
-21
-23
-20
-23
-22
-20
-13
-14
-19
-12
9
25
32
42
44
30
27
46
55
36
7
6
24
15
2
11
11
4
12
16
12
17
22
30
34
13
-11
-11
0
-8
-18
-8
4
20
37
27
15
33
40
27
33
39
28
24
36
39
25
15
16
12
3
-3
-5
0
6
0
-8
-5
-10
-17
-9
3
0
-2
16
31
32
35
39
30
22
21
11
-5
2
13
5
13
39
39
26
30
32
17
6
-1
-3
-3
-14
-26
-32
-34
-30
-21
-24
-30
-24
-20
-22
-26
-26
-7
11
5
-3
-7
-15
-18
-11
-2
-2
-1
1
-4
-2
6
19
27
20
0
-3
0
-7
2
26
38
22
4
7
14
8
-1
-1
1
-2
0
4
18
39
48
41
43
50
41
35
36
27
21
29
36
27
22
32
27
3
-3
20
28
12
2
4
8
-4
-27
-39
-26
-9
-15
-17
2
2
-9
13
33
23
38
61
72
116
174
194
214
247
247
226
205
195
184
143
91
75
86
74
53
57
52
30
25
22
-2
-4
10
5
2
3
-5
-10
-8
-13
-35
-57
-49
-31
-25
-32
-61
-82
-67
-57
-63
-47
-34
-48
-47
-31
-30
-36
-25
-16
-34
-31
-11
-14
-13
-4
-20
-38
-33
-30
-31
-27
-32
-36
-27
-23
-31
-37
-34
-31
-36
-35
-7
6
-23
-28
-9
-17
-24
-21
-33
-36
-33
-30
-8
6
2
-2
-24
-41
-32
-34
-37
-13
1
-6
5
17
5
3
6
-18
-39
-41
-30
-16
-16
-26
-12
-8
-35
-43
-40
-49
-44
-29
-22
-12
2
9
3
-15
-21
-13
-29
-55
-59
-59
-55
-45
-41
-22
9
11
4
16
14
-6
-7
1
-12
-30
-21
-17
-34
-36
-23
-31
-36
-16
-6
-5
11
30
35
31
29
30
21
4
-2
2
6
12
18
17
21
23
15
9
7
4
4
7
5
3
-5
-13
-4
3
-3
-5
-3
-5
-2
-1
-4
-1
3
1
2
1
-1
5
-1
0
22
23
-4
-8
0
-4
11
25
6
-1
22
39
34
17
-4
-11
-6
-6
-14
-24
-32
-35
-25
-12
-21
-40
-22
3
1
13
27
12
-4
0
-1
-5
2
-4
-17
-21
-25
-35
-33
-24
-31
-37
-17
8
15
12
7
5
-5
-23
-27
-28
-34
-40
-38
-23
-2
9
13
11
-4
-8
7
7
5
-2
-23
-29
-29
-31
-18
5
8
1
6
15
20
20
25
22
21
24
15
-2
-8
-15
-5
20
18
6
7
1
0
11
11
-1
-2
3
-2
-10
-6
6
14
24
29
10
-10
-7
-1
-4
-1
-2
-9
0
1
-24
-38
-39
-39
-20
-1
1
4
4
-2
3
3
-5
3
10
4
11
29
37
33
33
21
16
21
20
16
10
11
26
34
22
18
16
-1
-8
-1
11
11
12
23
25
21
24
21
16
31
43
28
9
-4
-8
-9
-9
-7
-17
-22
-8
6
5
4
3
4
5
-4
-7
-3
-3
1
1
-10
8
46
52
48
56
47
25
12
0
-1
-6
-32
-33
-4
6
-7
-12
-7
-1
1
-1
-3
-2
16
31
24
22
19
12
10
6
-2
5
8
0
4
7
1
-6
-10
1
10
-7
-20
-12
-7
-13
-18
-15
-6
8
19
22
28
27
15
21
34
12
-6
18
30
15
5
7
10
18
27
27
34
29
10
13
32
33
20
20
24
23
28
28
9
5
32
32
7
15
33
27
24
28
29
29
34
34
20
13
21
14
3
21
28
5
-1
7
1
-7
2
23
24
8
14
30
22
2
-5
5
30
46
45
44
37
32
32
9
-4
17
37
41
41
23
9
22
31
29
26
28
44
50
34
28
25
6
5
24
29
24
25
28
30
29
25
29
33
26
24
22
11
0
0
-4
-1
12
11
-4
-5
2
-6
-17
-9
-2
-10
-13
-14
-15
-12
-11
-10
-4
-2
2
10
7
3
9
4
-8
7
25
8
-13
-7
12
24
32
30
25
33
40
39
27
3
4
52
77
45
24
30
15
-5
3
28
39
35
34
28
18
15
23
32
34
31
31
33
31
24
22
21
3
-6
10
18
10
4
-4
-7
13
34
31
24
39
63
63
70
106
140
175
231
268
278
297
313
294
273
283
278
218
153
122
108
86
61
45
34
17
-2
-19
-30
-28
-31
-58
-58
-43
-62
-82
-76
-86
-99
-78
-73
-90
-80
-73
-92
-95
-92
-105
-103
-89
-78
-56
-52
-64
-49
-38
-63
-73
-46
-19
-19
-30
-29
-25
-33
-34
-28
-29
-31
-40
-61
-72
-55
-46
-55
-48
-40
-52
-53
-34
-28
-32
-28
-30
-17
0
-18
-45
-39
-27
-34
-28
-16
-21
-22
-12
-8
-14
-6
-3
-24
-37
-32
-32
-28
-13
-16
-23
-11
0
3
6
-6
-26
-33
-33
-35
-33
-28
-28
-25
-12
-16
-27
-17
3
-5
-32
-40
-25
-20
-22
-16
-6
-1
-9
-25
-34
-31
-33
-38
-38
-33
-20
-18
-27
-24
-21
-28
-34
-32
-33
-33
-17
-4
-10
-18
-23
-32
-22
-2
-20
-39
-26
-23
-29
-26
-19
-17
-20
-26
-21
-8
3
9
-10
-30
-20
-11
-13
-4
11
23
29
16
2
-1
-9
2
28
38
34
30
41
62
62
42
39
31
9
-1
0
7
12
5
-5
-6
-2
5
0
-26
-34
-18
-34
-64
-50
-28
-36
-32
-19
-28
-39
-36
-36
-34
-30
-34
-36
-28
-28
-28
-24
-43
-55
-36
-28
-26
2
14
1
-1
-9
-15
-8
-9
-13
2
27
24
5
-2
0
-3
-1
11
7
0
-1
7
12
3
-1
2
9
23
32
23
25
27
1
-14
-3
-3
-9
-3
-1
-1
1
1
-5
-26
-29
8
30
29
32
14
-16
-6
12
9
19
36
36
31
30
30
23
19
22
32
26
18
42
64
43
24
33
33
28
24
6
3
26
30
12
6
3
-4
0
10
15
22
32
30
25
34
35
32
43
51
38
29
35
35
26
24
31
37
34
26
7
-9
5
26
33
25
8
-6
-3
14
21
24
26
17
1
-1
-4
-12
-16
-26
-24
-6
4
3
1
12
31
28
2
-15
-24
-21
-4
2
-7
-8
-2
-3
-19
-35
-29
-11
-1
-7
-3
17
9
-6
17
35
12
-2
-1
-21
-37
-34
-44
-54
-40
-18
-3
10
13
11
2
-20
-24
-7
-4
-10
0
9
0
-6
-1
5
3
5
12
12
18
25
26
27
27
22
13
16
17
5
-3
4
13
20
26
29
26
15
13
17
0
-11
11
28
23
20
16
4
0
7
-2
-6
22
31
9
2
12
-6
-29
-20
4
8
3
12
14
2
-6
-3
9
13
10
13
5
-2
12
14
-5
-8
-2
0
-2
1
16
28
34
46
54
46
37
21
3
-4
0
12
13
-2
-5
0
0
12
26
11
-5
1
10
4
-5
4
9
1
10
36
30
4
-5
2
6
3
1
-1
8
29
27
3
-5
6
4
-5
7
21
14
2
11
24
27
32
33
28
22
11
-3
4
21
18
12
21
31
33
28
29
35
25
15
25
21
7
-3
-2
16
32
41
53
67
73
75
80
78
67
54
55
63
59
60
51
35
32
42
37
27
44
60
60
54
43
33
27
25
26
19
-4
-10
16
36
35
32
32
24
6
-16
-32
-36
-41
-38
-18
4
13
30
61
60
35
28
18
-3
-6
-4
-10
-3
3
-2
7
15
9
16
30
28
19
12
5
12
33
36
30
26
16
11
13
24
38
43
36
29
31
35
26
4
4
21
26
22
14
-1
-6
0
2
-1
3
10
12
11
11
10
9
19
32
29
22
27
36
33
30
28
27
27
29
33
28
27
34
44
47
52
51
36
28
44
64
54
36
40
41
30
27
37
35
26
28
34
38
19
3
12
18
10
18
33
21
6
6
19
35
35
48
70
66
51
55
68
54
33
45
59
55
49
31
7
1
6
13
19
4
-10
4
14
15
27
36
36
36
33
26
32
36
17
1
-4
6
34
36
7
-6
4
7
3
6
5
-5
-2
7
3
0
-6
-29
-35
-26
-25
-13
-2
1
14
18
-2
0
22
6
-31
-35
-27
-27
-34
-29
-14
-10
-15
3
13
-12
-18
-2
-1
-12
-20
-26
-35
-28
-12
-4
-12
-16
-8
2
8
1
-2
7
2
-20
-26
-12
0
2
-4
-1
0
-6
-9
-6
-8
-17
-19
-13
-1
12
16
10
4
1
-11
-20
-18
-18
-16
-14
-15
-17
-27
-49
-45
-10
2
-9
-14
-17
-25
-25
-10
-13
-24
4
31
11
-10
-5
-11
-12
-2
-6
-12
-8
4
12
10
13
12
1
-7
-5
1
8
5
-6
0
3
-4
5
29
37
23
15
26
34
34
28
11
-8
-13
1
21
23
16
28
35
22
25
28
7
-6
-3
-12
-26
-38
-53
-50
-23
-7
-15
-28
-31
-28
-27
-25
-12
5
19
22
13
11
21
30
31
20
7
9
20
28
20
2
-3
7
8
4
5
-2
-5
5
4
-7
-4
-10
-31
-30
-14
-11
-4
3
3
18
28
4
-9
17
25
7
8
14
5
-3
-2
-1
-1
1
8
9
2
12
34
27
4
-1
0
-6
-6
0
-5
-3
22
32
32
46
50
34
24
13
0
9
20
18
19
13
-8
-22
-15
-6
-6
-22
-33
-18
2
6
19
28
19
17
22
26
36
23
4
25
41
26
31
46
37
29
40
32
2
-1
19
21
-11
-41
-40
-31
-35
-29
-15
-21
-20
11
7
-31
-27
-2
-4
-17
-25
-33
-32
-27
-33
-35
-31
-28
-29
-33
-32
-30
-32
-39
-39
-20
-5
-1
15
35
37
35
31
10
-8
-3
2
0
-2
3
8
8
6
9
14
17
8
-6
5
31
27
14
25
30
4
-7
11
12
-2
-7
-4
9
26
30
24
5
-3
21
30
4
-9
-5
-6
-3
-1
-6
-8
-7
-2
2
-2
-1
-5
-3
14
24
25
16
7
9
10
-3
-3
4
-16
-20
-5
-7
1
32
34
13
22
35
24
18
21
16
6
-5
5
33
36
27
37
45
28
21
32
27
11
13
23
14
-1
-6
4
18
14
6
11
10
8
12
10
9
15
-5
-28
-14
0
-3
12
25
11
-3
-9
-24
-26
-11
-3
0
-1
4
19
29
24
7
12
29
25
20
35
31
5
1
2
-6
7
17
5
5
17
0
-26
-19
0
-1
-6
2
15
33
56
61
48
35
32
35
33
30
31
27
19
27
33
20
16
20
16
19
32
18
5
24
35
12
-9
-4
5
-1
-1
18
39
48
46
32
25
35
31
8
0
7
8
0
-1
9
1
-29
-40
-17
-1
-4
-5
1
1
2
17
17
-5
-10
3
2
31
96
137
173
226
262
278
289
276
241
219
217
204
167
139
135
124
91
58
30
13
7
-11
-35
-42
-30
-29
-38
-38
-40
-56
-54
-29
-35
-65
-64
-54
-59
-58
-46
-33
-27
-40
-70
-84
-75
-66
-55
-35
-24
-39
-43
-32
-49
-68
-58
-60
-66
-41
-36
-57
-39
-18
-26
-35
-39
-43
-45
-52
-44
-28
-40
-44
-40
-60
-57
-21
-18
-31
-19
2
1
-20
-21
-6
-17
-43
-48
-43
-36
-39
-49
-39
-25
-28
-32
-29
-22
-28
-50
-55
-29
-12
-10
-3
-2
-5
-10
-27
-30
-16
-27
-44
-20
3
-6
-7
2
2
-14
-26
-15
-5
-8
-7
6
15
11
0
-9
-19
-31
-31
-26
-20
1
9
3
2
1
-2
3
2
-12
-12
-4
-8
-8
-2
2
-6
-27
-35
-25
-16
8
31
25
20
19
3
-1
17
37
32
8
0
5
1
-13
-31
-24
4
20
32
24
2
5
12
-4
-8
9
26
28
19
19
33
42
52
56
44
46
59
44
19
28
49
50
47
50
58
60
59
53
34
25
45
63
59
61
66
64
61
60
66
56
44
57
45
-1
8
56
56
40
63
79
60
44
56
57
26
12
25
33
25
15
21
41
48
49
52
44
44
55
41
27
41
42
37
43
48
49
41
31
33
31
13
7
13
4
-30
-62
-41
-12
-29
-38
-7
-6
-35
-28
-8
-20
-39
-30
-13
-21
-28
-8
6
-2
6
19
-11
-51
-52
-42
-42
-43
-45
-40
-25
-17
-20
-29
-52
-64
-54
-66
-92
-80
-50
-59
-73
-51
-32
-31
-25
-10
-3
-18
-31
-25
-28
-35
-20
-15
-32
-32
-19
-5
20
42
40
29
28
34
37
24
16
4
-20
2
54
50
10
-10
-20
-34
-37
-41
-48
-47
-38
-48
-65
-51
-31
-22
-9
-14
-28
-29
-37
-27
4
10
-3
0
1
-3
13
27
15
-3
2
17
18
5
10
28
31
16
8
10
11
7
3
4
5
0
6
19
18
14
13
2
-11
-18
-28
-38
-39
-29
-19
-25
-29
-14
-9
-8
1
-5
-5
13
14
0
12
24
12
6
12
4
-4
7
14
4
0
6
1
-9
-5
-1
9
25
31
33
24
9
0
2
14
28
27
30
36
17
-3
2
6
3
2
-1
-2
-2
-1
2
-2
-12
-11
-6
1
17
29
27
30
39
30
17
21
28
23
20
25
28
26
11
-1
-3
-6
8
36
33
18
34
42
17
10
14
8
6
7
-1
-3
1
6
21
40
36
13
-4
-4
1
-5
-9
-12
-15
-3
8
2
-5
-5
1
9
11
11
12
6
18
47
39
14
23
40
27
9
20
35
34
36
37
17
-5
-7
-4
0
5
-5
-18
4
33
24
-3
-12
-10
-16
-2
31
28
1
-3
1
-5
-8
-14
-25
-27
-33
-31
-14
-1
3
6
2
-7
4
21
14
5
15
-1
-30
-18
3
-6
-18
-11
-14
-22
-8
4
0
-3
-1
1
11
14
1
-17
-24
-12
3
-6
-15
-6
0
2
-1
-17
-32
-23
-4
-2
4
14
12
13
30
41
34
30
37
35
23
18
19
10
-4
-5
-4
-20
-26
7
34
35
37
46
43
35
33
23
6
-1
-2
10
30
24
-3
-13
-15
-10
6
6
-2
-1
-4
0
21
42
49
50
43
29
29
30
11
39
111
131
136
194
243
260
282
298
301
299
293
282
256
241
238
205
158
130
108
85
68
47
31
23
11
-7
-3
-1
-39
-65
-43
-30
-44
-40
-36
-54
-61
-52
-66
-84
-83
-80
-73
-66
-85
-94
-72
-64
-74
-69
-53
-30
-23
-43
-47
-25
-26
-40
-30
-29
-52
-61
-54
-57
-61
-48
-43
-59
-68
-66
-69
-67
-58
-64
-69
-64
-58
-59
-66
-60
-55
-70
-63
-36
-50
-82
-67
-32
-23
-36
-41
-31
-30
-36
-25
-11
-17
-30
-30
-33
-51
-52
-36
-31
-32
-27
-29
-34
-18
3
0
-22
-30
-29
-36
-32
-13
11
26
19
-1
-2
5
-2
4
17
20
14
7
12
20
6
-5
20
42
27
-2
-24
-31
-37
-34
-13
-2
-7
-1
12
-7
-36
-28
3
-3
-24
-23
-21
-16
-11
-21
-19
-1
4
-4
-3
8
17
18
20
21
19
25
29
32
21
-11
-20
2
22
30
15
-8
-11
-10
-13
-10
-7
6
14
-1
-2
24
36
25
20
32
35
26
36
53
47
29
23
32
32
11
-4
3
-4
-14
-6
3
0
3
8
6
10
13
1
-6
-3
2
4
-3
-5
8
10
7
28
31
9
15
37
32
25
32
20
8
20
26
4
-1
15
13
3
8
21
22
-2
-22
-22
-20
-21
-4
8
4
8
19
11
-9
-17
-10
1
13
35
52
44
27
17
7
-8
-20
-30
-32
-21
-13
-7
-3
3
6
-12
-16
-1
-11
-26
-3
18
12
14
9
0
6
-7
-39
-36
-6
2
-8
-13
-21
-27
-25
-14
-6
1
16
16
-3
-7
-1
-13
-21
-3
7
-2
-12
-7
4
3
-3
-6
-19
-33
-31
-35
-37
-17
1
6
22
39
28
4
-9
-20
-28
-25
-23
-27
-26
-27
-35
-33
-27
-33
-53
-64
-50
-29
-25
-28
-28
-29
-27
-18
-9
-3
-3
-7
-5
-6
1
10
3
9
22
14
18
33
18
-5
-15
-18
-12
-21
-33
-25
-25
-24
-4
8
0
-7
3
17
17
11
20
35
32
22
25
25
21
20
10
6
14
-5
-21
-4
3
-5
-7
-6
20
36
24
22
16
-3
2
8
-4
-2
7
7
8
21
35
24
-1
-3
2
-2
-2
-2
-10
-5
7
1
0
13
14
14
27
29
7
-6
1
7
3
-3
13
31
20
14
23
14
10
37
42
18
6
8
13
9
1
4
5
-1
-3
2
2
12
28
33
39
60
69
53
34
30
26
16
18
27
27
33
43
31
22
26
17
10
20
27
30
38
33
23
38
48
32
28
37
33
22
6
-6
11
34
29
27
47
64
53
35
43
61
59
58
63
45
31
45
61
57
43
28
13
-1
-6
14
32
22
18
30
32
30
26
8
-1
3
1
-2
-12
-23
-13
1
-2
-1
7
16
29
38
33
31
31
25
21
17
10
-1
2
9
5
9
22
29
24
24
26
29
34
21
16
30
39
35
18
0
8
25
9
-4
4
-6
-30
-31
-14
2
12
10
6
4
-4
-7
-3
-1
15
45
47
33
26
10
2
10
11
13
27
33
33
36
36
28
28
34
24
12
20
29
25
33
45
42
35
32
23
7
-11
-7
17
32
22
-3
-19
-29
-34
-26
-7
2
6
23
31
41
81
110
121
173
244
257
243
264
268
229
218
226
188
136
114
88
49
36
34
13
-3
-6
-27
-39
-14
-5
-26
-38
-41
-46
-36
-33
-54
-63
-51
-52
-61
-46
-25
-28
-33
-28
-39
-60
-61
-61
-69
-55
-36
-47
-65
-63
-56
-61
-66
-50
-26
-21
-42
-61
-55
-46
-60
-69
-46
-40
-55
-50
-35
-34
-35
-29
-28
-22
-15
-25
-34
-33
-38
-44
-36
-38
-51
-42
-29
-24
-18
-13
-3
3
-15
-30
-22
-23
-25
-7
2
-2
0
-6
-15
-12
-18
-35
-32
-20
-23
-26
-26
-20
-3
0
-8
4
27
29
24
28
27
12
-5
1
17
7
-9
-4
1
-7
-4
2
0
5
7
5
0
-2
-3
-8
-8
-9
-12
-10
-4
-4
-7
-5
-3
-7
-9
-5
4
12
13
3
-12
-25
-33
-31
-31
-33
-23
-25
-37
-34
-27
-32
-35
-27
-28
-37
-45
-43
-37
-44
-55
-45
-23
-34
-62
-47
-28
-35
-35
-31
-39
-34
-22
-31
-29
-20
-39
-51
-30
-23
-34
-30
-28
-39
-26
-2
-6
-25
-23
-3
2
-2
1
-7
-14
-9
-14
-31
-29
-25
-31
-28
-20
-18
-23
-32
-32
-27
-31
-33
-24
-28
-34
-28
-23
-17
-8
-1
-5
-20
-33
-34
-31
-38
-39
-34
-32
-31
-15
6
-10
-35
-23
-4
3
15
28
17
7
20
27
19
22
35
33
29
30
28
35
39
23
19
49
59
37
27
29
28
20
5
-4
1
1
-6
-6
9
27
8
-32
-38
-25
-26
-20
-12
-8
-10
-21
-34
-25
-7
3
15
26
34
30
5
-5
3
-10
-24
-3
7
-18
-30
-9
20
31
19
13
28
33
-2
-39
-43
-35
-36
-36
-29
-32
-33
-21
-20
-23
-10
2
-7
-26
-36
-34
-36
-41
-35
-29
-21
-8
2
0
-20
-34
-27
-26
-34
-31
-25
-31
-29
-20
-17
-12
2
2
-21
-33
-19
-4
-2
-5
-2
3
5
3
-1
0
-5
-13
-15
-14
-8
0
1
-4
3
18
25
31
36
32
33
28
12
1
-2
-7
-4
8
10
14
23
22
24
32
19
-2
13
32
28
25
35
31
10
-1
3
11
19
26
24
20
34
49
52
43
29
25
27
28
30
28
34
45
42
27
25
33
35
31
25
30
26
11
5
11
20
30
34
32
24
8
8
21
14
-1
-3
4
2
-11
-21
-8
6
-3
-14
-8
3
2
-5
-5
5
11
8
12
30
41
41
39
37
38
51
62
65
60
65
72
66
61
64
70
80
82
64
59
66
50
36
36
30
31
36
33
27
30
34
35
34
23
6
-6
-5
0
3
0
0
6
0
-10
-15
-24
-35
-29
-18
-16
-10
-1
-2
-4
-1
8
25
30
6
-4
-2
-9
-9
-5
-2
12
18
12
9
1
-6
-4
-5
4
17
5
-7
-4
2
10
16
11
7
16
14
8
13
21
17
8
7
13
17
25
34
32
10
-6
-5
-10
-9
14
2
-25
8
38
12
1
28
32
26
31
30
25
17
2
-20
-30
-29
-33
-24
1
-6
-24
-7
5
-4
-1
6
4
-2
8
21
6
-17
-21
-22
-33
-30
-14
-9
-3
15
33
35
30
35
37
33
27
31
38
33
27
26
32
23
8
7
10
16
28
30
25
26
26
23
33
31
12
18
44
44
31
35
23
11
23
20
9
16
31
37
30
17
29
52
53
53
62
72
76
62
34
14
8
-2
-9
-5
0
-2
-4
-3
1
15
18
3
-5
-14
-30
-27
-26
-47
-53
-35
-24
-26
-27
-15
1
1
-14
-28
-34
-33
-24
-2
18
16
4
8
23
21
4
-8
-12
-12
-20
-31
-22
-1
4
-2
1
7
1
-14
-12
-7
-13
-5
7
0
1
1
-14
-8
3
-6
11
36
13
-8
9
16
12
29
36
22
19
31
41
40
35
32
28
24
27
28
19
17
19
7
-6
-4
1
-3
-15
-16
-5
6
10
24
44
33
12
32
70
73
54
35
21
25
18
-4
6
27
19
12
17
8
2
15
21
7
-8
-3
2
-17
-28
-14
-1
-1
-4
-19
-37
-30
-4
10
-4
-28
-30
-9
3
3
1
-6
4
20
9
-4
-2
0
1
7
4
-5
2
11
11
18
21
6
-6
-2
2
11
24
26
21
20
24
33
37
24
5
3
14
17
15
18
25
35
39
37
35
23
3
-5
1
1
-8
-1
23
36
32
32
32
18
5
2
2
10
27
37
28
18
8
-16
-37
-45
-56
-54
-21
10
20
30
37
27
6
-6
-7
-17
-31
-35
-47
-53
-27
4
5
-6
-2
5
5
1
-3
5
23
26
21
33
41
28
13
10
10
12
21
19
-3
-6
10
14
22
32
18
-4
-8
-3
5
11
2
8
25
25
20
33
31
12
19
38
36
30
34
36
26
5
-7
1
2
2
14
18
15
30
42
39
44
57
62
58
47
40
42
41
31
27
34
30
11
-3
-7
-3
3
2
-1
10
26
31
21
6
3
8
4
9
25
19
-2
3
15
10
6
9
2
0
18
26
16
18
21
21
35
50
52
48
39
27
12
1
2
-7
-17
3
22
12
-8
-28
-34
-33
-43
-27
4
8
9
37
62
62
45
36
28
8
-9
3
9
2
7
18
20
25
31
15
3
14
19
23
35
23
2
7
10
-8
-3
16
12
-3
-12
-20
-31
-32
-23
-23
-23
-9
2
2
12
15
-1
2
19
15
-2
-5
2
0
-11
-25
-24
-16
-25
-24
-6
1
4
15
26
33
21
-5
-8
-3
-8
-4
9
21
34
40
36
32
40
54
59
60
56
39
23
26
33
22
4
-5
-1
-1
5
12
10
11
16
1
-17
-8
1
-5
-7
-4
0
-2
0
8
-5
-36
-28
9
5
-19
-14
1
11
21
30
34
36
33
27
23
12
-2
-5
5
7
-1
12
29
5
-33
-42
-31
-18
-3
8
7
2
-4
-2
-4
-17
-15
-2
7
16
28
33
27
21
23
35
34
25
28
46
55
44
34
38
28
6
-3
6
9
4
4
17
16
7
12
18
10
5
15
27
31
25
26
32
17
2
12
22
22
19
15
12
11
10
7
-2
-7
-4
-2
-2
-8
-13
-3
-19
-38
-12
13
1
-9
-4
-3
-2
9
14
-10
-20
5
4
-22
-12
4
-4
-2
4
4
7
9
14
22
16
8
15
15
1
-5
1
6
-1
-5
-3
-5
-5
-4
0
15
35
33
13
10
27
34
29
27
20
11
28
52
66
98
159
200
219
251
273
278
283
271
247
229
196
157
132
94
56
54
54
30
7
-4
-21
-35
-33
-27
-32
-38
-31
-34
-55
-62
-55
-56
-47
-30
-35
-41
-43
-36
-11
-1
-21
-20
-4
-15
-31
-31
-34
-37
-33
-26
-20
-12
-4
-9
-21
-22
-5
-2
-20
-21
-9
-7
-1
9
5
-1
0
-2
-6
-21
-34
-27
-22
-33
-36
-25
-36
-54
-42
-25
-37
-49
-50
-63
-60
-31
-24
-41
-31
-3
-1
-10
-4
-7
-28
-27
-2
7
-3
-3
-5
-21
-24
-13
-19
-40
-32
-7
-2
-6
-13
-29
-44
-42
-36
-27
-18
-24
-20
-3
2
-5
0
-2
-22
-32
-32
-24
-13
-13
-16
-9
-2
-7
-2
17
39
31
1
2
20
16
13
20
15
3
4
9
0
-15
-13
1
5
-2
-7
-3
6
5
0
-7
-15
-9
0
-5
-8
1
2
-13
-19
-7
7
-3
-22
-29
-35
-58
-68
-57
-58
-55
-33
-20
-33
-47
-37
-22
-25
-35
-29
-22
-28
-32
-32
-16
1
-8
-32
-32
-10
0
-4
0
-1
-4
14
37
35
25
33
49
45
15
10
28
32
41
52
43
34
39
37
34
31
13
-13
-25
-13
2
-1
1
9
8
21
45
57
51
32
27
40
34
14
23
38
35
26
22
28
26
20
24
27
26
18
7
4
7
12
24
30
23
32
40
28
27
28
13
-3
-11
-10
9
24
22
23
24
30
44
43
34
32
16
-11
-25
-27
-30
-28
-22
-18
-12
1
4
3
4
-15
-24
-7
-4
-12
3
18
8
1
2
3
2
1
2
0
-3
-3
-6
-5
11
18
3
1
16
12
0
-2
-6
-1
9
9
-5
-21
-20
-13
-9
-2
4
1
14
26
8
-5
2
5
2
1
-1
-17
-37
-44
-34
-28
-34
-20
-2
-15
-20
5
17
17
24
13
-4
-2
6
2
-8
2
19
11
-3
0
0
2
14
-6
-23
17
42
8
0
21
20
13
5
-6
-8
-4
11
28
29
23
24
16
2
7
26
38
25
6
-3
-3
-3
-11
-2
27
39
22
13
19
13
2
1
2
1
3
15
29
30
26
27
19
2
-5
-2
2
-5
-5
13
15
2
2
8
6
-12
-29
-16
3
0
-3
4
4
-1
0
4
-1
-12
-16
-21
-35
-36
-14
1
-1
0
-5
-20
-27
-25
-18
-1
3
-6
-1
-4
-16
-11
-12
-22
-10
11
-3
-29
-19
2
4
-5
-5
7
19
16
1
-2
4
4
0
9
19
14
18
40
49
46
38
18
1
-10
-25
-31
-19
-19
-20
-9
-20
-35
-31
-27
-31
-29
-30
-33
-28
-26
-24
-29
-21
19
33
7
14
33
9
-14
0
6
-2
-2
-5
-6
-5
-6
13
30
8
-8
14
35
29
9
-7
5
33
44
36
32
31
13
3
15
5
-29
-28
-7
-4
-10
-2
0
-9
-9
-10
-24
-38
-31
-13
-6
-8
-12
-27
-35
-16
3
-4
-8
3
-4
-31
-23
1
-1
-8
-1
1
-4
-4
7
19
16
17
32
37
35
40
45
32
11
3
2
-4
-20
-28
-9
20
32
28
27
32
32
20
32
58
55
50
58
51
29
16
1
-3
20
40
41
38
40
49
40
25
20
11
-8
-12
-3
2
1
-3
4
25
38
28
7
-4
4
10
1
7
33
38
25
20
26
23
25
50
64
52
37
61
119
173
217
268
326
359
359
346
340
342
329
298
255
214
187
156
111
78
66
40
1
-27
-37
-18
2
-16
-35
-26
-25
-43
-63
-73
-79
-78
-68
-62
-56
-40
-35
-49
-60
-63
-70
-60
-42
-40
-42
-44
-45
-41
-25
-15
-22
-26
-28
-36
-48
-58
-59
-39
-28
-50
-65
-61
-59
-58
-55
-60
-76
-80
-68
-63
-62
-55
-47
-44
-48
-59
-63
-56
-56
-60
-54
-36
-27
-44
-58
-61
-62
-47
-28
-26
-30
-29
-27
-28
-39
-48
-36
-29
-28
-15
-7
-7
-17
-32
-21
-7
-5
13
36
45
51
44
30
35
35
17
10
7
-1
-2
16
25
13
-12
-34
-32
-20
-29
-34
-12
-9
-19
-9
3
4
-1
-1
2
6
6
-2
-4
-2
-9
-16
-3
10
8
5
0
-4
1
1
-6
2
18
10
4
21
19
3
-6
-20
-27
-18
-15
-28
-38
-21
3
3
-8
4
16
6
5
17
15
-7
-11
-3
-14
-31
-38
-25
-7
-6
-4
-5
-22
-35
-29
-28
-38
-42
-43
-43
-44
-43
-43
-43
-35
-30
-32
-19
2
4
5
17
13
-8
-10
-8
-18
-24
-21
-22
-28
-23
-2
20
17
12
30
39
27
17
14
3
-2
17
31
16
-4
1
22
24
6
-5
-2
-1
-1
5
18
30
30
37
34
2
-1
23
14
-3
22
41
40
49
42
19
24
37
34
26
16
-5
-18
-16
-12
-10
-7
5
13
8
-1
7
18
16
14
14
2
-7
-3
1
9
21
24
28
38
32
16
16
15
4
0
3
7
10
8
-1
-3
6
23
26
6
-5
2
-2
-9
-6
-1
1
0
-4
-5
5
6
-15
-27
-12
0
-5
10
37
27
3
9
22
11
-1
-4
-17
-36
-36
-24
-15
-6
-1
-2
0
9
12
-5
-26
-28
-17
-8
1
-10
-27
-21
-9
-8
-2
1
-12
-20
-15
6
23
25
27
37
41
34
39
54
48
22
19
26
8
-7
8
26
26
16
16
25
26
22
31
25
9
12
16
14
22
30
37
44
45
41
28
13
15
26
18
4
5
19
33
31
29
30
32
34
28
26
29
20
-4
-9
0
2
10
28
34
29
39
46
38
37
34
9
-10
-2
-1
-10
11
33
29
31
28
9
13
37
31
8
-6
0
19
21
1
-6
15
31
18
11
29
26
1
4
28
25
7
3
2
5
19
25
15
3
3
5
3
6
16
24
15
6
21
38
31
33
51
43
23
26
40
62
62
46
49
50
33
22
12
-3
-4
4
10
25
42
45
40
31
14
-5
-7
-6
-19
-36
-34
-15
-1
1
14
38
47
35
8
-18
-29
-41
-51
-43
-37
-38
-33
-19
18
60
64
55
64
58
30
16
23
29
31
28
32
34
29
21
13
4
-14
-21
-10
2
6
1
0
5
5
-5
-2
13
10
5
19
33
29
28
29
9
-8
10
35
33
9
1
19
19
7
11
12
9
28
42
30
22
20
19
22
21
23
30
25
8
2
17
35
28
12
14
15
10
15
14
7
24
40
28
29
48
47
35
36
32
14
12
18
-2
-9
10
10
5
20
36
52
69
62
51
59
51
64
133
184
202
244
295
292
285
302
289
263
263
253
220
200
195
176
136
97
83
67
26
1
2
0
-3
-2
-3
-5
-13
-32
-54
-59
-56
-59
-63
-70
-77
-71
-51
-45
-55
-58
-61
-82
-99
-87
-63
-48
-32
-7
1
-16
-38
-54
-61
-59
-60
-62
-46
-37
-44
-39
-21
-11
-9
-13
-12
-9
-20
-26
-21
-23
-32
-26
-22
-32
-37
-36
-41
-60
-67
-52
-32
-30
-33
-31
-38
-35
-19
-22
-35
-46
-62
-69
-57
-58
-68
-57
-42
-31
-27
-36
-45
-38
-30
-32
-21
-7
0
12
21
12
1
7
10
0
5
15
11
5
18
34
26
7
17
37
19
-5
5
12
4
-4
-6
2
0
-17
-13
3
-11
-31
-35
-39
-40
-36
-41
-42
-24
-13
-21
-28
-23
-17
-20
-26
-12
2
-9
-35
-32
-8
-4
-13
-19
-24
-33
-33
-14
-1
12
23
12
0
4
1
-15
-6
7
-10
-28
-13
6
-9
-32
-43
-43
-29
-25
-33
-31
-27
-24
-24
-27
-18
-5
-6
0
4
-21
-51
-59
-51
-41
-28
-15
-9
-15
-16
-15
-25
-29
-30
-40
-41
-29
-27
-27
-4
9
-2
0
-3
-22
-20
6
22
26
19
8
12
17
3
4
19
16
-1
-3
11
13
2
1
1
-2
15
34
20
-4
-21
-24
8
36
29
25
35
32
21
22
32
34
22
15
23
32
30
29
30
30
35
36
29
28
29
26
25
29
29
29
33
22
3
4
19
28
32
31
28
31
32
28
34
38
30
27
35
33
18
13
15
5
-10
-1
16
13
-2
-4
13
22
24
19
13
13
10
2
-1
-1
-4
3
19
14
1
2
-1
-21
-29
-26
-31
-21
-8
-22
-34
-28
-29
-26
-14
-19
-20
-3
4
0
4
7
3
5
2
-2
1
-6
-15
-15
-26
-49
-42
-9
5
-3
-2
20
35
24
16
18
12
-6
-11
-2
-8
-23
-16
0
-4
-5
10
8
9
35
35
2
-11
1
3
-2
-5
0
6
-1
8
26
14
-7
-2
-7
-28
-34
-32
-30
-36
-58
-66
-43
-13
19
50
45
2
-20
-12
1
11
25
38
29
17
21
9
-1
20
25
13
25
12
-35
-45
-31
-36
-22
3
0
-7
-1
8
15
14
14
28
37
31
33
25
0
8
31
22
10
26
26
4
0
-1
-12
3
36
42
29
27
25
5
-13
-14
-7
14
34
35
39
56
59
44
31
30
33
34
32
22
4
-1
6
3
0
6
6
-1
2
7
7
14
35
50
42
40
53
55
52
56
60
53
50
52
46
34
31
32
27
26
27
23
24
28
32
39
50
58
60
51
34
25
29
30
27
31
32
28
33
43
54
60
53
40
25
17
19
29
23
16
39
60
55
53
65
71
56
43
40
46
41
25
18
15
14
19
26
26
27
19
2
9
25
28
32
38
28
22
26
14
-2
1
10
17
22
8
-6
8
20
17
24
31
30
37
26
-4
-8
-1
-14
-27
-30
-32
-19
-2
4
16
26
26
27
24
5
-3
-2
-23
-38
-25
-15
-12
1
-1
-9
12
37
33
20
26
47
55
48
52
56
45
39
35
31
29
8
-8
12
31
25
25
27
26
32
23
3
5
20
23
13
-2
-10
-4
-7
-12
6
19
32
71
109
133
161
192
221
258
275
264
249
228
208
205
208
191
166
144
131
118
76
24
-5
0
4
-15
-32
-28
-19
-31
-31
-23
-37
-48
-43
-30
-34
-56
-62
-65
-89
-105
-97
-88
-74
-50
-40
-43
-53
-61
-61
-59
-60
-60
-60
-59
-59
-55
-54
-63
-63
-61
-67
-64
-66
-92
-105
-84
-65
-62
-58
-54
-67
-93
-102
-83
-64
-60
-66
-64
-58
-61
-65
-63
-66
-59
-35
-19
-26
-29
-16
-6
-6
-6
-1
-10
-26
-32
-30
-31
-46
-61
-65
-69
-67
-58
-63
-60
-40
-49
-71
-64
-45
-35
-33
-25
-3
21
30
19
-1
-2
-2
-21
-36
-33
-28
-30
-39
-41
-41
-38
-19
-8
-14
-11
2
3
-10
-24
-25
-25
-39
-48
-52
-61
-65
-70
-83
-78
-61
-56
-54
-40
-29
-25
-15
-2
0
-3
-3
-2
-2
-2
-1
17
26
12
21
29
13
10
18
3
-5
7
4
-7
-5
2
2
0
5
-3
-12
11
30
14
4
14
13
-8
-29
-33
-41
-48
-27
-1
-4
-6
-5
-26
-38
-31
-33
-36
-12
3
-12
-19
-6
0
4
16
27
24
9
11
18
13
19
29
21
12
18
23
14
3
-1
2
-1
3
15
14
9
18
30
35
32
29
29
26
14
2
-6
2
27
36
30
39
56
63
57
46
40
34
32
35
37
35
30
27
32
26
9
6
6
5
20
32
25
25
36
38
35
38
35
27
33
32
16
14
27
32
19
4
15
31
32
37
49
38
15
2
-1
1
2
0
-3
16
34
14
6
34
33
6
8
22
25
33
41
30
19
27
34
34
32
22
19
22
7
-10
-5
6
4
2
-2
-6
-3
1
4
3
-13
-27
-27
-30
-28
-9
1
-3
-4
-5
-10
-8
-4
-5
-2
3
-14
-31
-11
-7
-31
-33
-18
-21
-12
20
29
22
26
37
37
25
24
31
30
25
30
34
28
36
51
49
40
41
34
15
2
7
9
4
9
22
22
23
31
29
11
-5
1
15
14
18
26
12
1
12
18
17
22
16
4
1
-11
-30
-20
4
9
9
14
9
-6
5
21
12
-2
3
21
30
13
-4
8
19
1
-12
-15
-8
9
3
-11
15
36
11
-7
2
3
-1
4
2
-4
11
36
36
24
27
35
31
25
24
27
27
27
33
23
2
-9
-7
15
27
9
-3
0
2
-5
-22
-22
2
1
-15
-7
1
-10
-20
-11
5
-1
-9
-8
-22
-31
-11
-7
-27
-21
4
3
0
21
36
27
10
-1
2
9
5
1
1
-3
4
26
41
32
13
6
5
5
5
0
5
29
41
35
50
66
43
16
3
-1
1
-8
-11
14
16
-11
-7
6
1
4
1
-15
-3
17
3
-2
19
20
8
-3
-19
-20
-5
3
-3
-10
-4
22
32
22
25
27
20
18
25
30
31
28
25
32
34
25
23
27
28
28
30
25
25
36
23
-5
-3
14
12
15
46
65
56
57
62
46
31
33
30
20
8
0
15
35
32
30
27
24
25
19
19
29
34
45
66
66
45
27
19
41
55
33
21
32
35
33
41
36
27
31
35
33
31
19
-1
-8
-7
-10
1
12
18
39
80
108
127
170
223
253
274
289
273
262
281
272
239
242
254
219
172
161
155
122
85
74
73
49
4
-8
5
9
-7
-27
-39
-31
-29
-50
-50
-36
-54
-67
-47
-45
-65
-64
-55
-48
-42
-51
-61
-58
-59
-55
-34
-25
-31
-24
-13
-22
-36
-32
-25
-42
-64
-65
-59
-50
-34
-21
-31
-52
-64
-63
-56
-60
-65
-51
-29
-31
-40
-34
-29
-27
-24
-29
-33
-47
-57
-47
-44
-53
-47
-36
-40
-37
-28
-31
-35
-37
-38
-45
-61
-61
-39
-25
-18
-13
-26
-38
-29
-35
-50
-50
-53
-53
-46
-44
-34
-14
-3
-8
-18
-17
0
3
-7
0
5
-15
-26
-10
2
-3
-14
-16
-5
0
-3
-5
-17
-35
-37
-31
-33
-28
-16
-18
-29
-32
-27
-34
-32
-7
-6
-31
-39
-29
-26
-30
-33
-40
-37
-33
-29
-16
-11
-14
6
35
24
-1
0
2
-7
-6
0
1
12
31
39
29
16
22
35
25
6
-2
-10
-5
7
0
2
26
33
25
20
7
3
9
4
7
16
9
4
8
-5
-16
-9
0
-6
-33
-50
-36
-21
-17
-6
3
1
-12
-23
-9
7
5
1
-1
-6
0
5
-12
-25
-9
6
-2
-9
-5
2
-2
-21
-39
-41
-31
-23
-25
-26
-8
2
-2
12
33
33
28
28
26
25
24
15
0
-5
1
6
2
0
17
37
30
6
-4
3
1
0
9
13
3
-4
1
15
30
25
11
5
0
-2
4
4
0
10
28
21
9
12
8
-2
2
5
2
4
0
-5
6
9
-9
-27
-36
-34
-33
-31
-19
-1
17
28
34
37
32
27
29
31
29
28
36
43
42
35
49
73
76
59
48
57
64
44
22
17
16
-1
-16
-7
7
1
-2
5
-2
-4
-1
-17
-21
-4
3
2
4
0
-4
-5
-4
-2
-3
1
18
32
36
34
33
21
4
1
2
3
20
32
28
25
30
31
21
5
-2
2
-3
0
19
20
3
13
41
47
32
23
26
28
8
-9
1
10
11
25
36
28
28
37
36
28
32
27
7
-7
3
12
3
2
10
12
7
12
16
7
-1
-12
-29
-33
-21
-6
-12
-26
-19
0
5
-9
-27
-24
3
14
5
12
12
-11
-8
6
-25
-40
1
18
-3
-8
3
-2
-8
-15
-17
-2
6
-1
-10
-3
6
0
-10
-8
0
0
-2
-6
-22
-33
-31
-30
-15
1
-14
-36
-28
-30
-59
-69
-61
-61
-59
-37
-13
4
17
16
6
5
9
6
-2
-4
-12
-31
-31
-3
3
-4
18
47
48
42
34
10
-5
0
0
-6
-2
6
0
-7
-7
-3
2
8
22
35
34
29
40
40
8
-33
-63
-72
-63
-45
-2
39
40
30
19
2
4
15
9
35
88
85
41
25
19
-25
-64
-51
-14
19
38
38
36
24
-7
-19
-7
3
17
32
29
17
7
1
-10
-25
-19
-2
2
1
-4
1
27
36
25
44
73
67
49
33
11
-2
9
26
29
12
-15
-21
-10
-10
-9
-1
9
25
44
57
61
47
28
34
50
43
33
26
10
-6
-7
-5
-12
-20
-19
-9
3
4
-9
-12
15
28
11
18
39
27
16
30
32
17
6
16
30
16
-2
5
9
-6
-12
-3
0
-5
8
59
111
133
159
219
269
274
261
262
255
223
201
206
192
151
116
83
53
41
36
19
4
3
-7
-30
-39
-27
-33
-57
-77
-81
-65
-62
-82
-82
-64
-65
-64
-61
-80
-92
-88
-86
-80
-75
-89
-92
-80
-86
-90
-72
-60
-61
-59
-61
-76
-87
-95
-95
-76
-63
-71
-75
-67
-68
-61
-40
-26
-33
-51
-64
-68
-62
-45
-29
-35
-43
-32
-26
-28
-28
-28
-30
-34
-33
-27
-29
-34
-33
-32
-33
-37
-40
-29
-22
-30
-29
-7
13
22
30
32
28
26
29
21
2
-9
0
8
8
15
24
27
30
21
-1
-7
15
31
33
33
36
35
27
19
1
-26
-38
-28
-27
-36
-39
-30
-20
-14
-17
-25
-32
-50
-78
-79
-47
-31
-44
-49
-28
-13
-17
-11
2
-1
1
21
30
28
32
29
26
22
10
-3
2
6
-13
-38
-41
-16
12
25
28
24
13
1
0
6
4
3
24
33
10
-4
1
-4
-8
-5
-7
-10
-4
4
9
8
10
12
11
5
-19
-27
-3
9
3
2
6
7
5
7
25
35
15
-1
-1
-1
14
47
59
46
26
11
-3
-20
-25
-16
3
22
41
55
49
36
32
33
19
-3
-11
-9
-2
4
24
54
57
51
59
54
29
27
42
36
11
-5
-3
4
-5
-15
-7
-7
-15
-13
-13
-31
-37
-14
2
-3
-5
3
7
0
2
13
24
24
25
28
11
-1
10
13
0
-4
2
1
-1
-4
-6
1
1
-6
13
33
13
4
31
31
3
-1
1
-3
0
-1
8
30
29
15
20
20
5
1
6
17
26
9
-13
-5
12
11
1
-3
0
7
10
11
13
8
4
16
24
20
23
19
8
11
10
-4
-3
10
14
11
8
15
24
19
11
8
9
21
28
11
3
6
-3
0
18
14
7
22
29
21
15
14
20
28
8
-11
11
38
36
25
32
51
53
36
29
37
29
18
28
20
-2
2
13
0
-12
-4
12
23
13
-8
6
34
37
26
25
36
41
48
48
38
40
48
37
27
35
21
-8
-13
-2
11
25
36
34
30
29
28
34
37
19
3
-3
-5
16
35
12
-8
3
5
-3
-4
-1
2
0
-6
-7
6
23
29
24
25
23
7
-3
-5
-3
-3
-14
-20
-14
-9
-2
-11
-29
-19
10
15
5
2
0
-3
-8
-8
-5
-6
0
5
-12
-29
-17
6
8
-4
-4
3
-11
-32
-33
-26
-34
-40
-32
-28
-31
-34
-29
-24
-27
-27
-8
-3
-24
-23
-4
4
19
26
7
8
28
29
20
12
0
-5
-4
-7
-6
-8
-16
-8
6
-2
-16
-12
-9
-16
-18
-9
1
3
0
11
26
28
30
34
22
9
9
2
-7
0
7
0
-3
-2
0
-4
-8
-1
-6
-22
-25
-18
-15
-7
2
0
-3
-1
5
10
-1
-6
-1
-5
-8
-3
-1
4
29
47
34
29
35
16
-8
-6
3
14
33
33
28
45
54
41
27
15
8
17
33
27
5
-6
-4
-1
-2
-4
-5
6
6
-15
-21
-4
3
-4
5
24
30
28
32
27
11
1
-15
-49
-71
-62
-25
20
29
1
-16
-22
-37
-33
-12
-11
-27
-29
-15
-15
-31
-38
-33
-30
-24
-17
-25
-19
4
21
25
25
26
32
33
9
-5
11
16
-1
-1
4
-16
-22
-3
7
6
-11
-32
-12
33
59
85
146
192
189
197
237
250
228
215
216
224
217
189
193
228
220
171
132
100
68
47
32
13
-5
-9
-1
-2
-25
-35
-11
3
-15
-41
-58
-74
-87
-81
-63
-62
-79
-82
-64
-49
-48
-57
-67
-81
-93
-100
-86
-47
-29
-52
-61
-41
-22
-4
1
-12
-14
0
4
-2
-19
-26
-26
-32
-19
4
-15
-45
-44
-36
-35
-47
-58
-52
-48
-49
-35
-11
2
5
-7
-26
-31
-32
-35
-34
-17
-2
-1
2
5
-13
-33
-31
-34
-40
-35
-32
-35
-25
-20
-32
-23
2
4
-3
6
-3
-27
-36
-31
-23
-17
-24
-24
-18
-22
-19
-8
-10
-21
-17
-6
3
11
11
7
2
-10
-25
-29
-27
-17
1
1
-4
-2
-11
-20
-13
-6
-4
-3
-5
-5
-5
-17
-28
-33
-29
-9
5
4
-2
-10
-10
1
7
4
9
16
14
6
-5
-9
-5
4
6
-5
-5
3
1
1
5
0
5
28
32
9
-12
-18
-7
-1
-9
10
39
35
44
66
50
23
25
29
23
22
21
17
21
18
13
12
7
0
5
8
1
12
32
36
37
36
30
28
40
38
16
9
24
37
35
32
30
27
30
32
24
28
52
50
24
31
49
34
27
43
47
44
44
37
24
26
35
33
31
33
32
31
36
35
36
51
52
35
24
25
29
32
34
27
13
-1
-2
21
37
36
34
32
37
57
65
57
57
65
61
36
21
40
52
28
16
31
30
15
19
36
33
12
0
-3
-8
-3
-5
-25
-24
2
4
-7
10
29
24
27
37
23
13
22
12
-2
16
27
11
4
3
-1
-1
3
7
0
-5
10
21
10
1
2
4
18
34
31
28
39
37
15
-11
-24
-30
-38
-35
-27
-24
-22
-20
-25
-33
-20
-2
1
-1
5
12
11
8
0
1
16
28
35
32
9
-16
-12
15
24
22
33
29
27
49
54
38
43
51
38
26
28
24
10
2
10
9
3
-2
-10
-7
5
3
-11
-7
-2
-28
-51
-51
-47
-40
-32
-39
-44
-35
-31
-33
-30
-38
-56
-53
-32
-29
-36
-30
-16
-3
-1
-1
14
18
4
3
19
32
36
31
22
28
32
35
48
50
32
25
22
8
7
10
1
-2
1
-1
-6
-2
1
-5
-4
2
2
8
21
23
21
18
-4
-20
-17
-11
-7
-7
-6
-5
-2
-1
11
24
23
29
40
36
36
52
53
40
29
10
-3
0
4
7
18
25
23
27
33
21
1
-3
6
14
22
24
25
26
14
-4
-6
11
21
12
-3
2
10
9
7
10
13
14
15
15
9
3
-1
1
2
0
1
7
10
7
-7
-24
-33
-38
-35
-30
-28
-29
-27
-29
-33
-32
-30
-28
-28
-24
-27
-33
-23
-3
7
4
-1
-3
-3
-1
0
6
-2
-24
-32
-32
-24
-5
2
2
24
29
2
-3
9
3
1
10
10
4
6
4
-4
7
29
29
19
25
25
12
8
6
-4
-9
-3
-1
5
23
40
28
-4
-14
-4
-3
-11
-12
-9
-8
-6
-5
-2
2
-7
-29
-42
-28
-6
-1
-3
-6
-5
-8
-8
12
35
36
22
25
38
51
72
112
158
191
225
256
273
294
292
256
244
257
215
150
128
111
83
78
76
52
32
27
11
-9
-5
5
-6
-13
-9
-19
-34
-44
-59
-69
-65
-57
-39
-27
-33
-36
-40
-38
-19
-12
-33
-39
-31
-28
-14
-8
-28
-37
-25
-31
-55
-64
-72
-77
-55
-27
-28
-33
-23
-22
-29
-18
-2
-10
-27
-31
-38
-45
-42
-37
-34
-26
-26
-34
-38
-29
-11
-4
-4
0
7
9
4
9
27
29
15
21
35
31
26
30
23
4
2
-5
-29
-30
-36
-70
-56
-12
-33
-57
-31
-32
-63
-66
-53
-53
-62
-64
-59
-56
-62
-64
-61
-60
-62
-51
-23
-31
-48
-29
-12
-16
-19
-29
-42
-42
-44
-44
-43
-44
-41
-43
-43
-16
-2
-18
-11
0
-5
2
-25
-76
-45
37
57
61
85
70
34
27
31
26
31
54
67
57
33
10
-4
-1
6
-3
-4
1
-9
-13
-12
-23
-31
-27
-28
-30
-29
-31
-31
-31
-34
-31
-18
-4
5
25
41
35
43
70
72
47
25
20
31
21
0
5
17
15
23
34
13
-9
7
28
29
27
29
31
38
46
53
62
56
40
27
29
45
46
25
18
28
34
30
26
31
32
14
-3
-18
-29
-31
-27
-18
-4
8
9
4
6
10
1
-6
2
2
-6
-1
7
-2
-11
2
12
2
12
37
35
24
33
37
28
29
34
34
38
43
50
55
42
31
41
41
24
29
38
19
3
11
21
27
30
30
28
28
30
34
25
18
31
29
17
21
26
37
47
33
20
26
16
-4
1
9
5
7
3
1
18
36
29
22
34
31
1
-9
14
32
27
24
21
6
-4
-10
-17
-12
0
2
-6
-7
2
3
-3
-3
4
1
-13
-18
-8
4
4
5
20
30
29
31
29
9
-6
4
3
-2
5
13
20
26
26
29
38
26
4
4
5
-8
-1
23
14
-12
-4
7
-12
-19
-1
0
-12
-2
28
48
49
51
60
48
24
24
29
30
34
33
29
25
4
-11
6
30
39
32
28
49
64
39
11
21
40
26
-2
7
35
36
28
32
33
28
30
31
25
27
27
18
9
8
10
7
2
1
-4
-4
15
28
21
25
37
29
13
3
-1
1
4
0
2
17
16
0
-3
6
2
-7
-3
5
-5
-6
15
25
17
13
8
1
3
24
35
17
11
31
33
15
14
27
29
31
35
37
28
24
35
33
15
12
26
30
25
23
24
28
29
29
33
35
37
34
27
27
34
33
28
25
23
30
34
33
38
46
45
38
30
35
50
40
11
0
0
-1
0
-2
-5
-1
-3
-10
-2
12
23
34
37
32
29
28
32
34
27
25
30
31
32
35
31
28
31
37
26
8
1
-9
-18
-14
-5
-1
-8
-16
-8
2
-6
-8
1
1
-3
-6
-1
9
9
-1
5
17
4
5
21
14
3
11
13
2
14
31
33
36
43
41
26
22
24
24
28
24
5
-6
-1
2
-2
0
1
0
1
-4
-3
2
-11
-26
-11
11
2
-17
-11
1
-5
-16
-10
-2
-4
1
10
9
2
1
0
3
16
33
35
24
24
20
13
14
8
-2
1
6
5
7
7
15
26
24
12
0
4
9
-5
-9
-5
-16
-12
1
-6
-7
8
9
0
0
0
-1
-8
-10
8
22
14
18
43
69
113
157
173
206
244
235
212
215
221
209
185
146
101
67
46
30
9
-5
-14
-19
-20
-30
-38
-31
-30
-47
-53
-46
-55
-66
-69
-65
-62
-61
-51
-36
-33
-38
-35
-28
-33
-42
-38
-25
-16
-6
6
5
-3
-5
-2
-8
-10
0
-4
-11
-11
-21
-32
-26
-34
-56
-50
-32
-18
-9
-16
-30
-35
-29
-30
-30
-18
-2
-4
-9
-1
-14
-35
-31
-27
-41
-42
-19
2
2
-6
-9
-8
-6
-7
-19
-28
-25
-25
-29
-29
-29
-29
-27
-34
-35
-22
-10
-16
-26
-17
-12
-14
-7
5
5
0
-7
-22
-24
-11
7
25
30
29
32
30
25
28
23
7
11
19
13
12
14
3
-1
9
13
13
4
-16
-35
-32
-10
0
-4
1
6
-18
-37
-28
-29
-26
-4
7
-9
-23
-26
-29
-36
-29
-15
-19
-19
6
11
-3
-1
-4
-15
-8
0
-2
-3
-4
-6
-4
-1
8
24
26
11
-2
-5
1
6
-1
-8
-1
3
-6
5
32
33
7
-4
8
5
-6
-1
-6
-26
-16
12
5
-7
7
12
-6
-9
7
7
-1
1
-3
-12
-13
-13
-19
-27
-24
-18
-22
-26
-12
1
0
-12
-19
-18
-19
-27
-31
-33
-34
-35
-47
-58
-40
-22
-26
-33
-34
-35
-29
-21
-16
-7
-8
-17
-18
-18
-27
-33
-20
2
9
-7
-14
-6
-15
-31
-25
-5
1
-3
4
13
8
-3
0
15
15
2
-1
3
-3
-13
-10
0
4
-1
-6
0
15
18
4
-3
1
8
7
8
21
22
-3
-14
-2
-3
-16
-31
-36
-20
-4
2
10
16
6
-7
-7
10
29
32
21
9
-1
-11
-9
-2
3
4
1
1
4
5
-2
8
23
10
-2
3
-1
-9
-4
-9
-20
-15
0
9
8
14
26
28
33
37
33
28
11
-20
-35
-32
-30
-35
-35
-19
11
38
38
15
6
19
16
3
-1
-7
-8
5
8
6
3
1
16
27
10
-3
1
-7
-14
-4
0
-4
2
6
5
10
13
6
-4
-12
-15
-22
-35
-23
7
13
-1
0
13
12
12
39
65
46
23
30
25
7
-2
-7
6
14
4
13
39
44
52
64
44
35
43
21
-6
-12
-7
4
25
32
14
2
10
7
-6
-6
1
3
5
-4
-15
-9
-4
0
4
2
-1
-1
-1
1
6
14
22
13
0
3
1
-15
-21
-26
-31
-33
-31
-21
-12
-14
-19
-29
-35
-12
8
0
-5
4
19
32
27
12
1
-1
14
26
13
-4
4
20
26
28
30
32
35
40
34
14
-7
-17
-12
-4
-1
-2
0
2
-5
-12
-10
-15
-31
-33
-30
-24
-5
8
7
21
31
6
-12
-5
2
6
4
-8
-8
4
8
9
8
-2
-17
-33
-27
0
-1
-28
-37
-33
-33
-31
-30
-25
-14
-3
2
2
10
30
36
28
27
25
33
60
67
57
55
42
34
46
46
30
24
30
32
29
26
26
10
-10
-5
-10
-15
-5
3
16
39
42
29
26
12
-6
-4
4
1
-2
16
30
15
-2
-5
-19
-37
-38
-38
-32
-18
-3
19
27
9
0
-1
-8
11
39
36
32
36
26
22
20
7
8
29
50
63
78
84
72
50
33
35
38
22
11
14
11
7
11
3
-4
11
24
15
17
50
83
99
125
169
197
193
187
189
181
155
126
108
85
52
20
0
-18
-30
-29
-38
-57
-79
-90
-88
-85
-75
-63
-62
-65
-59
-52
-52
-57
-57
-49
-53
-53
-40
-30
-6
-25
-87
-59
29
39
14
24
34
36
33
18
22
35
22
-4
-17
-22
-35
-43
-34
-23
-30
-35
-17
-9
-26
-37
-29
-25
-30
-28
-23
-35
-39
-15
-1
-8
-4
12
24
27
33
30
5
-13
-2
2
-2
1
-1
-4
4
4
-2
2
-4
-17
-13
-1
3
15
27
29
31
23
17
17
15
18
30
22
3
0
-2
-3
3
8
-1
-13
10
35
24
7
11
8
-4
1
1
-13
-24
-11
0
-20
-32
-8
16
21
27
39
36
23
21
17
5
8
13
1
-4
8
20
22
14
10
23
32
24
14
25
33
19
11
30
40
34
26
22
24
26
24
21
15
3
4
10
3
-8
-17
-14
-4
-3
-3
4
7
-3
-12
5
22
12
-8
-21
-24
-7
1
-7
-4
-8
-24
-22
-23
-32
-28
-26
-37
-39
-36
-38
-34
-23
-17
-22
-33
-34
-27
-24
-23
-33
-28
-12
-18
-22
-3
7
-3
3
14
6
-2
1
2
2
13
18
17
17
13
16
39
51
38
28
32
40
29
3
-6
3
1
-7
1
5
-6
-21
-33
-37
-25
-3
16
17
8
1
1
8
0
-17
-15
-17
-34
-34
-24
-30
-28
-18
-34
-56
-68
-67
-50
-37
-34
-35
-30
-19
-16
-26
-36
-34
-41
-48
-43
-36
-21
-6
1
6
4
0
16
28
12
-5
-6
-9
-23
-27
-20
-23
-20
-1
4
-6
-9
-17
-20
-8
-5
-8
8
30
33
25
30
34
24
24
27
11
-1
7
0
-21
-26
-28
-28
-18
-21
-37
-46
-47
-49
-55
-65
-54
-21
0
7
7
0
9
20
10
5
6
-3
3
24
19
9
5
6
19
14
1
25
44
25
17
32
32
28
30
24
25
37
40
23
9
8
19
40
45
29
24
31
34
32
34
33
29
23
22
26
23
14
11
9
0
-4
2
10
7
-6
-7
2
0
-6
-6
-1
13
30
33
26
27
33
33
30
33
35
32
28
32
45
63
57
35
37
46
34
15
20
20
7
8
6
-8
-4
21
29
30
33
32
32
11
-6
13
24
12
16
35
25
6
13
27
14
-2
3
-3
-19
-14
-4
-1
2
12
20
28
33
32
27
28
39
44
39
34
34
28
13
-4
-2
16
18
10
15
20
19
29
23
0
10
33
34
31
27
8
-2
4
5
-4
-23
-36
-29
-19
-16
-9
-2
-2
5
12
13
21
36
35
32
37
32
20
11
0
-8
-10
-21
-32
-21
1
7
1
2
1
-4
-3
-5
-1
19
25
19
16
9
9
27
34
24
22
22
26
34
35
35
21
11
24
28
12
9
29
25
2
-3
-1
-4
-5
1
6
6
9
21
31
27
33
28
3
4
16
8
6
10
11
21
22
12
19
25
24
37
39
29
29
31
27
29
33
31
29
31
33
30
27
31
38
26
7
11
29
38
34
24
10
-1
-3
-1
-4
-5
8
11
2
-1
-10
-13
10
21
5
16
53
81
112
148
176
198
214
219
214
203
189
177
149
99
78
103
87
34
42
66
30
-1
-9
-34
-30
5
5
-20
-19
-1
-1
-21
-50
-83
-97
-66
-39
-46
-51
-50
-59
-64
-62
-69
-69
-55
-58
-64
-49
-31
-30
-36
-38
-36
-29
-27
-27
-19
-16
-29
-38
-37
-39
-40
-32
-29
-31
-32
-31
-18
0
8
10
7
0
-1
1
-2
-8
-13
-25
-44
-43
-25
-21
-28
-27
-28
-32
-19
-5
-4
-6
-1
-7
-21
-15
-8
-10
-3
-3
-14
-12
0
16
35
24
-5
4
28
25
18
21
20
22
34
32
15
6
5
1
-6
61
36
-100
-67
75
34
-75
-14
15
15
26
25
106
148
86
27
46
23
-17
39
4
-66
-33
38
22
-13
30
22
25
26
12
10
6
-8
-8
4
11
5
1
-5
4
13
20
12
15
24
13
1
11
25
24
27
24
-1
-12
7
19
21
24
31
20
25
23
11
5
17
31
34
41
26
17
25
24
6
-2
-18
-26
-23
-18
-12
5
8
23
50
42
15
24
48
39
28
30
43
45
27
-1
18
41
27
8
13
44
29
-18
69
97
25
-5
48
22
7
25
15
34
27
5
8
30
29
13
9
6
5
16
27
27
23
22
24
20
14
19
25
29
36
37
29
21
12
1
-3
1
18
33
31
20
23
33
38
28
8
0
-11
-30
-23
2
8
-1
-6
-5
-5
-35
-55
-18
12
1
12
48
48
28
29
31
13
-8
0
24
33
27
29
31
29
43
62
63
52
40
33
31
29
36
36
13
12
39
41
28
29
33
34
32
16
-5
1
22
14
-1
6
11
0
-4
-2
-8
-17
-27
-30
-31
-35
-22
-2
7
9
4
0
6
7
2
6
8
14
29
32
24
11
-7
-21
-29
-29
-20
-9
-5
10
20
7
3
21
35
30
27
39
38
33
52
65
38
22
37
23
1
15
35
31
28
44
63
70
60
50
56
54
39
29
22
14
11
10
16
27
30
36
46
44
40
42
39
35
27
8
4
7
1
10
28
29
29
36
37
38
45
46
39
22
18
18
13
14
6
-7
-15
-28
-35
-27
-28
-55
-70
-63
-48
-28
-15
-16
-15
0
6
-10
-28
-28
-16
-11
-23
-45
-60
-48
-20
-13
-19
-7
5
-1
-8
-6
2
5
5
7
11
15
22
14
-8
1
28
28
11
6
2
2
22
37
26
28
40
42
44
52
58
59
57
58
51
33
28
24
11
18
31
29
25
26
33
34
28
30
24
1
-5
1
-3
0
12
12
4
-10
-25
-18
-3
-3
-8
-6
0
22
38
27
15
23
40
49
45
27
11
-7
-26
-20
-8
-12
-8
3
8
9
4
-10
2
1
-33
-26
18
19
-4
3
3
-7
-2
3
2
1
1
7
15
11
4
-1
-1
8
21
17
5
8
14
11
10
10
11
12
10
0
-10
-17
-23
-30
-26
-23
-27
-15
-4
-13
-10
9
19
30
33
16
14
29
32
15
-2
0
4
-1
-2
1
3
10
9
-13
-30
-31
-28
-33
-34
-20
-10
-15
-12
10
21
15
15
11
-7
-5
21
15
-1
19
28
4
-10
4
7
-3
-4
-1
0
9
25
30
28
31
38
32
8
3
24
27
20
18
34
71
91
99
128
169
204
226
227
227
231
221
219
214
180
155
141
106
66
53
48
33
27
14
-18
-27
-22
-42
-60
-68
-78
-83
-77
-67
-64
-67
-63
-56
-62
-65
-56
-60
-67
-66
-64
-65
-69
-66
-61
-52
-53
-59
-45
-27
-32
-39
-33
-32
-34
-38
-39
-29
-27
-33
-33
-30
-30
-42
-57
-57
-53
-62
-71
-78
-82
-79
-72
-46
-18
-11
-12
-10
-14
-24
-20
-16
-23
-39
-47
-37
-34
-33
-13
-7
-28
-18
9
0
-20
-21
-21
-22
-18
-23
-23
-20
-11
-1
-6
-16
-17
-11
-6
-2
-2
-4
2
-4
-24
-35
-32
-19
-10
-13
-11
4
3
4
20
16
11
22
24
28
29
8
-2
5
-3
-8
1
10
27
29
12
5
5
-1
-10
-16
-16
-14
-30
-48
-44
-33
-29
-32
-31
-31
-35
-36
-35
-36
-28
-9
-14
-28
-18
-9
-13
-5
19
21
8
20
39
35
28
32
21
8
28
51
48
45
65
72
53
42
45
26
6
19
40
33
38
63
58
33
26
17
-2
-3
-3
-13
3
24
29
38
56
54
38
37
54
62
44
28
34
38
35
28
20
8
-6
-11
1
8
-1
3
14
12
4
11
39
52
30
20
30
26
14
12
5
-2
-3
-3
-5
-10
-7
9
11
4
3
-4
-7
3
1
-3
21
34
23
28
30
3
-10
-1
-4
2
23
30
24
14
0
-2
6
6
2
4
3
5
6
-5
-24
-31
-30
-28
-28
-31
-23
-6
8
21
41
47
29
14
10
11
10
15
32
34
14
-5
-20
-31
-27
-23
-14
13
18
0
3
9
-4
-3
-1
-22
-32
-7
20
32
35
39
44
36
23
30
32
22
26
31
32
46
58
51
54
60
46
32
22
4
-13
-25
-35
-30
-14
1
13
22
23
23
27
21
15
19
11
-2
-3
0
-4
-7
-3
17
33
18
22
46
42
31
47
53
35
31
42
41
30
35
50
44
31
27
29
29
25
23
29
25
8
18
47
58
60
58
45
40
46
36
10
-3
-4
-6
-6
-7
-22
-41
-27
-6
4
15
14
-4
-3
7
-3
-1
12
13
22
34
35
35
33
21
22
27
15
2
2
9
10
7
7
9
13
24
33
30
26
30
37
35
38
40
34
37
56
58
46
52
52
34
30
35
32
28
24
19
16
10
5
15
26
20
5
2
18
34
36
33
17
-10
-7
18
25
22
34
39
30
25
36
30
15
22
12
-12
15
52
36
27
36
18
14
34
32
13
11
12
0
-4
0
4
14
36
44
34
33
29
21
13
20
28
21
13
16
13
-4
8
34
32
28
28
22
19
9
14
58
92
86
91
95
79
76
76
59
51
46
32
24
29
26
15
20
34
29
16
15
21
18
6
3
2
-1
6
17
35
36
-18
-31
29
37
-9
-1
17
-13
-26
-15
-17
-26
-23
-20
-32
-40
-36
-40
-45
-41
-30
-17
1
9
-5
-24
-29
-21
-10
5
0
-28
-27
1
3
-4
3
-6
-12
1
9
10
14
14
6
-2
6
5
-15
-17
-4
-8
-13
-9
-1
-2
-8
5
21
8
2
9
0
-7
-5
-5
9
26
31
39
46
49
60
99
141
150
163
197
209
213
240
250
246
241
232
227
217
200
198
170
113
84
68
36
10
-10
-11
3
-5
-22
-31
-42
-50
-54
-66
-77
-75
-84
-98
-76
-58
-88
-110
-89
-87
-110
-106
-98
-107
-119
-132
-151
-168
-186
-220
-244
-247
-253
-264
-260
-251
-263
-276
-270
-265
-260
-258
-262
-255
-249
-255
-265
-269
-255
-237
-238
-242
-235
-243
-244
-224
-214
-203
-191
-192
-205
-218
-226
-218
-193
-186
-205
-224
-215
-229
-275
-258
-185
-143
-133
-107
-81
-69
-51
-33
-19
-13
-5
27
54
42
28
29
32
40
50
37
12
1
3
4
-2
7
22
33
55
24
-4
62
110
83
82
96
73
63
77
79
72
60
63
75
83
91
98
90
89
103
106
93
91
94
90
92
91
78
56
36
37
49
30
4
9
15
12
22
30
28
41
58
58
56
60
65
67
69
74
82
91
86
66
59
65
64
59
60
61
58
59
60
60
63
59
55
57
67
70
76
79
75
72
73
65
48
44
58
62
55
59
68
57
51
62
56
47
51
49
41
36
23
20
36
42
42
57
60
44
30
31
28
30
34
25
41
78
82
71
71
52
25
26
32
32
38
34
17
14
19
9
-5
4
26
32
25
19
23
23
21
18
18
27
28
18
23
43
48
32
15
6
-11
-21
0
16
9
11
29
31
25
21
8
-5
-4
0
-6
-4
16
35
32
13
0
4
5
0
9
20
11
3
21
35
32
33
36
34
30
25
28
38
44
44
43
44
45
33
21
31
53
59
53
50
47
44
48
43
35
33
29
33
52
63
52
42
44
49
52
54
45
34
43
57
60
65
54
36
29
21
10
15
29
29
30
44
60
53
36
44
59
44
27
42
47
25
26
52
62
60
63
51
30
15
2
-6
7
24
16
0
-2
3
1
-6
7
31
39
32
35
42
42
28
5
-7
-5
-1
5
2
-5
-2
4
-1
0
5
-3
-15
-9
7
-7
-27
-17
-17
-30
-19
-4
-12
-17
-18
-32
-36
-17
2
-1
-7
6
15
6
-3
-5
-7
-18
-28
-27
-25
-33
-42
-36
-27
-29
-33
-31
-31
-35
-25
-3
7
-2
-1
20
36
33
31
45
49
45
43
39
32
27
23
21
28
36
30
13
9
23
29
30
28
27
32
34
30
20
4
-7
-2
-1
-20
-24
19
51
39
41
59
49
37
45
41
31
31
32
31
34
43
43
32
30
21
2
4
9
-5
-6
4
8
21
34
32
20
8
16
37
23
-2
3
9
-6
-2
18
23
15
12
6
-2
-10
-20
-29
-35
-30
-15
-18
-37
-38
-25
-25
-38
-55
-68
-66
-65
-62
-45
-37
-52
-63
-47
-25
-28
-39
-35
-40
-49
-33
-13
-6
0
0
-4
-2
-3
-8
-2
5
3
-5
-11
-16
-22
-14
4
9
4
7
6
-2
-2
-11
-33
-28
-15
-26
-24
2
4
-10
-2
-3
-30
-32
-8
1
-4
-1
5
3
-5
-20
-30
-19
2
6
-2
1
7
0
-4
3
-6
-23
-26
-16
-13
-6
15
30
24
1
-10
3
4
-5
-4
-5
-28
-41
-27
-13
-10
-4
8
2
-10
-8
-1
8
15
21
24
26
20
4
-17
-26
-30
-35
-19
7
-5
-25
-3
18
3
-7
0
7
5
1
1
-3
-23
-36
-31
-33
-31
-21
-18
-13
0
5
3
3
4
9
31
65
107
137
149
168
202
237
237
211
183
169
153
124
106
105
91
64
52
35
2
-16
-25
-33
-31
-24
-37
-57
-60
-57
-73
-76
-65
-73
-80
-58
-34
-30
-29
-19
-22
-46
-66
-76
-75
-61
-60
-61
-42
-25
-41
-60
-63
-73
-82
-55
-14
2
3
3
-11
-25
-25
-29
-38
-36
-41
-65
-66
-44
-45
-51
-39
-31
-30
-20
-14
-6
-14
-46
-60
-47
-37
-35
-34
-31
-32
-33
-19
-3
-14
-32
-27
-22
-30
-16
8
-1
-17
-14
-17
-36
-34
-13
-16
-36
-32
-18
-31
-46
-31
-25
-33
-32
-36
-54
-57
-45
-45
-43
-42
-44
-41
-46
-54
-41
-25
-28
-36
-28
-13
-8
-10
-3
-5
-30
-44
-39
-33
-23
-4
5
-7
-25
-30
-18
-7
-23
-37
-22
-11
-10
-4
-3
-4
-1
-3
0
-6
-25
-21
0
-2
-7
10
25
30
23
6
-5
-17
-34
-36
-30
-30
-21
-10
-25
-32
-20
-20
-13
6
-2
-13
4
12
-1
-2
-1
-5
10
27
34
31
17
14
26
16
-2
8
12
4
19
32
33
34
31
34
42
39
33
37
36
29
27
28
26
22
20
12
5
13
30
43
47
52
66
72
55
40
37
29
25
30
27
20
15
4
-5
1
15
14
1
-6
-1
-1
-9
-2
12
16
-1
3
26
20
-6
-9
13
34
44
33
31
49
48
31
18
6
-2
2
1
-6
-1
12
21
26
25
24
24
11
-4
4
26
32
26
28
27
19
15
14
3
-3
-2
-3
9
20
7
3
18
27
33
24
2
2
11
-4
-7
1
1
9
12
3
4
14
22
26
33
35
20
0
-4
-12
-31
-37
-31
-35
-42
-40
-30
-32
-51
-65
-53
-41
-46
-43
-33
-43
-58
-68
-69
-53
-37
-27
-10
-1
-1
-1
-12
-27
-26
-23
-32
-35
-14
8
6
8
29
36
25
23
19
10
1
-9
-12
-3
13
20
8
2
6
-6
-27
-29
-18
-12
0
13
12
9
24
37
33
32
27
-1
-21
-25
-35
-28
-1
2
-4
5
-7
-26
-14
-1
-11
-23
-32
-32
-17
-6
-10
-17
-13
-6
-4
-13
-20
-23
-24
-20
-23
-16
3
3
-3
19
34
15
2
11
17
17
23
34
35
29
38
46
32
23
36
41
26
29
41
34
26
33
33
28
28
28
27
23
16
9
11
10
9
13
11
-2
-15
-21
-19
-7
2
9
14
17
20
13
2
-2
-1
-2
-5
-3
8
11
-1
-4
-6
-2
22
37
39
46
48
32
18
14
4
-5
-5
2
-1
-11
11
39
26
33
90
113
82
66
69
69
54
44
45
47
39
37
47
48
36
35
44
29
0
0
3
0
4
3
0
13
20
5
-4
-3
1
16
29
29
28
30
32
22
3
-4
-1
5
10
21
24
18
10
6
11
24
27
18
5
-2
-6
-13
-14
-8
-15
-34
-33
-19
-18
-19
-25
-35
-35
-33
-37
-24
3
3
-15
-22
-25
-31
-31
-25
-24
-19
-11
-16
-36
-37
-15
-15
-32
-22
1
6
-2
-2
-1
3
0
-10
-6
10
13
5
-5
-12
-6
5
-1
-14
0
24
21
-6
-11
1
-8
-11
9
18
25
63
117
148
162
197
229
231
226
226
211
203
197
154
102
87
99
91
52
18
12
12
-2
-10
3
6
1
-4
-16
-31
-28
-23
-41
-61
-67
-62
-61
-60
-48
-30
-27
-48
-59
-40
-26
-34
-44
-32
-20
-33
-58
-68
-74
-85
-93
-95
-87
-68
-38
-21
-19
-19
-12
-15
-28
-25
-16
-13
-6
8
29
55
77
73
53
32
18
8
3
1
-9
-2
20
19
19
43
47
35
36
34
37
59
73
63
51
48
47
43
39
35
35
34
30
37
45
38
31
34
44
58
69
73
66
40
25
26
7
-9
-5
5
16
38
55
64
67
56
35
16
16
24
39
62
80
84
74
59
61
64
47
39
43
31
21
29
28
18
20
23
25
31
31
29
34
35
38
59
67
63
75
70
37
10
-10
-29
-35
-29
-23
-10
3
-3
-6
10
30
44
54
45
23
15
18
21
16
-6
-29
-34
-32
-19
6
24
37
45
31
32
55
51
34
35
37
31
31
32
31
34
32
23
30
45
44
33
34
40
38
32
30
33
29
23
23
10
0
9
22
33
33
12
-6
-1
6
5
-3
-1
20
22
-2
-4
14
24
30
30
27
26
11
-6
-3
13
22
29
34
34
32
30
33
38
40
35
28
28
33
35
24
4
-7
8
20
17
14
7
-2
-11
-14
-12
-6
0
2
10
25
28
12
5
7
-4
-7
-1
-1
-3
-2
-2
6
7
-13
-34
-35
-30
-34
-27
-5
10
21
43
55
50
39
32
45
50
31
23
36
36
26
36
46
37
23
27
34
18
0
-3
2
6
18
29
29
28
27
17
10
15
14
-2
-6
5
8
6
19
33
33
23
7
0
12
16
1
