-25
-32
-40
-48
-48
-48
-59
-60
-57
-56
-42
-36
-47
-41
-11
-4
-26
-34
-22
-23
-31
-30
-33
-38
-32
-14
4
6
8
19
20
3
-5
-1
-1
7
-3
-28
-21
4
7
-9
-24
-27
-9
2
-10
-26
-43
-48
-31
-42
-83
-80
-58
-65
-58
-37
-45
-46
-21
-31
-52
-47
-48
-57
-56
-50
-33
-18
-29
-31
0
8
-7
-4
-2
-14
-22
-24
-29
-35
-51
-63
-51
-36
-41
-52
-65
-68
-37
-22
-57
-58
-19
-32
-67
-54
-36
-49
-55
-42
-31
-24
-20
-23
-27
-27
-27
-31
-35
-38
-37
-36
-38
-35
-36
-30
-18
-19
-20
-2
4
-17
-19
-8
-25
-35
-14
3
0
0
1
1
-7
-19
-2
0
-13
12
15
-32
-51
-25
-18
-31
-33
-24
-12
-3
-6
-21
-35
-27
-10
-7
-10
-12
-21
-40
-51
-41
-18
4
4
1
-1
3
11
1
-7
8
16
4
5
0
-5
8
14
12
18
24
18
6
-3
-2
-4
-16
-14
-19
-28
-19
-11
-23
-39
-29
-7
-8
-24
-21
-15
-22
-23
-22
-45
-67
-56
-39
-49
-66
-62
-51
-40
-47
-74
-77
-55
-51
-61
-62
-54
-35
-23
-26
-22
-7
1
4
6
5
1
0
-5
-1
9
-3
-21
-11
13
9
-16
-33
-30
-22
-28
-33
-31
-35
-44
-44
-35
-34
-33
-30
-38
-54
-62
-47
-31
-53
-71
-53
-45
-55
-52
-64
-85
-72
-52
-54
-54
-38
-24
-27
-27
-17
-16
-31
-34
-12
1
1
24
37
14
11
34
19
-1
7
0
-10
-15
-23
-11
1
-3
11
40
36
29
40
38
32
22
2
-22
-44
-54
-44
-26
-36
-60
-52
-26
-24
-37
-36
-28
-22
5
22
11
0
-13
-21
-16
-24
-43
-50
-62
-62
-31
-42
-92
-83
-25
-22
-63
-59
-33
-48
-72
-62
-56
-63
-58
-61
-85
-101
-91
-82
-88
-78
-72
-95
-90
-59
-57
-72
-61
-49
-35
-22
-45
-66
-64
-79
-92
-72
-64
-80
-84
-87
-104
-110
-91
-64
-59
-60
-62
-88
-96
-66
-57
-60
-30
-19
-48
-60
-33
-8
-12
-17
10
27
1
-18
-4
8
7
16
25
12
0
5
5
-5
-6
-18
-22
1
-7
-32
-32
-33
-41
-33
-17
2
6
-8
8
35
35
26
16
12
27
46
53
49
34
25
22
20
28
32
46
66
52
26
41
64
58
56
80
93
85
84
91
92
94
116
142
144
117
113
124
95
77
92
78
58
67
63
63
88
96
95
90
61
50
61
47
34
57
70
54
52
59
55
58
69
65
66
74
62
46
44
50
55
58
72
102
111
94
92
85
59
55
56
44
51
63
49
54
71
48
32
55
49
19
33
56
22
10
51
73
129
286
455
544
586
641
666
612
593
652
597
476
536
636
550
457
443
420
429
467
439
389
387
393
374
356
338
315
294
291
287
278
269
237
178
158
183
191
182
188
178
143
142
161
155
129
111
119
117
93
83
95
88
60
63
75
63
62
71
57
34
31
15
-4
12
23
1
1
35
23
-22
-30
-17
-30
-61
-62
-16
7
-17
-20
-1
-19
-56
-48
-31
-53
-72
-57
-42
-35
-28
-52
-79
-66
-58
-67
-54
-32
-46
-77
-93
-84
-80
-105
-131
-127
-120
-127
-134
-132
-124
-121
-125
-123
-129
-148
-152
-150
-157
-148
-130
-130
-133
-111
-93
-98
-113
-123
-114
-96
-87
-97
-111
-97
-86
-105
-119
-111
-119
-130
-119
-114
-124
-127
-121
-124
-120
-117
-124
-118
-89
-74
-87
-90
-64
-64
-91
-83
-68
-89
-114
-118
-104
-86
-100
-119
-92
-61
-60
-62
-52
-63
-96
-84
-59
-78
-89
-78
-83
-81
-61
-62
-73
-78
-81
-70
-55
-67
-81
-66
-48
-65
-83
-85
-117
-125
-54
-8
-39
-69
-60
-53
-75
-103
-108
-92
-77
-72
-79
-89
-91
-95
-97
-91
-94
-97
-91
-94
-100
-92
-79
-81
-91
-93
-91
-90
-86
-85
-84
-77
-71
-70
-78
-91
-88
-64
-59
-66
-55
-58
-89
-97
-83
-79
-76
-71
-72
-58
-42
-50
-65
-60
-58
-70
-81
-75
-53
-65
-87
-62
-28
-44
-75
-62
-39
-43
-43
-17
4
-1
4
10
3
5
4
-2
6
23
37
44
40
29
26
36
37
21
18
22
7
11
30
15
-18
-20
-4
2
-8
-21
-21
-29
-44
-34
-5
-15
-63
-74
-25
14
-10
-37
-17
11
7
-18
-39
-27
4
8
-9
-9
1
-12
-37
-40
-24
-25
-28
-4
5
-20
-34
-33
-38
-21
8
5
1
3
5
23
26
1
-9
3
2
-12
-22
-9
24
37
29
30
23
0
-9
-2
-11
-37
-40
-24
-12
-11
-16
-25
-24
-8
5
12
15
-2
-11
18
34
4
-15
-1
-5
-17
-10
-17
-37
-34
-13
0
10
11
-2
0
22
29
12
-1
1
10
12
17
25
19
1
-14
-8
10
11
-10
-26
-29
-22
-14
-19
-27
-7
20
23
25
24
2
3
30
24
8
20
42
54
36
10
20
34
18
13
30
36
27
33
53
50
36
42
61
66
54
60
82
78
56
62
66
34
-2
-5
24
44
39
31
27
26
39
48
38
30
14
-16
1
62
57
6
31
88
56
13
45
76
63
39
21
17
26
41
34
11
20
62
78
72
83
89
80
64
36
23
43
63
49
20
32
74
74
53
60
54
22
21
39
27
28
43
22
14
32
19
14
64
83
31
0
4
7
31
48
34
29
46
57
55
36
21
44
69
62
60
62
56
57
44
13
12
39
39
12
0
2
3
-4
-13
3
32
21
1
21
40
30
35
50
52
38
20
43
75
54
47
62
40
15
20
24
28
16
-12
15
59
44
37
54
31
14
31
29
30
56
59
16
-14
13
37
5
-6
31
40
31
32
15
19
52
49
10
-7
28
35
-29
-42
10
11
-8
40
112
182
267
328
335
352
426
455
427
468
513
410
325
386
399
337
333
334
274
283
363
354
324
338
328
328
366
318
218
253
309
269
272
267
208
239
317
267
193
197
192
204
208
141
131
189
160
105
162
196
140
138
180
186
148
103
115
141
118
117
136
89
62
91
55
46
104
92
35
65
97
48
19
23
32
67
20
-51
33
118
52
-1
41
51
29
34
34
29
29
28
28
36
32
3
-26
-2
49
24
-18
12
23
-16
1
50
44
6
35
88
48
27
64
31
14
38
-38
-85
-45
-37
-10
30
8
21
97
135
115
81
92
149
232
289
265
267
355
404
311
362
433
227
258
640
716
543
661
827
794
758
749
838
916
811
762
853
771
605
722
888
774
707
828
827
735
713
713
689
632
603
660
683
588
549
625
666
607
564
567
590
604
496
429
571
634
483
440
541
533
456
416
424
462
398
341
419
427
324
340
414
379
344
368
338
278
281
287
205
185
304
328
237
208
187
175
219
216
156
146
167
126
83
133
179
109
70
128
120
46
42
85
77
54
59
57
49
70
98
56
26
76
95
54
40
65
44
-6
-14
-7
3
7
-35
-65
-30
-22
-75
-70
-30
-41
-76
-106
-122
-138
-138
-132
-198
-219
-150
-171
-242
-190
-151
-211
-212
-192
-237
-257
-243
-275
-318
-288
-265
-298
-301
-271
-275
-320
-337
-319
-327
-382
-396
-341
-331
-395
-437
-405
-375
-399
-421
-396
-358
-390
-451
-415
-357
-404
-440
-394
-382
-400
-407
-436
-436
-402
-423
-459
-445
-399
-361
-368
-414
-420
-359
-342
-404
-407
-335
-325
-369
-383
-394
-401
-409
-444
-419
-355
-369
-418
-419
-409
-424
-410
-379
-379
-359
-334
-398
-413
-315
-314
-387
-377
-351
-371
-383
-367
-323
-315
-329
-285
-268
-316
-325
-304
-304
-306
-314
-304
-283
-308
-301
-232
-242
-296
-278
-258
-267
-245
-234
-258
-291
-292
-258
-253
-284
-295
-275
-255
-260
-274
-288
-313
-320
-289
-254
-238
-228
-233
-250
-247
-235
-231
-230
-208
-212
-247
-221
-163
-192
-240
-204
-162
-195
-234
-214
-174
-171
-199
-212
-196
-209
-238
-215
-170
-182
-207
-201
-195
-173
-140
-146
-176
-191
-189
-170
-173
-186
-159
-137
-175
-204
-180
-149
-125
-134
-173
-211
-223
-211
-204
-213
-189
-145
-139
-144
-171
-196
-163
-152
-197
-202
-173
-195
-222
-208
-187
-185
-192
-183
-167
-150
-147
-168
-172
-154
-154
-155
-128
-122
-141
-128
-112
-123
-124
-109
-116
-127
-105
-76
-94
-145
-120
-57
-75
-119
-113
-103
-98
-79
-100
-112
-75
-62
-82
-98
-99
-91
-96
-113
-113
-89
-65
-66
-88
-90
-62
-39
-22
-28
-55
-60
-68
-100
-96
-68
-86
-115
-94
-79
-93
-83
-60
-66
-70
-53
-66
-89
-82
-78
-89
-100
-99
-79
-64
-66
-68
-56
-42
-24
-16
-24
-34
-33
-7
2
-21
-16
4
-16
-35
-38
-54
-51
-35
-56
-69
-53
-59
-68
-64
-79
-90
-90
-103
-103
-93
-100
-90
-61
-59
-61
-49
-58
-83
-95
-99
-91
-80
-86
-87
-68
-54
-52
-52
-68
-67
-41
-49
-85
-91
-86
-106
-127
-120
-117
-125
-115
-88
-76
-98
-124
-108
-87
-110
-143
-142
-105
-71
-91
-120
-101
-101
-131
-118
-87
-83
-100
-114
-125
-116
-89
-80
-102
-102
-78
-87
-91
-41
11
63
167
256
284
329
381
374
381
429
405
350
313
259
229
173
93
106
139
77
8
-21
-26
26
31
-23
-20
-30
-52
-36
-55
-100
-117
-96
-66
-61
-70
-36
-21
-55
-44
-49
-72
-43
-38
-73
-75
-71
-90
-78
-82
-104
-88
-86
-104
-84
-43
-55
-91
-101
-93
-96
-113
-126
-122
-104
-88
-89
-92
-90
-98
-94
-76
-83
-86
-71
-73
-81
-51
-32
-57
-70
-48
-49
-94
-90
-27
-16
-66
-84
-64
-64
-68
-63
-60
-58
-44
-31
-34
-46
-73
-68
-20
3
-29
-61
-59
-38
-24
-40
-59
-66
-73
-82
-79
-50
-21
-32
-52
-45
-44
-57
-59
-62
-68
-69
-75
-80
-73
-63
-59
-66
-62
-53
-65
-91
-93
-84
-110
-132
-112
-83
-93
-105
-81
-75
-97
-102
-79
-70
-82
-94
-95
-72
-65
-90
-99
-84
-90
-100
-82
-66
-69
-74
-69
-61
-64
-72
-75
-73
-69
-58
-45
-49
-66
-61
-42
-49
-60
-56
-64
-59
-46
-59
-50
-6
-11
-49
-39
-23
-46
-64
-64
-62
-79
-103
-97
-71
-59
-51
-30
-26
-30
-25
-32
-38
-37
-45
-25
6
-18
-75
-99
-86
-67
-54
-56
-58
-62
-71
-51
-6
5
-23
-39
-35
-25
-33
-57
-50
-21
-27
-41
-31
-21
-24
-12
22
26
-8
-1
44
52
34
27
24
26
32
20
9
-8
-20
-17
-16
-25
-28
-12
2
6
21
37
31
12
-2
-10
-13
-26
-35
-4
15
5
14
22
8
2
8
6
-1
-4
-5
-13
-34
-34
-22
-34
-30
-5
-1
-13
-3
21
38
25
2
17
26
14
28
51
29
-7
-6
1
-5
-1
19
22
-1
2
23
19
8
14
7
-14
5
39
29
16
31
41
28
6
1
22
28
-3
7
50
48
4
-11
15
30
19
11
12
7
3
1
-2
-2
-1
9
16
-2
-4
32
52
30
14
25
24
2
-2
7
-5
-9
27
32
10
46
100
94
52
35
37
40
31
18
36
75
93
90
93
91
81
77
80
80
77
83
93
92
88
97
105
106
117
116
111
122
133
114
80
61
48
39
19
-3
11
31
9
-8
13
17
-5
-3
16
12
6
18
15
-2
14
41
39
52
75
65
62
77
68
67
90
88
75
77
59
44
67
75
46
33
39
37
47
67
64
56
78
92
69
55
59
54
48
57
61
66
92
111
111
106
101
92
72
43
34
34
18
13
19
6
-3
15
40
56
48
26
40
78
91
88
91
91
88
94
91
86
102
101
58
42
69
67
47
64
93
97
83
86
102
84
66
81
73
39
45
70
54
28
34
56
73
77
64
60
84
100
73
53
79
96
70
54
67
66
55
61
63
47
36
52
61
37
25
31
30
30
33
28
35
40
19
9
10
7
17
31
29
27
24
11
12
23
27
31
30
28
45
67
65
58
58
51
33
24
42
67
68
64
63
52
55
58
31
14
20
18
11
14
17
32
48
38
31
38
38
31
26
33
41
26
10
46
78
52
24
16
13
31
38
22
28
41
35
35
35
29
32
7
-29
-17
7
0
-2
4
2
5
-5
-13
6
12
-2
-2
-4
-6
18
36
34
29
20
22
35
25
10
26
36
32
32
21
18
26
11
-1
25
37
12
-7
4
21
21
20
37
39
30
44
55
43
23
-1
-1
25
28
22
23
15
5
4
15
34
31
19
39
40
9
16
54
57
31
31
57
79
97
110
110
85
62
82
106
101
136
221
238
198
236
296
246
179
189
128
6
78
240
243
182
196
212
219
256
269
249
240
234
216
213
237
239
201
148
137
176
172
126
128
158
158
162
177
171
152
128
112
121
118
99
129
179
144
105
141
136
101
129
134
81
77
106
79
57
112
154
127
107
107
71
53
91
108
76
52
63
65
55
65
79
87
85
71
49
13
4
52
72
37
38
61
63
65
29
-7
26
48
27
27
18
-10
9
39
33
31
33
34
25
2
5
22
-1
-13
30
30
-22
-25
-6
-22
-44
-46
-36
-20
-13
-30
-28
4
10
-20
-27
-17
-15
7
6
-34
-46
-22
-30
-43
-14
14
0
-19
0
8
-17
-17
-9
-33
-46
-26
-9
-9
-34
-45
-5
6
-26
-22
-8
-29
-42
-48
-65
-54
-30
-33
-42
-28
-11
-25
-38
-29
-30
-35
-36
-52
-67
-57
-29
-9
-12
-29
-32
-34
-43
-25
9
-1
-24
1
25
-2
-20
2
3
-22
-26
-3
8
5
20
35
18
-7
-8
-14
-22
-7
-2
-9
5
19
15
25
31
15
1
-2
14
30
24
15
5
-16
-11
6
-8
-20
-6
17
21
5
-3
5
12
18
2
-39
-48
-18
-22
-60
-53
-23
-49
-62
-14
-9
-50
-37
15
30
5
-21
-30
-23
-4
14
10
-22
-37
-27
-31
-46
-37
-23
-32
-37
-23
-22
-38
-30
10
33
25
26
35
32
25
29
44
32
-1
-1
16
0
-20
-8
4
-4
-12
-22
-31
-24
-1
4
-21
-41
-34
-16
3
11
6
-1
-7
-17
-18
1
9
-17
-30
5
18
-17
-32
-19
-16
-9
8
2
-30
-33
-21
-44
-64
-36
-18
-34
-27
3
8
-16
-23
-2
-2
-12
9
28
25
27
37
26
-8
-31
-39
-55
-51
-25
-35
-40
-8
-9
-20
14
29
10
6
-3
-31
-37
-18
-12
-17
-20
-26
-36
-32
-12
0
-20
-39
-7
38
37
18
19
31
33
22
21
39
33
-6
-9
23
19
-4
-5
-19
-25
13
30
-1
-4
7
-5
-12
-15
-10
-8
-15
-14
-1
-1
-3
9
6
-7
-9
-11
-15
-14
1
17
31
47
50
39
20
1
0
24
41
30
21
24
21
26
44
40
36
52
47
24
29
28
0
0
35
54
45
20
9
10
2
1
21
35
27
25
43
62
54
40
61
64
27
20
33
22
10
32
50
39
39
75
103
95
95
96
76
68
62
49
54
63
58
71
94
104
115
123
109
93
106
132
145
151
153
148
143
121
91
87
77
59
54
41
33
63
75
33
24
74
104
81
63
77
80
59
39
18
2
4
10
18
29
29
34
31
13
13
29
29
18
14
19
22
8
-3
-5
-19
-33
-31
-11
5
-23
-42
0
30
22
20
10
-3
21
44
24
1
-22
-41
-29
-20
-40
-48
-37
-37
-30
-29
-45
-32
-6
-20
-29
-11
5
-2
-35
-49
-39
-56
-68
-51
-61
-82
-67
-65
-85
-73
-26
8
25
82
174
231
266
315
334
343
410
439
351
301
348
320
199
142
143
94
53
49
31
19
23
4
-18
-25
-31
-25
-47
-70
-28
-11
-51
-72
-74
-77
-71
-59
-47
-25
-24
-45
-58
-55
-51
-65
-70
-62
-58
-57
-62
-67
-45
-7
-8
-24
-18
-21
-39
-53
-61
-48
-27
-38
-47
-29
-30
-44
-44
-42
-52
-67
-64
-52
-51
-41
-26
-42
-67
-59
-51
-69
-67
-48
-42
-52
-61
-55
-40
-42
-47
-17
2
-24
-22
6
-3
-31
-30
-14
-29
-49
-34
-8
-18
-44
-57
-54
-40
-34
-26
-12
-21
-40
-49
-61
-65
-62
-59
-51
-46
-43
-32
-25
-37
-52
-57
-59
-57
-55
-47
-33
-29
-34
-17
10
9
-5
-2
0
-4
2
-1
-10
-4
3
-17
-32
-21
-11
-3
-5
-11
-31
-58
-57
-44
-57
-73
-53
-34
-30
-26
-27
-28
-28
-28
-35
-35
-30
-36
-34
-28
-28
-17
7
3
-7
6
10
4
-11
-30
-24
-23
-49
-44
-31
-44
-17
16
-25
-48
-15
-7
-20
-21
-30
-30
-14
-32
-55
-18
21
-1
-32
-29
-19
-33
-61
-50
-19
-45
-76
-51
-21
-31
-39
-21
0
-2
-16
-22
-45
-57
-30
-13
-38
-39
-8
-16
-38
-28
-21
-33
-40
-37
-40
-46
-43
-28
-27
-31
-20
-27
-39
-20
-13
-37
-37
-17
-22
-23
-10
-8
-8
4
-1
-25
-36
-28
-11
2
-5
0
30
30
13
29
42
10
-11
17
29
-4
-30
-5
19
-3
-20
-2
17
-6
-29
-8
10
-7
-7
-6
-15
-8
-9
-29
-27
-30
-56
-61
-45
-31
-14
1
7
-6
-32
-37
-18
0
-1
-22
-31
-6
17
8
-7
4
27
40
35
32
30
30
41
34
11
-3
-6
11
26
19
7
-3
-23
-16
18
28
25
27
25
27
37
33
17
35
63
49
19
20
32
21
6
-1
1
10
19
29
37
27
5
9
15
-8
-5
25
17
-6
3
9
-5
-11
-13
-12
-13
-30
-26
2
5
0
14
26
30
18
-6
-4
3
-8
-6
12
-1
-28
-34
-44
-54
-24
8
-4
-2
15
-14
-30
4
10
-23
-44
-40
-20
3
4
0
5
1
-6
-6
-4
-8
-1
20
23
11
5
-4
-3
9
-5
-37
-36
-10
6
2
-2
-1
-6
-1
2
-16
-19
6
8
-3
13
14
-7
12
45
28
3
-3
-5
9
34
42
40
42
42
32
22
26
34
26
28
31
28
47
71
59
32
31
47
48
30
21
31
24
14
27
31
27
30
31
24
14
17
20
12
9
9
-10
-21
12
33
25
32
38
26
24
34
29
32
34
20
32
64
67
43
34
42
43
20
-2
11
31
32
27
25
25
35
35
14
3
12
22
35
44
40
40
65
82
53
23
29
31
23
37
57
53
48
37
16
21
39
21
8
30
42
29
21
32
42
35
26
30
22
-2
4
30
35
16
1
3
8
0
-2
13
20
12
6
6
5
-1
2
11
16
7
-4
-1
13
8
-8
6
33
36
28
30
31
31
45
65
54
27
39
62
57
59
68
62
61
65
65
71
70
61
58
58
55
58
69
66
53
67
89
80
50
37
31
9
-3
25
46
40
44
38
13
39
83
93
108
152
197
241
287
331
392
429
403
348
328
328
279
221
213
180
88
49
94
101
55
44
62
43
32
76
103
95
83
58
41
44
28
21
51
74
61
49
43
17
-5
13
18
-22
-26
4
-17
-42
-8
10
-28
-59
-47
-35
-41
-41
-40
-45
-27
9
-2
-43
-41
-23
-29
-34
-27
-26
-34
-32
-21
-10
-21
-36
-19
6
-5
-53
-65
-27
3
-1
-25
-37
-21
-13
-39
-50
-31
-10
-8
-26
-21
7
-3
-41
-37
-45
-80
-35
33
21
-8
0
-8
-26
-21
-3
21
23
5
-5
-9
3
18
2
-15
-3
5
4
4
-13
-20
-31
-62
-40
14
5
-15
8
12
-4
-1
11
28
26
4
1
7
1
0
24
43
13
-29
-7
37
29
8
8
3
-2
11
21
16
3
-1
21
50
34
4
11
24
16
-1
-19
-15
3
7
-2
-10
-11
0
10
9
11
6
10
13
-16
-25
15
38
20
4
4
2
-3
-10
-15
-25
-34
-29
-13
-1
10
28
38
33
28
32
30
29
28
13
-8
-10
4
3
6
16
11
-6
-5
11
23
33
27
22
24
16
16
31
29
4
-1
8
6
-1
-2
2
-12
-26
-13
2
6
16
33
25
-7
-10
21
27
-3
-19
-16
-16
-28
-41
-33
-29
-38
-37
-26
-11
2
-3
-6
-4
-28
-26
15
16
-20
-18
-5
-4
20
28
13
24
43
34
20
20
9
-7
0
19
28
22
16
11
9
12
4
-6
1
11
18
27
23
13
29
27
9
4
-15
-20
12
19
-2
4
25
32
39
28
12
22
35
28
25
38
28
23
51
57
43
53
64
54
61
81
76
49
52
82
87
72
68
64
53
53
54
53
79
99
79
55
61
68
70
77
61
38
43
48
36
27
18
9
33
63
54
52
69
57
30
28
35
28
16
13
22
27
28
29
21
18
34
36
25
30
41
32
19
17
24
33
29
28
43
59
61
58
61
66
62
60
64
51
34
42
59
61
55
61
69
63
60
59
55
62
70
66
60
48
28
24
33
34
25
14
20
36
23
0
8
34
35
15
1
-3
2
5
-1
8
13
-6
-16
-15
-13
0
13
-7
-30
-30
-27
-30
-33
-39
-32
-15
-10
-25
-30
-25
-36
-44
-33
-24
-32
-34
-21
-4
8
3
5
24
35
26
10
-2
-3
4
2
-1
3
7
-4
-27
-28
-12
6
12
9
12
18
3
-12
9
21
5
4
12
9
12
29
35
29
30
24
7
-9
0
25
31
5
-14
4
24
24
24
29
32
43
60
65
66
63
41
10
-2
2
-5
-11
-4
-5
-9
4
25
21
4
9
21
3
-10
7
11
11
30
33
21
21
22
18
19
20
16
4
-1
6
-5
-30
-31
-25
-34
-27
-5
-13
-41
-37
-7
9
4
1
2
-8
-33
-46
-27
-12
-25
-25
-1
2
-1
12
17
15
35
49
30
1
-13
-15
-10
2
5
1
7
15
14
1
-10
-1
7
7
16
31
34
27
18
16
12
-3
7
29
16
-3
-3
-6
-11
-5
0
-2
5
-5
-31
-41
-46
-52
-52
-43
-45
-51
-54
-52
-46
-50
-67
-82
-68
-44
-56
-63
-39
-21
-24
-26
-51
-94
-107
-103
-103
-88
-51
-35
-35
-27
-27
-18
-1
-13
-42
-47
-36
-38
-28
-17
-30
-45
-50
-43
-38
-28
-21
-19
-4
-4
-30
-41
-24
-34
-52
-31
-26
-48
-43
-21
-16
5
34
40
85
166
219
300
380
380
401
460
439
324
243
241
226
147
101
116
108
124
162
153
133
133
120
95
96
110
102
71
60
71
44
11
45
71
44
41
53
40
49
66
56
64
84
75
72
81
62
36
49
40
-7
-3
47
48
18
17
38
27
-19
-19
16
2
-20
7
27
17
13
-10
-27
-8
-29
-64
-30
10
-23
-53
-20
6
-13
-44
-35
-16
-23
-34
-42
-42
-33
-27
-33
-40
-23
-1
-17
-37
-20
-8
-18
-23
-36
-31
-24
-48
-41
-6
-9
-50
-82
-64
-7
11
-14
-6
5
-21
-43
-42
-45
-48
-36
-38
-63
-64
-39
-37
-37
-27
-50
-77
-61
-38
-42
-45
-48
-48
-35
-38
-46
-36
-47
-69
-58
-47
-60
-57
-45
-32
-34
-58
-46
-11
-8
-10
4
0
-6
5
-1
-22
-30
-27
-28
-31
-28
-28
-45
-48
-42
-50
-57
-44
-34
-31
-26
-14
4
6
-6
5
9
-3
17
25
-10
-30
-41
-47
-13
5
-18
-15
-7
-37
-39
-16
-19
-19
-11
-27
-40
-27
-25
-46
-57
-46
-36
-45
-49
-48
-65
-69
-46
-49
-62
-39
-21
-32
-52
-66
-64
-43
-25
-28
-49
-62
-54
-70
-100
-75
-25
-25
-52
-62
-54
-40
-46
-57
-39
-16
-30
-59
-61
-70
-78
-39
8
-11
-41
-22
-16
-31
-33
-39
-54
-46
-36
-59
-68
-32
-16
-43
-64
-58
-58
-74
-56
-14
-22
-54
-34
5
-5
-32
-29
-24
-41
-37
-13
-16
-25
-13
-18
-29
-16
5
1
-25
-30
-4
-3
-13
10
22
14
24
16
-14
-4
14
-17
-44
-37
-24
-20
-23
-8
15
-5
-33
-14
-3
-24
-32
-23
-20
-30
-33
-5
16
-2
-5
3
-5
1
0
-29
-22
31
60
39
13
20
21
-5
14
57
33
11
24
1
-7
41
35
-6
15
41
26
27
35
28
42
59
44
33
59
76
65
58
67
75
74
74
71
73
76
44
30
90
138
106
79
101
108
78
55
55
63
49
29
33
35
32
47
48
25
38
69
71
63
53
56
55
42
42
49
45
15
-1
20
44
30
1
-3
10
36
43
27
29
45
50
40
39
32
4
0
26
34
28
29
38
25
0
17
55
47
8
14
32
7
-8
29
48
15
7
20
7
-2
5
1
6
31
61
71
44
20
37
46
8
-12
2
0
-12
-3
6
-5
-2
2
-4
4
30
43
15
7
37
40
13
8
23
29
31
30
37
50
33
26
36
23
9
18
13
-8
1
21
35
48
42
38
54
68
51
33
48
67
77
68
55
76
96
56
21
49
75
69
51
57
85
83
51
35
33
37
28
2
-8
-4
-1
21
35
26
28
27
9
-11
-2
13
-3
-15
-10
-12
-10
-11
-33
-35
-28
-45
-32
3
-4
-6
23
39
47
66
60
41
32
7
-6
15
18
-8
0
21
8
-4
11
1
-36
-27
2
-1
-5
2
17
45
50
15
-12
-23
-34
-37
-23
7
10
-17
-13
14
-2
-6
25
19
14
59
75
38
8
0
14
32
15
-11
9
42
14
-47
-44
-10
-33
-60
-36
-26
-52
-60
-23
43
110
199
287
278
276
371
377
309
355
349
255
317
418
378
330
357
367
350
366
368
329
314
329
306
278
294
311
302
288
256
212
224
277
232
167
208
228
179
166
169
146
143
160
146
108
81
93
120
120
97
86
100
100
82
84
86
35
1
26
35
42
76
58
11
27
50
36
21
23
18
3
18
32
-4
-9
27
11
4
30
-12
-50
-18
-37
-73
-33
-11
-41
-56
-62
-62
-45
-67
-83
-34
-23
-63
-58
-37
-54
-65
-61
-47
-22
-30
-57
-60
-58
-56
-63
-102
-99
-27
-14
-91
-100
-21
14
2
3
5
-22
-59
-74
-68
-79
-104
-97
-74
-70
-81
-82
-48
-15
-32
-59
-69
-82
-81
-61
-43
-34
-31
-33
-55
-76
-53
-31
-78
-113
-91
-88
-104
-96
-84
-97
-128
-138
-125
-122
-109
-85
-95
-112
-88
-85
-107
-88
-73
-105
-142
-146
-137
-127
-105
-90
-114
-143
-118
-85
-90
-101
-104
-96
-96
-82
-57
-62
-71
-67
-78
-84
-61
-66
-93
-95
-81
-89
-102
-63
-38
-75
-79
-45
-62
-95
-100
-103
-106
-117
-130
-122
-104
-94
-95
-107
-110
-89
-90
-103
-82
-63
-77
-84
-66
-45
-25
-27
-46
-35
-37
-75
-69
-36
-54
-82
-64
-48
-67
-84
-58
-25
-48
-82
-60
-42
-71
-95
-83
-59
-59
-54
-21
-11
-19
1
11
-1
-1
-3
-6
-1
-6
2
17
0
-11
4
8
20
40
34
51
85
70
55
74
63
46
62
61
26
0
-9
-14
-13
-33
-50
-12
41
44
27
32
34
35
40
29
11
-2
13
34
38
32
2
-27
-16
10
12
0
5
27
15
-15
19
60
40
17
24
22
23
40
38
18
25
54
54
19
-1
-1
-7
2
20
7
-15
-16
-30
-38
-12
-6
-32
-31
-14
-24
-23
-1
4
8
-5
-23
-7
8
-35
-48
-7
-27
-74
-69
-42
-24
-19
-28
-37
-29
-30
-39
-31
-30
-49
-58
-41
-33
-31
-23
-32
-43
-39
-46
-66
-71
-62
-51
-66
-81
-50
-26
-60
-71
-30
-14
-35
-35
-25
-44
-65
-55
-29
-24
-27
-25
-29
-45
-57
-49
-51
-55
-41
-28
-31
-47
-67
-90
-102
-96
-83
-86
-91
-76
-65
-56
-45
-52
-76
-90
-85
-67
-58
-72
-95
-92
-61
-52
-85
-95
-76
-94
-105
-56
-30
-58
-62
-42
-40
-30
-7
-1
-6
-17
-31
-31
-26
-29
-28
-31
-50
-58
-40
-24
-27
-36
-43
-41
-38
-44
-48
-47
-53
-51
-33
-36
-64
-56
-21
-32
-60
-41
-20
-36
-39
-26
-34
-46
-33
-29
-54
-60
-32
-19
-42
-59
-52
-41
-35
-33
-21
-3
3
1
-2
1
12
23
10
-17
-29
-41
-52
-43
-26
-24
-30
-34
-38
-31
-19
-25
-46
-54
-39
-20
-30
-59
-56
-12
9
-15
-32
-28
-22
-30
-49
-34
-15
-24
-25
-20
-24
-14
-12
-34
-27
-1
2
1
-11
-30
-38
-26
2
19
5
-24
-30
-28
-49
-57
-44
-54
-73
-60
-33
-31
-47
-39
-14
-11
-15
0
6
1
-16
-30
-35
-47
-53
-46
-42
-40
-32
-34
-47
-56
-59
-56
-61
-66
-63
-64
-63
-51
-37
-19
-9
-23
-35
-17
-6
-27
-40
-30
-32
-46
-46
-24
-6
-1
17
38
20
-3
5
7
-5
2
6
-3
-1
3
3
13
16
-3
-5
0
-19
-16
-2
-23
-22
-1
-15
-35
-32
-23
-20
-24
-31
-21
-15
-22
-31
-35
-32
-24
-23
-39
-49
-29
-22
-36
-5
26
-15
-33
8
-2
-36
-24
-13
-19
-4
11
30
77
130
182
255
330
394
445
443
445
497
494
448
451
445
354
261
259
280
246
207
234
224
161
173
171
123
153
220
186
112
114
144
153
128
65
32
50
56
42
34
38
52
43
8
28
53
3
18
110
105
40
45
84
57
4
2
44
45
15
24
41
17
-21
-25
4
14
-19
-37
-14
-15
-42
-33
-20
-35
-45
-29
-5
2
-21
-53
-61
-50
-44
-70
-83
-38
14
21
-6
-28
-28
-20
-41
-64
-25
23
11
-23
-30
-15
-12
-15
-21
-32
-20
2
-18
-53
-58
-74
-93
-52
6
7
-9
17
36
9
-24
-42
-30
-2
-5
-26
1
17
-3
8
29
7
-22
-18
-9
-11
-23
-18
19
23
-6
7
35
10
-30
-38
-31
-9
24
31
18
25
34
25
37
56
26
-8
4
6
-21
-26
-13
-35
-57
-34
-2
-4
-27
-36
-23
-11
-14
-13
1
6
-10
-35
-47
-45
-41
-32
-13
5
-1
-19
-11
-5
-31
-36
4
25
8
-4
5
19
13
-2
-10
-30
-34
-5
8
-8
-12
-20
-47
-43
-17
-20
-33
-31
-32
-22
-12
-19
-23
-15
-24
-25
-17
-18
-12
-6
9
31
18
-7
-6
3
-5
0
14
-4
-28
-14
-8
-28
-5
25
4
1
20
1
-16
-6
-4
-6
2
4
-14
-26
-19
-21
-28
-8
4
-18
-25
-3
-3
-20
-22
-9
-6
-7
13
26
7
-8
-1
2
-2
-3
7
27
31
5
-4
8
1
-2
13
21
35
38
7
-10
3
8
6
12
13
9
12
30
35
24
34
52
42
32
36
34
36
42
39
39
38
43
57
52
29
26
33
26
32
38
29
28
23
9
14
34
30
6
-6
11
22
9
10
39
47
36
32
22
18
27
40
46
43
34
26
41
63
59
35
25
29
23
33
51
56
53
44
38
58
75
52
38
59
63
56
57
62
86
99
74
59
64
55
58
68
39
5
-2
-9
-16
-3
-4
-1
34
51
35
28
22
10
21
41
37
19
0
-16
-13
16
39
29
9
12
28
30
16
-7
-23
-18
-10
-8
5
3
-26
-39
-29
-23
-36
-53
-39
-1
-8
-27
-8
-1
-21
-29
-31
-24
-9
-13
-20
-5
-11
-41
-43
-23
-7
0
-12
-31
-24
4
20
16
3
-4
1
3
0
-3
-12
-24
-23
-13
-9
-8
-9
-8
-6
-8
-18
-30
-34
-33
-33
-36
-37
-13
6
-11
-22
-14
-20
-24
-17
-28
-40
-35
-37
-33
-4
7
-1
10
33
31
12
0
-2
5
-3
-12
-7
-9
-11
-4
-5
-11
-4
2
-5
1
17
32
36
23
4
-12
-12
1
6
0
-1
4
-2
-11
-13
-9
23
82
110
119
187
268
288
296
288
276
343
371
251
161
182
162
102
104
127
102
66
91
129
100
39
16
20
25
30
19
20
36
4
-19
21
32
9
-21
-56
-36
23
9
-38
-34
-19
1
-6
-46
-47
-28
-30
-48
-66
-69
-47
-36
-64
-76
-33
8
-5
-35
-42
-39
-48
-78
-85
-39
-19
-55
-69
-50
-46
-60
-64
-51
-46
-63
-69
-62
-64
-52
-32
-42
-48
-29
-13
-3
1
-11
-29
-25
-21
-38
-58
-66
-58
-32
-19
-31
-39
-48
-58
-42
-28
-33
-28
-29
-39
-22
-12
-32
-38
-24
-25
-26
-7
-10
-31
-20
8
-3
-47
-69
-54
-24
-28
-47
-56
-61
-46
-32
-49
-46
-2
1
-37
-44
-31
-30
-34
-33
-27
-11
6
-8
-24
-22
-42
-73
-53
-11
-10
-14
-6
-24
-44
-14
-7
-48
-44
-5
-10
-30
-16
3
3
-4
-5
4
-3
-18
-31
-44
-48
-34
-26
-31
-26
-21
-32
-34
-34
-53
-51
-26
-29
-47
-32
-26
-44
-29
-12
-47
-82
-58
-27
-29
-26
-1
9
-10
-33
-41
-26
-3
9
9
3
3
5
3
-1
-11
-21
-23
-13
-4
-4
7
32
38
26
28
41
33
21
19
17
14
11
7
0
17
25
9
5
10
11
9
-2
-3
20
30
21
32
37
26
29
32
25
21
11
2
23
43
27
-4
-10
18
42
28
21
38
33
13
-1
-2
-1
-17
-33
-8
30
31
23
31
34
28
26
40
46
30
15
-8
-16
16
28
-16
-26
8
25
20
14
14
17
8
2
6
-4
-17
-19
-30
-31
-27
-30
-33
-42
-40
-16
-11
-25
-15
4
0
-21
-25
-3
-1
-23
-14
5
-5
-1
15
12
9
11
4
2
-13
-32
-23
9
26
26
25
35
62
76
68
59
50
35
36
54
56
45
32
18
20
25
31
48
53
27
31
55
43
21
25
39
40
37
44
52
60
60
58
70
77
73
71
74
59
44
49
59
68
54
33
44
63
59
37
21
26
42
39
25
19
20
27
39
48
60
64
42
20
22
35
29
19
40
68
61
51
85
107
80
65
76
67
47
54
56
33
19
40
76
81
57
56
71
67
61
65
73
71
68
74
75
64
55
58
64
63
62
80
100
83
70
86
86
75
84
93
91
97
91
65
61
67
63
61
47
28
35
52
47
35
26
17
16
14
1
-22
-29
-10
-1
-9
-11
-5
-1
-7
-14
-9
8
17
10
11
26
31
27
27
32
32
21
-1
13
65
78
51
44
52
29
-2
-8
-3
6
32
66
82
82
81
61
34
29
19
-6
-8
2
4
3
-5
-1
27
41
33
22
3
-8
-1
2
0
29
67
72
51
20
6
15
12
-6
2
26
36
31
23
23
24
2
-17
6
28
19
17
33
27
16
16
8
-11
-19
-15
-18
-18
-3
8
0
-22
-30
-15
0
-7
-6
4
0
-6
-3
7
1
-14
-8
-3
-26
-36
-13
-2
-4
4
20
31
34
36
49
50
33
31
44
49
47
41
34
33
27
13
17
39
52
51
45
44
56
69
62
45
26
7
9
25
31
32
27
22
28
32
27
32
36
30
31
22
3
6
35
47
36
37
41
33
26
25
27
29
28
24
21
5
-5
-1
-28
-32
9
22
11
24
20
-11
-12
-6
-15
-15
-13
-15
-12
-3
6
11
5
-10
-15
-19
-24
-23
-24
-28
-33
-34
-20
-3
-11
-31
-30
-28
-34
-24
-2
10
9
-7
-29
-31
-21
-18
-31
-46
-43
-42
-56
-60
-46
-40
-28
-6
3
-6
-23
-32
-32
-31
-31
-32
-35
-30
-30
-47
-54
-42
-31
-19
-12
-18
-38
-45
-35
-17
-18
-23
-17
-26
-49
-56
-29
-10
-20
-23
-13
-14
-8
12
10
12
36
30
-1
5
31
24
19
37
28
0
18
45
29
11
19
27
23
28
48
52
28
27
49
41
20
25
29
24
34
42
44
46
32
21
30
30
27
42
37
3
-23
-24
-9
2
-1
-2
9
18
10
-1
-3
-10
-9
3
-9
-24
-10
3
-6
-18
-20
-5
8
-10
-25
-4
13
-9
-34
-18
5
7
1
-7
-21
-29
-27
-33
-28
-16
-25
-33
-20
-7
0
6
3
-1
5
3
-12
-15
-9
-10
-10
-3
-12
-34
-35
-18
-11
-22
-30
-7
31
65
143
236
264
316
419
450
435
455
461
416
350
281
251
229
169
161
193
170
118
91
106
134
126
92
98
121
82
44
68
96
81
66
55
39
40
52
56
47
40
52
65
16
-34
-9
25
17
1
19
42
21
-5
-4
0
-29
-35
-22
-45
-57
-40
-36
-47
-34
-25
-48
-65
-60
-51
-56
-64
-59
-58
-61
-66
-69
-54
-60
-89
-82
-51
-58
-73
-66
-62
-48
-33
-39
-41
-47
-57
-57
-74
-106
-105
-70
-50
-52
-46
-27
-31
-50
-52
-69
-86
-51
-27
-54
-76
-64
-32
-6
-13
-34
-40
-51
-62
-53
-53
-58
-49
-48
-53
-54
-53
-46
-36
-51
-80
-81
-65
-61
-55
-52
-64
-62
-43
-47
-55
-47
-55
-71
-60
-39
-40
-64
-80
-68
-57
-57
-45
-37
-39
-29
-21
-34
-35
-24
-31
-40
-33
-31
-30
-25
-26
-34
-31
-28
-45
-44
-39
-52
-52
-18
-4
-23
-35
-34
-33
-29
-19
-24
-38
-23
4
6
-9
-23
-33
-20
1
-6
-26
-36
-27
-11
-4
-13
-23
-32
-35
-12
-11
-29
-22
-19
-27
-25
-28
-35
-26
-30
-59
-65
-44
-33
-62
-74
-43
-35
-51
-50
-37
-31
-33
-27
-3
2
-21
-27
-23
-36
-37
-34
-40
-24
-5
-13
-16
-5
-19
-23
-3
-15
-31
-3
8
-18
-19
-12
-31
-32
-15
-15
-13
-6
-14
-19
-12
-4
-2
-5
-7
-3
0
-6
-10
5
26
24
23
33
21
-3
-18
-22
-13
4
-4
-25
-36
-19
10
14
-3
-4
21
38
27
26
31
5
-8
25
28
-6
-10
8
9
-2
0
5
-3
-12
2
16
9
-1
-10
-14
-13
-24
-33
-17
-2
-9
-4
8
3
15
28
11
7
35
29
0
13
33
17
1
1
6
-3
-13
6
23
8
5
12
-4
1
17
2
2
19
2
-10
5
0
-10
6
19
9
-2
15
41
24
0
16
27
1
-6
15
16
3
-11
-22
-13
0
5
9
7
0
-5
-20
-33
-27
-26
-31
-32
-35
-33
-35
-37
-19
-9
-20
-29
-30
-22
-6
0
-9
-10
3
23
36
35
13
-15
-18
-11
-9
-14
-30
-28
-2
9
4
-7
-24
-20
4
6
-2
-2
0
-4
-10
-5
1
-7
-13
-13
-24
-28
-13
10
27
21
14
37
64
72
72
70
72
90
95
81
98
121
100
89
119
123
92
101
128
117
107
128
137
131
142
154
154
149
149
150
158
155
143
168
206
202
182
195
202
187
187
204
200
180
189
207
193
180
190
194
193
193
184
175
170
169
181
186
161
144
160
161
142
137
141
129
113
106
95
85
104
137
135
120
127
124
111
124
125
99
80
74
73
81
94
86
77
86
93
88
89
86
68
52
33
24
35
32
19
26
24
14
21
17
5
7
-11
-38
-26
-10
-15
-1
12
2
15
52
72
111
183
233
287
356
421
430
368
361
429
368
188
137
173
122
61
62
77
53
42
60
56
39
61
82
39
3
26
28
-12
-12
24
9
-24
-6
8
-5
2
7
-25
-40
-20
-14
-17
-15
-25
-33
-39
-52
-62
-69
-72
-56
-43
-57
-58
-56
-88
-115
-102
-77
-65
-70
-95
-106
-92
-81
-66
-49
-59
-63
-59
-79
-83
-62
-59
-53
-34
-36
-50
-63
-71
-68
-68
-74
-72
-65
-61
-65
-69
-65
-67
-76
-69
-59
-59
-66
-70
-49
-40
-72
-96
-93
-102
-108
-98
-89
-82
-79
-87
-93
-83
-60
-53
-58
-52
-44
-24
-4
-26
-55
-42
-28
-35
-43
-48
-45
-24
-33
-66
-47
4
5
-13
-19
-44
-52
-26
-42
-71
-50
-25
-36
-38
-34
-60
-75
-47
-36
-60
-62
-52
-71
-78
-59
-45
-36
-28
-21
-14
-26
-38
-36
-42
-48
-45
-48
-51
-45
-37
-30
-33
-45
-39
-34
-26
-1
-5
-36
-25
9
1
-8
3
-4
-11
-2
3
4
-9
-32
-32
-31
-39
-30
-36
-72
-68
-38
-49
-59
-31
-11
-23
-35
-28
-29
-45
-58
-67
-64
-35
-21
-42
-32
3
11
4
-20
-44
-46
-54
-65
-47
-51
-85
-64
-6
7
-23
-36
-24
-31
-45
-44
-50
-72
-76
-48
-29
-47
-56
-28
-17
-35
-33
-23
-29
-34
-15
11
5
-19
-30
-36
-53
-62
-55
-43
-20
7
7
-3
3
2
-8
-3
4
9
3
-27
-37
-19
-38
-74
-74
-64
-55
-34
-24
-32
-52
-55
-31
-22
-37
-28
-13
-21
-32
-49
-70
-66
-59
-59
-50
-34
-19
-12
-21
-35
-40
-41
-42
-40
-37
-31
-24
-21
-20
-26
-31
-36
-31
-14
-9
-15
-2
23
31
25
21
24
22
15
9
2
8
30
35
21
36
66
68
76
106
123
118
124
157
186
190
183
184
200
204
188
183
191
179
152
137
125
120
121
115
102
75
60
71
85
85
78
75
91
97
71
58
55
26
22
50
63
60
65
66
65
56
29
22
29
34
57
64
31
23
43
23
-1
-1
-18
-38
-20
-5
-24
-37
-21
-15
-21
-21
-20
-37
-53
-52
-34
-9
-6
-25
-28
-25
-34
-42
-45
-46
-47
-49
-48
-37
-37
-33
-15
-13
-24
-27
-23
-27
-26
-25
-26
-15
-9
-2
21
41
26
8
6
-6
-36
-67
-66
-37
-30
-58
-73
-62
-40
-28
-43
-77
-97
-88
-68
-59
-64
-64
-60
-65
-81
-86
-71
-58
-62
-60
-58
-70
-79
-64
-51
-74
-89
-68
-66
-103
-118
-113
-123
-116
-94
-90
-87
-74
-62
-59
-71
-86
-80
-82
-98
-79
-48
-50
-69
-78
-77
-59
-32
-40
-79
-99
-93
-90
-100
-103
-86
-55
-59
-100
-108
-87
-104
-134
-115
-98
-109
-99
-81
-85
-89
-88
-100
-116
-129
-135
-131
-109
-100
-105
-113
-102
-100
-109
-98
-81
-72
-68
-65
-74
-80
-70
-65
-83
-94
-94
-103
-103
-85
-80
-76
-72
-78
-70
-38
-30
-36
-24
-12
-18
-25
-30
-50
-61
-65
-70
-63
-56
-61
-53
-34
-36
-49
-44
-44
-45
-30
-22
-34
-35
-23
-25
-31
-36
-34
-16
-37
-58
-34
-12
-6
-5
-13
-38
-36
-32
-31
-27
-26
-35
-41
-28
-40
-60
-39
-14
-24
-32
-17
-1
8
-4
-19
-18
-14
-10
-23
-53
-60
-42
-29
-16
0
14
23
16
-4
-9
2
12
15
16
27
32
22
9
-6
-18
-28
-44
-40
25
104
180
285
374
426
505
526
474
511
550
463
389
369
288
223
201
152
150
178
159
116
90
88
116
140
125
116
105
89
88
90
86
72
64
69
58
17
17
33
7
2
28
35
46
66
74
90
96
70
62
72
73
79
92
88
48
27
53
50
4
-4
3
-8
-6
-17
-41
-21
19
24
2
2
27
40
37
24
13
30
38
2
-21
-18
-33
-39
-13
0
-3
17
31
14
5
16
21
25
34
22
6
-11
-33
-28
-22
-46
-52
-14
1
-12
-2
2
-17
-25
-24
-29
-21
-4
1
-4
-11
-30
-34
-24
-24
-21
-9
3
-10
-30
-14
3
-22
-42
-25
-25
-47
-60
-66
-56
-47
-62
-67
-37
-19
-42
-59
-56
-55
-55
-58
-57
-26
3
-2
-19
-32
-41
-28
-18
-31
-21
5
-6
-35
-32
-25
-28
-20
-16
-18
-9
-1
6
17
29
42
51
38
14
1
0
-4
-9
-5
2
6
11
17
23
38
35
16
11
17
9
-7
3
22
10
-16
-14
-12
-27
-25
-21
-16
-4
1
1
-9
-16
1
23
11
3
25
34
25
27
42
29
-13
-21
4
14
4
6
9
-6
-5
8
6
10
25
22
16
36
51
39
23
23
28
23
36
65
63
41
26
25
38
53
57
47
42
48
45
31
29
45
41
28
29
29
31
31
16
5
28
56
54
40
41
56
53
46
67
76
65
68
55
17
-8
-16
-20
-8
9
22
34
41
41
33
13
-2
3
27
39
32
27
34
29
5
-4
2
-6
-13
3
12
2
-6
1
6
-2
-1
18
33
31
34
40
38
28
19
17
16
2
-4
24
37
11
-2
1
-3
-1
6
9
11
3
-9
2
9
-2
11
28
13
-1
3
5
-2
-15
-17
-11
-15
-13
7
6
-1
10
15
7
-1
0
0
-1
7
18
21
12
14
29
27
6
-4
2
7
7
0
-9
-4
3
-17
-31
-11
7
0
-13
-26
-32
-20
-34
-61
-47
-33
-57
-61
-33
-20
-18
-6
12
24
23
15
2
-11
-11
10
27
28
36
66
80
42
7
8
4
-9
-10
-7
-4
-5
-2
11
17
1
-17
-13
-3
-2
-8
-6
3
7
1
1
1
-20
-23
-6
-6
-16
-20
-11
20
33
17
18
19
18
35
29
1
-7
-13
-21
-7
3
2
9
12
7
3
-17
-33
-13
-2
-23
-26
-4
5
6
0
-11
0
20
29
27
13
6
5
1
-4
-9
-6
20
37
20
7
7
3
-2
-3
-3
1
-1
-3
13
35
37
15
10
23
20
8
17
26
11
3
5
6
-2
-22
-18
3
-1
-29
-38
-32
-26
-20
-31
-43
-55
-62
-38
-13
-23
-29
-19
-23
-19
-9
-18
-11
6
2
2
1
-27
-41
-41
-49
-40
-36
-40
-15
5
-7
-13
-7
-16
-19
-14
-16
-36
-56
-44
-28
-38
-39
-21
-4
13
35
34
13
-5
-7
0
-8
-21
-22
-33
-54
-46
-8
0
-30
-42
-25
-19
-33
-25
-15
-31
-28
-6
-20
-40
-17
3
0
-10
-36
-50
-35
-33
-41
-36
-37
-36
-23
-24
-33
-24
3
19
-5
-33
-13
17
6
-7
-5
-18
-39
-31
-7
-4
-19
-8
15
6
-2
9
17
25
34
28
26
43
49
53
94
153
201
246
297
352
382
390
398
377
334
351
383
315
222
172
123
115
124
95
77
86
66
51
59
49
38
26
14
-19
-42
-2
31
-1
-12
0
-32
-35
10
12
-10
-11
-16
-26
-42
-66
-60
-29
-6
1
-11
-29
-22
-12
-31
-37
-32
-44
-61
-64
-65
-63
-49
-51
-77
-78
-57
-58
-64
-72
-89
-90
-99
-130
-126
-104
-116
-129
-123
-121
-99
-74
-73
-68
-68
-77
-66
-70
-88
-92
-101
-105
-89
-88
-101
-97
-92
-97
-106
-111
-96
-94
-103
-84
-61
-76
-100
-83
-56
-62
-74
-70
-76
-106
-124
-103
-87
-110
-111
-89
-92
-96
-93
-105
-103
-88
-94
-90
-71
-70
-82
-85
-72
-70
-98
-92
-51
-61
-85
-44
-16
-35
-35
-30
-27
-6
10
-2
-19
-14
-2
-8
-14
-1
8
2
3
0
-4
13
33
38
32
41
46
41
40
42
38
32
41
43
31
32
39
37
33
34
31
33
32
24
42
62
54
20
-6
4
29
32
22
27
35
45
50
15
-11
17
34
6
3
34
35
30
50
48
30
27
36
40
36
29
29
33
26
26
35
28
29
47
57
34
10
13
17
-1
-18
-13
0
14
33
38
20
0
2
5
2
4
7
19
50
59
31
29
51
38
20
37
59
51
34
33
48
53
47
67
70
46
59
69
32
32
71
36
-11
15
36
24
44
65
38
22
39
53
36
12
24
49
27
-5
12
42
45
28
1
-4
23
36
7
-14
6
17
5
6
12
3
-7
0
1
-29
-45
-28
-29
-44
-35
-31
-41
-34
-42
-67
-56
-34
-45
-58
-49
-27
-17
-26
-27
-7
-8
-22
-27
-42
-53
-36
-24
-36
-43
-33
-27
-35
-47
-60
-59
-41
-29
-25
-22
-25
-27
-28
-28
-32
-31
-32
-29
-23
-22
-21
-19
-18
-25
-32
-32
-32
-34
-29
-25
-35
-41
-38
-43
-39
-12
7
5
1
6
3
-15
-23
-28
-39
-21
12
11
-4
-7
-12
-14
0
-1
-18
-13
7
5
0
10
11
4
10
22
32
27
10
3
2
-3
9
28
31
29
39
40
30
37
34
12
19
50
41
9
9
18
5
-7
-6
-5
-13
-22
-21
-9
2
-4
-16
-10
-6
-11
8
21
-10
-22
6
6
-6
-2
-13
-23
-2
6
-30
-44
-11
15
10
11
29
24
3
0
6
2
1
11
7
0
1
-2
1
18
37
50
57
41
28
51
68
43
14
19
26
7
5
18
2
-11
7
18
12
8
-4
1
11
-6
-24
-18
-11
-17
-19
-8
-1
16
40
21
-9
16
35
16
20
28
9
9
30
34
34
37
35
26
24
28
16
9
14
13
6
8
4
-1
1
2
13
29
29
33
47
60
66
48
34
42
25
-9
-5
8
-2
8
32
34
31
32
26
10
2
10
14
4
1
8
-9
-39
-36
-4
-1
-24
-30
-23
-28
-42
-45
-19
16
18
-2
0
4
-16
-18
-8
-17
-20
-9
-13
-26
-20
-4
1
5
4
-6
-16
-11
4
23
36
33
30
31
22
8
2
0
-1
11
28
31
29
41
60
65
65
65
51
34
35
35
23
35
51
51
66
82
59
28
25
37
38
27
22
21
10
-13
-32
-40
-28
-11
-20
-24
-1
3
1
12
12
17
54
80
100
153
217
255
261
276
347
327
212
241
318
215
86
75
85
89
97
88
92
75
56
77
75
43
38
45
34
23
35
56
53
24
5
-8
-6
20
34
16
-18
-35
-34
-25
-25
-30
-12
12
15
15
16
15
17
7
-2
16
30
28
40
34
1
-3
6
-6
-4
12
6
3
23
32
24
12
3
-4
-11
-7
27
46
18
6
28
30
21
33
18
-17
-12
-5
-20
-4
35
19
-32
-36
-19
-37
-35
-1
-13
-31
-6
8
-4
-3
2
-2
-21
-40
-24
9
9
-21
-24
-2
-3
-24
-29
-28
-38
-33
-14
6
12
11
5
-21
-22
22
25
-25
-44
-31
-34
-41
-37
-17
6
5
-4
1
3
-8
-6
3
-1
-6
6
10
-9
-16
-11
-14
-16
-24
-33
-4
27
13
2
11
5
0
6
2
-7
2
15
11
3
5
4
1
3
8
6
-14
-32
-16
6
-6
-27
-23
-8
12
24
8
-9
-5
-12
-17
6
19
13
3
-3
0
2
0
16
37
34
27
14
-1
0
12
23
29
17
1
18
39
23
2
-3
-8
1
16
-1
-33
-46
-50
-39
-22
-33
-43
-12
11
2
4
16
22
22
11
-7
-6
5
3
-7
-6
-2
-15
-27
-18
-10
-18
-13
15
36
35
33
33
13
-1
9
1
-16
-12
-11
-13
11
40
43
34
25
32
47
44
31
16
-2
0
3
-5
-6
3
10
12
15
24
36
41
29
23
43
60
39
15
9
-5
-5
25
31
10
10
28
33
32
30
15
0
4
11
0
-10
-1
-5
-3
28
35
-4
-13
14
14
-3
-3
10
17
12
-1
-17
-28
-26
-12
3
23
25
-2
-6
14
8
0
28
42
30
27
36
41
53
64
56
51
53
46
28
21
31
51
65
56
38
34
32
13
8
17
10
8
37
53
36
33
34
29
47
57
32
5
-9
-15
-6
-2
-8
-2
-1
-7
-2
0
-7
-3
3
-1
-9
-15
-28
-34
-15
-11
-37
-27
15
26
23
32
15
-6
1
-5
-29
-35
-31
-41
-38
-9
-1
-26
-35
-19
-7
-5
-8
-3
16
19
7
2
-3
-6
-5
-26
-37
-3
8
-29
-39
-20
-21
-36
-33
-22
-16
-23
-25
-19
-23
-23
-18
-29
-38
-32
-23
-24
-20
-11
-1
3
-6
-26
-37
-33
-30
-31
-37
-43
-33
-22
-19
-4
5
-15
-28
-8
9
-10
-31
-23
-14
-24
-28
-20
-24
-21
-1
6
0
-1
-2
-12
-20
-17
-12
-19
-18
-4
-5
-14
-17
-19
-18
-10
-7
-13
-14
-7
-11
-19
-12
-1
-6
-8
-4
-10
-26
-37
-42
-38
-15
17
36
20
1
12
13
-22
-39
-16
2
5
-4
-23
-28
-18
-15
-13
-11
-19
-13
11
2
-28
-29
-20
-16
-5
-1
-3
0
-3
-9
-8
-6
-10
-18
-15
-8
-20
-35
-35
-36
-40
-26
-14
-19
-34
-47
-49
-39
-33
-35
-17
-1
-17
-40
-31
-10
-18
-36
-37
-34
-27
-13
-9
-12
-3
-1
-19
-21
-2
4
-9
-7
12
5
-7
3
20
33
34
30
24
10
6
22
12
-14
-6
2
-30
-49
-34
-21
-11
14
39
29
10
4
7
20
27
16
14
30
31
10
-1
3
-7
-33
-25
1
1
0
6
-3
-2
19
29
27
35
50
57
65
98
152
213
281
329
334
369
444
446
379
381
418
349
217
170
166
101
48
69
83
44
14
18
31
32
6
-9
8
11
-18
-34
-27
-36
-39
-20
-24
-41
-17
-2
-41
-53
-35
-39
-47
-47
-47
-27
-17
-49
-42
-4
-20
-51
-31
5
3
-15
-23
-23
-13
-3
-10
-26
-21
-13
-28
-40
-35
-32
-30
-31
-30
-25
-22
-18
6
32
32
25
28
23
-4
-29
-22
2
2
-7
13
26
1
-5
22
15
-5
12
13
-8
-4
5
-2
0
1
-1
25
33
12
7
12
1
-14
-20
-12
7
-5
-37
-36
-21
-21
-23
-13
5
3
-31
-34
4
16
3
2
7
0
-7
-16
-41
-54
-44
-42
-48
-30
-16
-31
-38
-31
-31
-26
-25
-28
-18
4
10
-2
2
-5
-28
-26
-14
-25
-42
-39
-33
-32
-28
-33
-27
-14
-14
-16
-15
-5
1
-10
-32
-39
-33
-34
-39
-31
-11
-5
-16
-7
8
-9
-37
-21
19
20
2
6
19
29
33
27
31
28
8
3
-6
-21
0
3
-42
-52
-24
-24
-36
-31
-14
-2
-26
-51
-47
-46
-49
-32
-29
-46
-53
-46
-40
-32
-26
-29
-30
-24
-20
-5
2
-29
-38
-4
6
2
32
40
11
13
37
38
18
3
12
41
66
54
30
31
40
26
19
38
36
16
25
60
63
30
29
59
66
51
66
89
86
66
38
36
66
62
31
44
67
64
59
41
24
29
32
28
40
64
67
41
20
23
35
50
66
70
65
51
44
51
39
22
41
64
55
49
62
69
61
60
60
57
61
47
27
43
57
39
26
34
29
24
31
30
29
36
37
29
19
24
32
35
41
63
68
45
33
23
14
19
26
42
67
61
31
19
14
6
21
26
12
11
18
17
26
38
25
9
12
12
3
12
28
16
14
38
43
32
37
37
29
34
26
10
0
-12
-10
0
-8
-30
-32
-21
-18
-23
-25
-17
-3
-3
-1
21
25
9
22
31
9
-5
6
3
-17
-32
-40
-33
-19
-19
-17
14
35
25
23
19
-1
1
11
0
6
31
26
0
-4
16
28
30
34
33
31
26
27
28
16
-4
-6
15
25
23
17
7
12
31
29
14
20
30
30
22
1
-4
18
28
13
2
-1
-5
-4
1
0
-10
-6
22
31
11
0
-8
-32
-30
1
6
-4
-3
4
1
-20
-24
-1
7
3
6
0
2
31
40
27
21
21
26
28
19
16
20
23
30
35
34
33
28
31
28
10
5
11
0
-8
-1
1
14
29
15
-4
-3
5
0
-5
3
6
-1
11
37
30
2
-9
-3
-2
-5
-4
1
10
24
32
16
-4
8
29
28
31
52
64
58
66
78
89
114
125
108
104
121
109
114
151
152
128
144
174
167
159
186
190
166
166
173
162
169
183
177
169
190
208
204
226
275
271
232
227
209
171
168
182
185
176
153
122
115
118
93
82
102
96
70
71
74
51
30
26
30
30
18
17
23
19
20
17
-3
-32
-58
-61
-57
-81
-101
-89
-91
-79
-38
-12
-8
-13
-32
-55
-71
-83
-83
-80
-67
-45
-44
-39
-22
-33
-49
-36
-35
-47
-34
-22
-24
-33
-39
-29
-30
-53
-53
-33
-22
-8
4
6
4
-2
-3
-7
-30
-40
-33
-21
-4
-4
-22
-48
-63
-51
-28
-35
-36
-8
-8
-23
-11
-12
-34
-22
2
-19
-36
-13
4
-9
-31
-43
-30
-10
-6
-3
3
0
9
29
27
12
8
3
-6
0
11
0
-9
2
3
-1
1
5
3
-17
-28
-15
-11
-44
-57
-27
-16
-32
-38
-27
-18
-23
-38
-31
3
9
-4
10
10
-18
-25
-1
5
-20
-22
-2
10
0
-25
-36
-29
-25
-30
-41
-52
-48
-28
-32
-37
-23
-14
-16
-22
-37
-38
-10
1
-19
-24
-25
-36
-20
3
-20
-46
-36
-30
-33
-22
-21
-35
-22
-11
-24
-25
-18
-24
-32
-32
-23
-4
-5
-13
13
25
0
-6
17
9
-30
-46
-33
-24
-38
-37
-24
-28
-25
-9
-17
-41
-24
-5
-19
-19
-2
1
-7
-5
-2
-1
-8
-24
-23
-2
-2
-26
-28
-2
-2
-20
-26
-22
-11
-3
-10
-14
-27
-38
-22
-15
-33
-32
-25
-24
-13
3
6
-3
2
6
-18
-29
-9
-5
-11
-2
-9
-26
-31
-38
-28
1
0
-14
-12
-12
-15
-4
5
-8
-18
-1
28
28
8
0
-1
1
2
2
-1
2
21
35
27
15
21
20
4
9
34
37
20
18
23
26
25
26
41
47
34
24
36
51
60
63
37
8
12
43
58
43
34
55
71
52
43
50
35
22
18
7
-7
-22
-39
-31
-2
8
-10
-28
-26
-27
-30
-16
-1
12
28
38
35
23
6
-3
5
3
-7
-4
-1
0
1
-8
-18
-8
5
5
5
-4
-3
13
13
-6
-13
-18
-33
-20
-3
-25
-33
-9
1
-7
-5
-20
-36
-22
-4
-3
-6
4
0
-20
-20
-12
-28
-39
-28
-24
-24
-8
8
3
-9
-18
-27
-30
-21
-22
-36
-23
8
12
5
22
40
22
0
-2
5
7
-2
-10
-6
-8
-29
-39
-31
-26
-31
-39
-46
-33
-11
-8
-11
-10
-7
-7
-14
-16
1
5
-21
-21
8
15
10
7
3
3
9
6
-10
-17
-14
-20
-43
-62
-63
-53
-39
-30
-30
-30
-15
1
-18
-40
-32
-24
-30
-40
-59
-71
-54
-38
-41
-41
-32
-30
-28
-38
-55
-53
-46
-44
-42
-33
-18
2
20
27
35
38
29
11
-5
-3
-2
1
5
12
17
15
15
20
23
20
9
-1
7
33
34
23
32
33
11
8
31
28
5
-7
-8
7
25
24
15
5
5
26
30
6
-4
6
7
14
25
30
45
61
64
63
64
64
56
53
69
85
72
55
61
69
67
67
76
78
61
56
63
60
75
103
97
67
61
65
60
61
70
84
84
75
79
97
88
66
70
81
59
28
25
25
12
17
34
33
24
22
26
35
33
26
29
30
30
33
31
31
28
4
-8
1
-3
-3
13
13
0
-3
0
-4
-8
-5
-3
-1
9
27
33
32
36
29
29
40
37
37
59
55
24
7
4
-2
12
20
5
4
20
-5
-38
-24
-6
-15
-15
-7
-10
0
15
13
13
12
2
2
7
4
-1
-6
-11
-7
-7
-14
-14
-12
-12
-11
-8
-15
-18
-4
-3
-30
-44
-26
-20
-36
-28
-3
6
12
23
8
-7
4
1
-14
-9
2
-4
-23
-37
-32
-28
-45
-54
-38
-27
-26
-27
-25
-12
-8
-13
-12
-19
-43
-48
-31
10
64
106
169
236
257
295
379
383
320
307
320
293
209
154
188
201
119
76
71
41
68
88
34
24
67
56
47
96
102
47
38
71
43
10
24
21
13
15
13
37
47
6
0
29
5
-24
4
28
17
1
11
24
0
-20
-4
1
-12
-1
4
-12
-7
-11
-31
-25
-11
-11
-20
-31
-31
-21
-21
-19
-37
-66
-42
-8
-22
-40
-25
-5
-12
-38
-55
-51
-58
-75
-74
-67
-69
-70
-54
-40
-48
-59
-59
-58
-60
-64
-65
-63
-59
-60
-61
-63
-60
-53
-59
-79
-78
-51
-56
-84
-77
-60
-66
-68
-59
-53
-50
-41
-37
-48
-61
-65
-57
-48
-48
-49
-54
-81
-101
-85
-71
-76
-62
-43
-39
-36
-38
-42
-37
-37
-55
-60
-48
-55
-64
-58
-57
-64
-66
-74
-95
-96
-72
-54
-54
-63
-69
-67
-69
-71
-61
-67
-85
-90
-101
-108
-107
-111
-104
-92
-94
-91
-85
-87
-76
-66
-75
-80
-73
-60
-58
-65
-63
-50
-37
-25
-13
-3
4
8
-8
-35
-35
-8
0
-7
1
7
-6
-17
-11
-15
-34
-26
-3
-4
-8
0
1
-1
6
7
3
4
7
-6
-30
-35
-20
-2
9
13
13
15
8
2
9
-1
-18
-8
5
-1
-4
13
34
41
35
28
25
27
31
29
21
17
24
29
26
30
32
19
6
2
0
8
5
-18
-23
-20
-41
-36
-8
-17
-30
-6
-3
-33
-26
-5
-22
-45
-38
-20
-23
-20
-2
8
4
-2
3
1
-16
-22
-21
-28
-22
-18
-31
-27
-5
3
2
-5
-7
9
0
-33
-31
-7
-9
-18
-12
-3
11
16
12
13
13
9
16
15
10
17
20
21
22
22
39
66
80
76
60
49
67
75
48
44
56
53
62
79
65
42
26
7
1
2
-6
-10
-5
1
-1
-11
-9
6
23
35
41
28
8
1
20
35
29
31
45
46
46
58
53
34
25
10
-5
-2
1
4
12
15
10
6
-3
0
6
6
16
23
15
18
27
26
33
31
13
6
1
-22
-42
-31
-6
3
-3
4
24
25
14
7
3
12
20
9
11
37
35
9
1
5
0
-3
7
23
22
6
3
-1
-18
-19
-2
15
31
39
39
34
15
4
22
36
24
15
27
34
20
5
3
-2
-8
-1
10
6
-9
-4
11
7
-7
-2
2
-1
13
23
17
21
35
28
20
33
47
46
43
53
67
62
35
21
35
31
26
53
66
50
54
71
63
41
28
34
38
19
6
9
2
-2
17
35
35
20
1
-3
-2
0
2
-1
-9
-6
10
16
12
6
3
3
4
2
-3
-5
7
24
14
0
22
41
31
24
24
21
24
39
36
20
13
14
19
27
17
-5
-5
10
18
23
6
-20
-27
-19
6
28
20
8
15
14
3
4
0
-20
-32
-30
-24
-21
-24
-20
-10
-14
-27
-19
-1
4
3
12
5
-19
-19
8
7
-13
-8
-5
-16
-8
5
3
0
1
6
13
15
7
-3
-10
-14
-14
-13
-6
-8
-10
-5
-16
-34
-32
-20
-24
-21
5
14
1
-3
14
19
7
7
34
45
28
24
30
16
-4
-14
-8
-1
-6
-4
21
39
30
23
24
14
-3
-13
-12
-18
-17
2
16
-8
-40
-44
-44
-47
-28
-15
-21
-19
-19
-13
13
30
37
28
2
6
12
-25
-29
30
75
95
141
212
269
305
331
359
375
375
394
418
402
347
286
263
273
247
169
132
139
123
83
71
97
86
52
58
64
25
7
23
37
36
24
5
-4
7
2
-22
-43
-40
-9
0
-27
-38
-25
-31
-43
-34
-18
-3
0
-12
-1
24
16
-3
5
-2
-29
-19
1
-12
-15
5
-1
-20
-16
-17
-37
-31
-15
-26
-37
-34
-33
-35
-36
-30
-37
-56
-51
-26
-36
-72
-62
-9
12
-9
-10
3
-4
-6
-3
-6
-1
2
-14
-34
-37
-33
-31
-23
-16
-17
-6
16
31
39
27
4
-1
4
-3
-4
13
36
41
29
35
55
42
18
36
58
46
37
42
40
26
6
-4
16
34
5
-27
-21
-16
-35
-30
-5
-7
-8
17
24
-6
-27
-16
11
21
15
15
14
7
-3
-12
-5
17
22
4
-3
10
18
22
23
12
10
28
30
21
9
-16
-28
-8
15
20
8
-3
-5
-3
1
2
-2
11
20
1
0
24
30
7
4
25
32
20
12
19
23
17
21
34
37
19
5
3
2
5
5
5
4
6
17
29
32
23
12
-4
-15
-11
-15
-32
-32
-8
4
-3
-3
-1
0
3
7
-1
-5
1
1
-2
-1
-2
-6
3
10
3
-5
-1
13
11
-22
-41
-29
-38
-48
-17
9
-1
-2
15
11
-1
-1
-10
-14
-3
16
26
13
-6
-1
8
-11
-24
-24
-27
-22
-21
-36
-39
-16
-10
-28
-31
-27
-34
-29
-11
-8
-3
8
3
-4
1
-10
-34
-23
10
17
2
-15
-31
-32
-28
-28
-28
-25
-13
8
8
-6
-5
-7
-15
-5
8
1
-15
-13
8
16
10
-3
-18
-27
-20
-23
-28
-12
-9
-12
7
28
7
-24
-20
-15
-25
-28
-29
-37
-42
-45
-53
-40
-27
-36
-54
-59
-45
-27
-26
-33
-32
-30
-29
-28
-22
-18
-24
-33
-29
-29
-27
-12
-12
-15
-4
8
13
9
0
-4
-9
-13
-8
-24
-43
-33
-32
-38
-30
-28
-33
-31
-29
-24
-10
-9
-12
1
1
-25
-29
-15
-14
-22
-24
-21
-26
-53
-64
-41
-30
-35
-38
-29
-1
9
-4
-3
-10
-31
-29
-18
-15
-5
11
24
32
39
57
61
39
31
34
23
11
6
8
20
29
24
26
31
29
39
54
44
23
15
12
11
10
7
12
34
49
46
41
37
41
63
70
56
49
55
49
37
28
31
34
23
16
28
38
29
29
48
68
80
80
66
50
45
34
23
31
31
26
45
55
36
32
46
33
23
44
61
63
57
33
20
48
61
37
46
73
62
50
50
42
49
66
74
84
98
101
84
69
69
71
66
70
72
55
57
75
80
79
69
55
42
29
18
22
36
35
38
52
54
44
39
33
16
12
24
31
22
9
17
32
30
33
43
41
45
61
61
57
58
52
50
50
37
22
30
31
10
12
31
27
20
29
27
24
35
29
20
26
34
37
22
5
10
22
11
2
-4
-15
-23
-25
-19
-7
-3
-12
-10
-3
-4
-9
-10
-6
8
27
36
35
24
1
-3
10
10
9
18
23
26
32
36
34
30
29
20
2
5
31
38
40
49
54
49
34
19
0
-16
-11
3
5
-3
-11
-27
-34
-29
-17
-1
1
-7
1
27
47
72
118
175
230
284
317
332
336
327
340
349
292
217
178
116
58
69
89
64
34
39
37
18
21
34
37
37
29
5
0
11
6
-14
-24
-18
-24
-39
-37
-17
-4
-9
-18
-18
-23
-33
-33
-25
-23
-22
-23
-42
-56
-48
-46
-53
-32
-9
-15
-31
-44
-41
-37
-47
-51
-39
-40
-54
-49
-33
-34
-42
-33
-25
-34
-28
-31
-48
-50
-49
-59
-52
-33
-36
-46
-39
-22
-19
-28
-21
-9
-27
-49
-43
-35
-43
-39
-29
-34
-40
-31
-28
-26
-32
-58
-71
-61
-57
-65
-65
-64
-58
-60
-66
-53
-28
-15
-22
-34
-34
-26
-37
-29
0
-12
-40
-34
-29
-38
-33
-27
-28
-24
-17
-13
-25
-32
-25
-26
-35
-34
-35
-41
-30
-30
-49
-51
-36
-39
-40
-24
-18
-12
-6
-22
-45
-42
-44
-57
-53
-31
-28
-50
-50
-31
-30
-36
-35
-32
-34
-37
-44
-48
-41
-42
-53
-50
-28
-34
-68
-80
-81
-79
-63
-61
-68
-48
-31
-46
-45
-48
-80
-86
-58
-53
-66
-64
-62
-66
-49
-27
-33
-38
-27
-19
-23
-26
-24
-38
-51
-35
-23
-37
-35
-28
-45
-53
-38
-33
-48
-67
-64
-59
-70
-69
-50
-38
-29
-22
-28
-27
-10
4
-1
-15
-23
-27
-35
-38
-36
-33
-22
-7
-2
4
4
-13
-24
-14
12
21
9
6
19
17
7
6
9
19
24
6
-12
1
23
9
-10
9
30
21
7
5
-6
-12
-14
-24
-24
-17
-27
-38
-29
-11
-3
-10
-29
-42
-42
-34
-31
-34
-30
-26
-33
-39
-35
-34
-29
-17
-15
-14
-9
-23
-36
-29
-41
-58
-38
-23
-44
-55
-38
-17
-9
-15
-24
-22
-23
-44
-66
-69
-56
-47
-54
-59
-62
-64
-53
-46
-46
-46
-52
-59
-60
-68
-69
-62
-72
-74
-53
-42
-37
-27
-28
-43
-58
-53
-44
-47
-40
-28
-37
-38
-28
-35
-41
-28
-25
-38
-42
-34
-28
-25
-19
-20
-20
-11
-16
-37
-42
-40
-45
-44
-36
-28
-17
-10
-5
-2
3
5
4
6
11
10
-1
-2
-6
-22
-32
-27
-24
-25
-13
-8
-29
-37
-10
-6
-27
-20
-8
-22
-25
-12
-14
-30
-37
-21
0
-3
-2
4
-8
-19
-7
1
-4
-4
-15
-24
-16
-15
-19
-12
-7
-1
-4
-20
-21
4
7
-6
-4
-7
-18
-17
-23
-37
-27
-9
-17
-29
-32
-40
-39
-32
-40
-52
-36
-23
-42
-57
-35
-20
-29
-35
-32
-29
-28
-31
-30
-18
-12
-21
-22
-11
-5
-11
-14
-8
-9
-4
16
25
21
30
40
24
3
8
29
37
24
18
27
31
20
4
-2
-3
3
3
-10
-17
-12
-4
-7
-11
-20
-33
-38
-41
-44
-45
-44
-32
-24
-32
-40
-40
-49
-60
-56
-54
-57
-55
-52
-58
-62
-45
-21
-21
-33
-30
-28
-45
-47
-32
-34
-35
-13
-10
-33
-34
-31
-46
-48
-28
-17
-11
-5
-12
-18
-8
1
0
-3
-3
-4
-5
-7
-7
-6
-12
-20
-14
-6
-4
0
6
2
-15
-33
-40
-41
-32
-13
-14
-20
-5
4
-10
-13
-2
-3
0
5
8
4
-8
-26
-35
-27
-32
-54
-54
-28
-35
-59
-47
-39
-50
-43
-34
-35
-36
-26
-19
-31
-45
-44
-47
-52
-32
-14
-14
-7
8
10
6
11
16
3
-17
-24
-17
-14
-26
-25
-4
0
-8
0
-3
-18
-6
15
3
-9
3
12
20
37
40
29
31
54
67
59
42
28
25
27
31
34
35
49
68
64
57
64
68
74
83
83
86
88
66
41
25
15
-4
-26
-33
-32
-47
-61
-55
-44
-38
-42
-45
-38
-43
-46
-26
-18
-48
-76
-65
-51
-59
-61
-33
-12
-18
-29
-43
-58
-66
-60
-42
-19
-7
-1
8
13
3
-15
-31
-43
-46
-37
-31
-14
25
61
64
54
57
49
24
14
13
8
26
45
38
38
40
17
3
13
24
42
59
46
40
59
65
53
56
66
57
40
44
68
66
41
39
54
59
56
45
29
25
35
36
30
28
27
30
23
8
9
30
30
28
48
48
39
65
94
91
71
46
38
53
43
19
27
36
27
30
29
2
-2
20
19
0
-1
6
-2
-9
-6
6
14
17
15
2
-10
-3
5
4
-2
-10
-2
19
24
27
31
28
43
62
46
23
23
17
13
15
6
8
29
41
42
45
37
21
15
10
10
18
27
30
36
47
57
70
82
75
54
55
64
53
40
42
55
69
70
60
42
29
29
20
7
10
12
8
26
54
58
53
55
54
47
49
53
50
52
59
55
47
38
28
20
7
4
23
36
28
18
29
33
25
22
18
2
-6
-8
-26
-39
-26
2
23
22
3
0
14
17
10
3
2
19
32
25
28
37
22
6
12
13
5
0
-10
-22
-18
-8
-4
12
23
11
-6
-11
-3
4
2
-2
-1
-3
-5
0
-3
1
10
16
21
30
33
22
18
18
5
-14
-22
-28
-24
-7
-3
-8
0
15
24
24
27
35
32
19
20
24
24
22
24
30
31
14
-3
-5
-4
-4
-6
-5
4
11
1
-12
-9
-2
0
-3
1
8
5
-2
4
6
1
3
-1
-20
-15
10
10
6
17
18
11
29
52
47
35
33
27
9
-2
1
-6
-7
14
29
15
-7
-10
-7
-21
-44
-22
17
19
15
37
67
64
36
27
32
17
4
23
33
27
24
29
44
51
41
26
21
14
14
23
15
-10
-9
8
6
4
16
23
17
14
15
8
4
2
-2
0
10
14
18
26
29
32
26
23
41
53
40
31
35
41
41
21
3
10
18
6
2
17
38
39
33
42
39
20
17
23
18
16
23
33
46
53
48
40
33
35
41
44
53
61
43
26
32
24
-1
2
17
17
18
31
37
33
30
16
0
2
9
2
2
5
3
9
24
34
25
3
-3
25
32
9
-1
11
23
25
22
23
29
29
28
38
35
17
16
26
15
0
18
33
22
8
-4
6
30
32
28
33
33
28
33
31
15
12
21
30
40
44
36
33
29
33
43
38
32
41
49
55
59
63
60
41
22
23
31
37
42
37
43
46
36
28
23
21
24
26
29
33
35
32
34
29
23
33
41
45
57
68
60
58
70
63
47
51
58
50
38
27
23
28
11
-13
7
28
16
9
15
5
-3
8
16
-2
-10
12
19
-4
-2
9
-2
-2
8
7
16
36
33
15
13
15
4
-4
-7
-5
19
44
37
26
34
27
8
2
16
32
41
40
28
19
19
19
15
12
15
23
38
53
89
143
174
215
297
374
415
454
477
464
440
408
346
271
211
172
149
135
124
114
95
73
58
40
28
35
35
30
44
38
9
17
16
-19
-1
41
22
-11
-9
4
14
17
6
-4
-1
23
33
8
-14
-19
-22
-27
-25
-3
12
1
-8
-1
7
15
13
4
7
22
21
4
2
10
7
-1
-7
-17
-12
-4
-5
0
-6
-21
-31
-30
-21
-15
-27
-42
-39
-42
-51
-37
-25
-35
-34
-9
4
-9
-25
-23
-22
-39
-34
-8
-10
-26
-24
-29
-46
-43
-42
-63
-61
-38
-31
-31
-30
-45
-58
-59
-53
-31
-24
-30
-19
-7
-13
-22
-19
-10
-10
-34
-50
-26
1
-6
-21
-15
-5
-3
0
12
28
23
2
-5
1
0
-5
0
14
7
-6
7
3
-24
-23
4
10
-6
-17
-9
7
7
-4
-3
-2
0
1
-6
-1
10
7
-7
-7
0
8
1
-13
-11
-11
-32
-42
-33
-41
-36
-14
-20
-35
-36
-35
-31
-17
-15
-15
-4
-6
-17
-19
-6
2
-12
-36
-37
-19
-13
-19
-10
2
-5
-9
7
12
11
28
40
24
-5
-13
-10
-19
-23
-16
-18
-23
-20
-24
-26
-15
-22
-43
-44
-27
-20
-28
-33
-38
-39
-21
-11
-12
-8
-19
-26
-15
-21
-38
-33
-25
-27
-26
-30
-29
-30
-34
-36
-36
-34
-40
-46
-36
-27
-33
-30
-28
-34
-16
-1
-19
-24
-10
-15
-36
-51
-49
-38
-46
-43
-24
-26
-27
-7
-5
-19
-21
-35
-50
-51
-50
-51
-52
-63
-66
-47
-23
-18
-23
-30
-44
-51
-36
-26
-28
-18
-3
1
-4
-11
-17
-18
-14
-12
-14
-16
-12
-4
-3
2
6
0
-3
6
9
3
-8
-17
-4
8
-1
-12
-19
-29
-32
-29
-29
-31
-24
-3
3
-13
-25
-22
-11
0
0
-7
-17
-30
-43
-36
-15
-12
-11
-6
-19
-22
5
16
7
3
-9
-14
-1
2
-1
1
7
5
-2
-4
1
0
-3
11
4
-24
-24
-12
-26
-26
-5
-1
-8
-20
-28
-19
-13
-8
5
9
-1
0
3
-8
-8
12
21
5
-8
-21
-31
-16
-13
-21
-11
-6
-25
-29
-8
-5
-10
-6
1
4
4
0
-6
0
5
4
3
-9
-16
1
13
-1
4
25
16
-2
3
2
-14
-34
-56
-55
-33
-31
-38
-21
-10
-29
-38
-14
-7
-32
-38
-27
-38
-41
-22
-16
-23
-28
-39
-36
-25
-26
-20
-1
3
0
3
-2
5
25
20
-4
3
28
20
-3
-3
17
31
30
28
31
36
37
24
4
-2
-7
-14
-2
10
6
28
65
67
63
68
44
5
-2
1
-3
3
10
20
29
13
-5
0
4
-8
-6
3
-5
-9
4
8
-4
4
33
37
20
26
41
34
22
25
33
25
11
12
31
31
25
44
56
37
25
39
51
42
22
12
21
44
59
62
58
46
39
56
71
46
13
17
33
35
33
37
32
25
24
27
30
17
17
38
46
48
55
39
21
28
35
39
46
40
31
24
20
26
28
13
-4
0
15
16
15
32
52
54
51
58
63
65
69
61
37
25
28
23
2
-13
8
34
39
37
37
34
28
26
43
66
66
71
83
75
58
46
27
25
48
69
72
69
73
80
69
53
51
48
31
26
32
34
32
20
10
19
39
47
36
21
28
38
13
6
36
47
39
35
32
36
52
57
51
57
70
95
146
206
249
293
354
406
434
455
458
444
434
405
332
257
222
180
132
125
123
80
33
4
-21
-21
8
2
-32
-28
-9
-24
-44
-46
-52
-58
-51
-50
-45
-33
-32
-35
-37
-53
-72
-63
-48
-49
-47
-48
-59
-62
-50
-53
-53
-29
-36
-67
-65
-61
-69
-52
-31
-42
-64
-73
-70
-75
-89
-95
-92
-86
-71
-65
-64
-61
-66
-64
-62
-78
-92
-83
-81
-92
-95
-89
-81
-71
-60
-60
-60
-47
-46
-63
-67
-62
-55
-42
-42
-44
-39
-57
-75
-70
-67
-56
-35
-27
-25
-24
-20
-3
9
7
10
6
-4
6
15
7
1
-3
-22
-40
-31
-16
-16
-32
-51
-61
-59
-55
-53
-43
-32
-30
-25
-25
-27
-28
-38
-60
-67
-59
-63
-66
-47
-28
-34
-32
-13
-12
-14
-14
-30
-35
-19
-19
-24
-10
2
-4
-16
-19
-20
-40
-54
-42
-35
-40
-45
-53
-51
-35
-35
-50
-41
-13
-9
-28
-34
-25
-35
-54
-52
-50
-68
-75
-66
-60
-47
-27
-25
-29
-28
-31
-44
-57
-62
-65
-70
-71
-66
-67
-66
-61
-63
-62
-45
-31
-31
-18
-3
-12
-31
-29
-29
-49
-59
-55
-47
-38
-37
-28
-14
-12
-16
3
23
14
0
2
6
1
-2
1
1
-2
-7
-6
-2
-3
-1
-2
-8
-10
-4
-1
1
13
20
8
-6
8
31
35
22
14
20
29
30
17
7
21
39
33
10
-6
-7
-13
-22
-25
-20
-12
6
8
-12
-27
-23
-13
-9
-15
-20
-30
-40
-33
-13
-4
-3
5
20
34
29
10
4
2
-7
-7
-4
4
14
11
-3
-15
-21
-16
-4
-1
2
4
-4
-5
-5
-4
2
-1
-8
3
18
-1
-39
-50
-31
-13
-17
0
27
14
-12
-2
13
4
-4
-14
-30
-40
-41
-32
-30
-31
-20
-5
1
7
11
-9
-38
-52
-55
-48
-29
-30
-36
-18
-8
-18
-22
-29
-38
-36
-35
-21
2
6
8
23
30
19
11
30
39
15
11
29
14
-2
13
20
12
11
18
22
15
4
4
8
7
1
3
12
9
7
26
31
25
35
24
0
6
11
-1
-3
-3
-1
7
8
7
12
22
22
6
1
8
3
-11
-15
-11
-3
3
4
10
19
26
29
32
29
18
0
-14
-16
-13
-16
-6
15
14
10
13
7
4
8
11
5
-7
-6
9
1
-18
-11
0
6
4
0
11
16
3
6
33
30
10
3
3
12
26
24
16
23
28
16
13
20
16
14
12
7
20
39
35
31
42
38
38
53
65
85
94
78
64
57
47
44
38
18
15
22
27
34
46
50
45
27
2
-11
-8
-3
-4
-4
0
9
11
5
16
36
33
20
9
-2
-10
-23
-33
-41
-57
-56
-37
-22
6
42
51
59
76
65
43
29
15
11
23
28
27
33
31
12
-2
-8
-20
-27
-15
10
24
8
-5
8
9
-4
7
19
2
-2
22
28
25
42
49
30
21
28
36
46
37
22
38
40
36
46
44
29
40
59
59
50
39
42
56
58
56
59
59
46
29
34
54
50
26
25
40
38
31
32
36
46
45
30
33
54
64
53
39
35
40
41
34
23
18
23
25
37
59
67
74
89
102
98
73
62
89
145
200
246
291
340
373
389
405
394
367
369
356
314
277
245
220
204
171
133
111
70
45
62
51
17
18
34
28
13
-7
-37
-41
-29
-44
-62
-55
-49
-53
-40
-40
-57
-51
-38
-57
-83
-78
-55
-37
-19
0
0
-16
-35
-47
-49
-48
-51
-47
-35
-29
-35
-32
-12
8
3
-8
-7
-8
-12
-16
-9
-6
-18
-25
-18
-19
-30
-32
-26
-32
-47
-52
-37
-18
-9
-16
-31
-18
5
-8
-31
-29
-36
-52
-41
-29
-37
-35
-27
-16
2
0
-26
-35
-27
-29
-32
-19
2
8
8
6
6
9
7
-3
-1
18
27
18
18
34
34
18
25
39
32
29
43
42
29
27
30
37
36
18
13
32
36
21
9
-1
5
20
10
-10
0
13
10
9
16
21
23
25
32
34
23
-2
-7
19
33
9
-4
6
1
-3
17
28
25
32
29
17
11
3
2
17
26
15
10
25
32
19
3
-7
-10
2
10
-3
-5
3
7
5
9
21
23
18
28
38
18
-1
-8
-22
-23
-4
11
7
0
6
10
7
-1
-17
-35
-28
-5
0
-5
6
26
27
10
0
0
-5
-1
17
26
19
17
26
19
6
21
42
36
23
20
21
17
10
12
15
-1
1
21
10
-13
-16
-13
8
30
27
20
21
20
27
33
29
24
16
10
18
19
10
14
21
18
24
23
5
6
13
4
-1
4
9
19
25
13
5
7
9
12
25
33
27
11
-6
-11
0
-2
-21
-16
-4
-14
-28
-21
-12
-18
-24
-12
-4
-14
-20
-15
-25
-34
-29
-27
-38
-35
-25
-27
-32
-32
-31
-24
-5
-10
-26
-23
-32
-50
-49
-50
-63
-51
-37
-52
-65
-56
-46
-51
-46
-32
-35
-36
-23
-17
-14
-4
-2
-10
-13
-18
-22
-23
-28
-28
-43
-66
-50
-19
-23
-43
-39
-15
3
-15
-38
-18
-2
-26
-39
-25
-23
-32
-16
3
-6
-5
10
8
10
20
7
-14
-14
-17
-20
-17
-25
-29
-14
-1
3
10
9
-5
-8
-14
-34
-41
-30
-26
-40
-59
-58
-38
-15
11
38
31
4
-1
-1
-1
2
9
18
16
0
-10
-7
-9
-16
-36
-46
-26
-18
-41
-55
-46
-37
-26
-21
-30
-35
-34
-33
-21
-10
-9
2
10
4
-1
-13
-35
-39
-25
-15
-1
22
31
17
3
-6
-15
-5
26
35
17
7
1
-25
-44
-37
-21
1
18
31
45
48
47
49
39
28
30
36
35
25
19
20
15
6
9
22
30
23
20
27
31
35
51
59
51
49
60
66
61
66
76
64
50
58
53
31
29
36
28
17
3
1
19
31
36
59
84
83
73
75
73
61
60
65
58
55
61
64
70
82
93
82
66
63
51
39
44
42
25
23
47
64
58
55
72
88
78
64
55
54
54
50
44
42
50
48
41
44
45
41
37
31
33
49
51
39
41
37
29
30
21
11
11
1
-6
-2
-8
-4
9
7
11
23
25
38
34
3
3
22
5
-21
-27
-33
-19
17
38
44
44
37
25
12
2
-2
-6
-15
-17
-19
-23
-15
-9
-18
-17
9
26
20
16
32
56
61
44
38
47
49
48
44
32
25
26
18
13
13
1
-5
-3
-2
0
-8
-25
-21
-5
-5
-8
-8
-7
-1
2
5
13
20
42
82
117
165
211
238
288
325
315
340
367
310
274
296
250
193
211
191
127
108
83
34
11
11
22
36
31
21
30
29
28
32
16
2
7
15
2
-11
-15
-18
-33
-56
-57
-31
-5
-5
-23
-28
-27
-37
-34
-14
-19
-32
-27
-28
-37
-35
-27
-36
-48
-47
-46
-57
-73
-89
-94
-80
-60
-41
-32
-46
-72
-97
-97
-72
-61
-68
-73
-71
-69
-61
-63
-78
-84
-72
-48
-38
-40
-34
-25
-18
-17
-12
-7
-13
-19
-29
-44
-60
-73
-82
-82
-83
-66
-39
-47
-62
-45
-49
-68
-64
-62
-67
-50
-29
-28
-29
-12
-1
-6
-1
6
-8
-27
-32
-32
-44
-63
-74
-80
-76
-48
-39
-53
-50
-43
-49
-52
-54
-58
-63
-66
-66
-69
-78
-79
-87
-103
-87
-61
-59
-52
-32
-17
-7
-1
-4
-8
-3
-2
-3
-3
-9
-15
-6
1
-10
-6
-4
-18
-12
6
2
-11
-6
-3
-23
-35
-15
-5
-15
-15
-16
-21
-14
-3
-1
0
3
4
-21
-50
-53
-59
-66
-47
-23
-26
-30
-28
-41
-47
-42
-49
-53
-32
-18
-27
-36
-34
-17
-1
1
4
7
-5
-12
-3
-1
-2
2
2
0
5
7
1
-1
-3
-5
4
11
2
-2
-1
-11
-14
3
10
1
3
-2
-21
-23
-11
-7
5
26
36
41
51
48
37
32
23
11
18
31
27
27
27
15
14
11
-3
-1
1
-4
11
25
9
-6
9
20
8
2
3
-4
-6
-2
-2
-6
-11
-20
-24
-24
-19
-9
-2
11
22
7
-7
-1
-2
-24
-27
-15
-21
-21
-4
3
-1
-2
-10
-18
-29
-40
-35
-12
1
-5
-14
-15
-6
-2
-14
-24
-7
0
-20
-35
-24
-13
-17
-16
-7
-7
-8
4
0
-25
-38
-31
-24
-35
-41
-29
-16
-4
0
-12
-21
-12
-6
-18
-21
-19
-39
-50
-32
-23
-36
-39
-32
-34
-27
-14
-14
-15
-5
16
23
10
8
25
24
18
26
16
7
27
40
30
27
34
24
0
-14
-13
-9
-3
1
4
18
28
23
17
10
0
-4
-4
-4
3
5
-4
-7
-3
2
5
5
2
5
-2
-38
-59
-42
-18
-5
0
-9
-26
-34
-26
-11
-13
-22
-16
-4
7
5
-2
0
-8
-27
-34
-35
-27
-6
-14
-33
-11
14
-8
-30
-15
-5
-13
-8
-4
-10
9
42
41
24
27
34
21
13
23
22
4
11
31
14
-13
-21
-22
-13
1
-5
-8
-7
-8
-5
-1
-2
0
2
-4
0
4
-8
-22
-10
12
2
-11
-6
-17
-40
-32
-20
-29
-29
-17
-15
-3
20
21
4
-5
-13
-12
3
6
-8
-9
-4
-8
7
30
30
14
7
5
11
26
27
24
36
40
34
46
58
44
25
17
14
14
-2
-2
31
39
13
11
18
14
25
24
5
21
40
13
-2
26
40
26
6
-5
-5
2
7
-1
-13
2
33
38
31
32
32
25
18
18
20
13
-1
1
20
22
-1
-3
11
11
18
25
15
13
24
15
-2
-2
9
17
18
40
69
63
48
47
42
43
52
41
21
18
18
30
49
42
31
28
29
32
23
22
26
18
20
41
42
31
26
17
37
64
54
37
40
40
39
52
49
29
24
35
32
22
31
32
11
-6
-1
4
1
15
40
61
92
144
195
245
299
331
340
333
319
329
333
305
295
299
253
198
187
168
117
81
59
21
10
26
13
-14
-5
0
-22
-30
-25
-26
-33
-33
-29
-34
-38
-30
-28
-43
-43
-25
-24
-33
-36
-43
-42
-35
-28
-11
0
-3
-3
-4
-15
-22
-23
-21
-20
-34
-49
-54
-51
-31
-14
-26
-43
-57
-65
-60
-58
-66
-49
-25
-24
-35
-39
-35
-31
-40
-48
-33
-30
-50
-63
-64
-60
-48
-39
-49
-47
-39
-44
-48
-46
-45
-50
-64
-70
-47
-24
-25
-24
-27
-29
-27
-35
-42
-41
-46
-45
-36
-37
-37
-27
-23
-27
-33
-31
-20
-23
-34
-23
-11
-22
-30
-14
-6
-17
-26
-20
-7
-4
-9
-12
-30
-50
-54
-50
-48
-45
-46
-52
-61
-67
-65
-67
-66
-46
-29
-36
-44
-35
-24
-26
-38
-44
-43
-42
-41
-34
-30
-35
-17
6
3
-6
0
4
-4
-10
-12
-4
13
28
34
20
7
15
28
20
4
-6
-15
-15
7
20
13
19
29
19
9
-3
-15
-8
-3
-13
-10
-2
-15
-32
-37
-37
-35
-33
-29
-29
-37
-37
-34
-32
-14
1
-6
-12
-4
3
3
6
11
3
0
15
12
-10
-12
-6
-6
-10
-21
-21
-14
-21
-41
-60
-60
-41
-29
-33
-36
-30
-14
7
21
37
47
42
31
31
31
26
22
7
3
16
18
9
9
17
22
28
26
22
25
25
29
29
35
38
25
11
10
17
19
27
27
22
20
11
7
23
42
45
33
34
46
40
31
46
52
42
34
24
18
31
34
17
1
-17
-17
4
6
-3
21
40
32
40
52
45
46
43
28
23
29
29
33
40
30
26
45
69
63
42
44
54
47
32
31
29
10
-6
9
33
27
13
11
-1
-9
-4
-7
-11
-11
-7
2
5
5
8
6
-2
-4
1
9
20
26
29
25
16
6
1
1
-10
-18
-3
8
1
-4
1
8
-4
-23
-22
-13
-16
-1
23
17
4
16
38
49
40
26
24
29
24
9
10
15
13
23
40
30
23
52
70
50
37
36
24
14
22
24
12
17
26
16
10
28
41
28
11
-3
-11
-11
-11
-1
6
-1
2
24
35
20
2
5
31
42
39
47
34
1
-2
13
-8
-32
-20
-7
-16
-21
-7
-1
-4
-1
-1
1
9
-3
-23
-10
8
-5
-16
-5
4
3
1
-3
-13
-21
-15
0
13
6
-12
-29
-31
-30
-42
-51
-36
-28
-29
-15
-4
-9
-14
-15
-6
9
6
11
27
18
-3
-17
-39
-37
-14
-6
11
49
64
55
35
0
-19
-6
7
19
31
32
32
27
7
-6
1
5
11
26
43
58
70
72
42
-20
-73
-82
-66
-40
4
45
52
32
5
-17
-15
-8
-11
16
67
76
45
32
17
-33
-81
-85
-54
-21
15
43
49
32
16
4
-15
-19
-7
3
14
34
34
2
-24
-32
-41
-41
-17
0
-4
19
49
44
37
43
45
45
50
50
51
49
50
61
59
42
23
28
56
64
59
68
71
67
75
82
83
92
100
109
120
124
110
100
104
105
103
105
98
75
58
68
90
95
78
80
109
125
123
136
149
137
139
157
148
127
121
122
126
124
120
122
120
113
116
121
115
118
138
177
235
288
324
372
414
423
429
448
420
379
401
411
362
312
275
240
213
186
157
151
152
139
116
95
95
94
90
79
58
54
59
43
30
36
51
62
64
49
30
26
27
26
24
31
25
6
0
6
13
21
33
35
22
9
1
-2
-6
-9
1
11
5
7
22
18
2
12
33
24
-3
-12
-4
-12
-14
3
-5
-25
-15
15
22
6
-3
-3
-4
-7
-6
-13
-31
-39
-35
-30
-32
-22
2
11
5
12
33
38
24
19
16
3
-3
4
-4
-20
-18
-4
7
9
9
12
17
13
0
-12
-14
-5
1
-2
-10
-2
5
-2
-11
-17
-32
-44
-31
-29
-52
-72
-64
-46
-37
-41
-64
-84
-97
-114
-115
-88
-60
-61
-69
-50
-36
-52
-50
-27
-30
-36
-28
-29
-34
-34
-40
-50
-60
-64
-61
-62
-58
-63
-77
-64
-36
-29
-33
-27
-23
-26
-33
-37
-32
-32
-37
-33
-27
-30
-34
-36
-39
-32
-28
-27
-24
-20
-13
-16
-30
-33
-31
-35
-31
-40
-62
-50
-26
-34
-52
-44
-31
-37
-35
-15
-11
-29
-34
-33
-30
-15
6
12
-4
-24
-33
-47
-65
-67
-67
-64
-42
-17
-10
-15
-16
-18
-28
-35
-38
-51
-63
-62
-61
-41
-23
-30
-35
-25
-22
-34
-28
-9
-9
-31
-49
-49
-49
-49
-48
-51
-57
-64
-62
-57
-66
-78
-72
-57
-53
-40
-29
-33
-32
-27
-35
-39
-36
-37
-37
-40
-50
-44
-23
-37
-59
-45
-31
-47
-61
-50
-42
-45
-44
-22
-6
-26
-41
-29
-28
-43
-46
-49
-59
-56
-47
-35
-25
-36
-51
-38
-32
-54
-62
-40
-26
-25
-31
-42
-41
-30
-21
-28
-48
-49
-29
-22
-30
-33
-37
-38
-28
-29
-33
-13
-1
-21
-33
-29
-40
-44
-29
-27
-36
-37
-34
-29
-24
-25
-31
-27
-18
-31
-44
-35
-26
-35
-34
-24
-23
-24
-17
-4
1
-3
-6
-4
1
-5
-15
5
34
29
23
36
35
30
22
9
11
16
5
6
7
-12
-17
-6
-14
-33
-28
-5
10
1
-16
-16
10
27
11
8
32
32
23
31
35
37
51
40
21
26
11
-27
-36
-15
-5
-2
13
15
0
-8
3
23
21
-5
-11
1
-1
1
7
4
0
2
6
-3
-22
-28
-21
-30
-42
-24
-3
-1
2
5
8
8
-5
-13
-9
-18
-32
-34
-35
-33
-28
-28
-34
-35
-21
-6
-9
-14
-7
-2
-4
-12
-8
-4
-11
-7
-6
-24
-38
-30
-9
3
-12
-21
-9
-18
-33
-27
-28
-42
-52
-46
-41
-52
-58
-37
-26
-40
-48
-26
-7
-13
-20
-12
-6
2
8
-4
-7
12
16
3
-8
-22
-34
-29
-26
-34
-32
-29
-26
-19
-21
-35
-39
-30
-28
-27
-19
-6
-5
-13
-8
6
18
35
36
13
9
21
6
-18
-13
-4
-10
-3
5
4
3
0
1
-3
-16
-20
-15
-17
-20
-9
-11
-18
-8
3
3
-3
-2
-1
0
4
2
1
10
33
47
40
32
25
11
-2
-3
2
1
2
14
31
37
33
34
25
5
-4
6
11
0
-10
-17
-24
-30
-29
-34
-50
-64
-83
-100
-91
-56
-31
-28
-22
-28
-47
-48
-40
-48
-44
-27
-36
-59
-80
-93
-71
-27
-13
-29
-25
-2
3
1
-2
-15
-31
-40
-41
-42
-42
-34
-25
-30
-36
-36
-37
-19
13
28
36
39
41
50
60
46
33
58
74
68
79
80
48
37
69
83
61
32
31
55
83
113
158
222
272
289
313
366
388
377
372
371
375
375
357
345
350
325
278
235
200
180
160
126
95
82
82
87
82
64
53
66
89
87
62
35
16
2
-10
-5
9
13
15
29
33
27
19
20
32
29
24
44
74
87
83
68
50
47
55
47
42
64
80
64
44
33
26
29
36
57
78
77
59
43
40
30
1
-15
3
21
31
51
80
90
72
53
60
74
67
53
58
75
75
60
54
54
50
47
40
36
44
53
54
58
70
69
59
70
95
101
91
79
62
55
57
52
64
84
79
69
78
87
92
99
98
90
97
109
109
108
114
116
106
92
86
86
88
101
124
126
115
116
125
125
122
127
125
123
133
132
121
123
124
117
117
125
138
144
129
121
140
154
156
156
161
174
174
154
144
149
155
159
156
145
149
157
152
146
149
161
164
164
169
165
144
138
161
169
147
147
173
182
183
199
191
159
147
151
145
143
151
152
143
131
134
146
138
128
128
122
111
114
134
147
146
130
120
125
131
120
97
94
110
128
122
108
103
103
110
113
98
92
114
121
102
103
119
113
96
102
112
106
99
95
88
85
92
95
103
111
104
98
103
104
109
127
119
101
112
122
118
122
124
122
123
116
114
134
150
147
148
145
155
175
172
158
167
173
161
152
147
146
157
153
146
160
169
160
162
180
182
165
150
156
165
163
159
152
155
179
185
175
191
211
208
204
199
192
192
185
174
184
205
206
192
186
181
176
184
190
183
174
175
184
185
182
186
194
187
192
216
223
215
229
240
223
199
189
182
175
176
179
178
175
173
164
155
164
181
186
189
194
195
192
186
177
176
180
186
202
204
171
142
149
172
179
167
167
171
159
152
151
142
137
132
117
111
117
104
83
79
87
84
71
66
50
38
47
49
37
40
43
19
1
5
2
-4
-1
-6
-20
-17
-3
-6
-22
-43
-59
-52
-36
-38
-40
-23
-7
-5
-7
-10
-6
2
-5
-26
-31
-13
-5
-19
-32
-24
-15
-23
-29
-31
-48
-64
-64
-60
-56
-50
-47
-57
-72
-79
-74
-70
-81
-101
-93
-74
-79
-82
-66
-66
-79
-76
-78
-92
-93
-87
-86
-89
-91
-92
-89
-87
-88
-89
-84
-63
-53
-75
-81
-60
-54
-68
-80
-87
-93
-97
-82
-63
-71
-86
-75
-62
-56
-62
-83
-85
-77
-90
-95
-91
-92
-93
-103
-116
-103
-86
-92
-93
-90
-106
-113
-100
-91
-100
-105
-94
-91
-103
-105
-102
-116
-123
-103
-95
-107
-107
-91
-91
-113
-127
-132
-135
-135
-134
-130
-125
-126
-129
-134
-138
-129
-120
-118
-116
-121
-126
-125
-122
-115
-114
-126
-128
-120
-117
-122
-121
-120
-134
-141
-139
-138
-131
-121
-124
-120
-115
-128
-130
-123
-131
-134
-124
-123
-125
-120
-124
-128
-119
-115
-123
-120
-106
-118
-140
-142
-140
-149
-161
-163
-153
-142
-139
-130
-140
-179
-192
-168
-160
-180
-185
-180
-189
-188
-173
-170
-177
-178
-191
-200
-189
-179
-175
-171
-179
-189
-193
-192
-174
-159
-166
-179
-179
-166
-139
-102
-58
-1
43
68
111
162
179
174
180
177
140
91
58
32
-10
-45
-51
-72
-114
-126
-122
-146
-167
-165
-167
-169
-158
-165
-185
-192
-201
-216
-214
-210
-218
-214
-200
-194
-196
-201
-193
-176
-188
-217
-203
-181
-183
-173
-161
-179
-207
-207
-200
-207
-226
-257
-272
-254
-240
-247
-237
-208
-208
-221
-217
-207
-201
-212
-226
-223
-208
-196
-195
-199
-188
-174
-186
-189
-157
-143
-156
-158
-153
-149
-135
-128
-131
-123
-113
-111
-100
-86
-90
-92
-86
-95
-103
-99
-113
-136
-127
-137
-174
-166
-148
-186
-216
-197
-190
-210
-218
-209
-207
-222
-221
-198
-193
-197
-194
-194
-198
-202
-198
-182
-181
-190
-170
-141
-140
-160
-171
-159
-155
-168
-175
-176
-172
-161
-160
-163
-150
-145
-156
-148
-128
-125
-128
-148
-186
-169
-89
-43
-31
-12
-23
-47
-45
-45
-57
-58
-52
-53
-56
-70
-88
-97
-93
-85
-90
-92
-78
-69
-84
-96
-82
-79
-95
-104
-114
-125
-122
-125
-129
-114
-113
-125
-108
-80
-63
-40
-34
-47
-36
-13
-27
-59
-62
-48
-50
-71
-75
-64
-63
-66
-60
-63
-74
-60
-49
-57
-55
-48
-41
-28
-22
-28
-27
-30
-45
-62
-61
-39
-37
-63
-80
-72
-61
-50
-41
-35
-34
-46
-61
-82
-96
-90
-88
-95
-87
-73
-81
-88
-75
-73
-91
-95
-78
-74
-83
-77
-63
-73
-90
-76
-50
-56
-64
-44
-33
-39
-40
-48
-60
-63
-58
-57
-61
-62
-51
-47
-61
-62
-55
-57
-61
-55
-60
-76
-77
-71
-70
-67
-63
-60
-58
-61
-62
-54
-57
-70
-57
-50
-58
-59
-45
-33
-36
-55
-69
-64
-69
-85
-74
-57
-61
-62
-57
-62
-50
-25
-28
-34
-21
-17
-35
-46
-38
-24
-17
-20
-25
-40
-57
-65
-65
-52
-32
-26
-34
-37
-33
-36
-34
-32
-45
-66
-67
-59
-59
-45
-20
-3
1
6
14
15
4
-9
-15
-13
-13
-19
-18
-2
1
-6
-5
6
8
-6
-12
-8
-19
-36
-17
11
7
-2
21
48
58
73
95
107
118
135
162
184
179
169
179
170
144
132
125
124
125
113
100
92
69
51
60
75
84
78
67
77
85
57
33
43
50
32
11
17
45
60
61
61
64
66
57
36
27
36
26
15
16
10
-5
-13
-12
-10
-11
-5
1
2
9
24
17
0
-1
1
-2
-1
2
3
2
5
4
-15
-30
-21
-17
-32
-25
-3
-13
-25
-4
8
1
0
-7
-18
-10
12
21
13
5
9
7
0
4
3
5
22
17
1
0
0
1
8
3
-7
-3
0
0
0
5
9
8
12
15
14
11
14
15
15
12
8
11
7
-5
2
24
28
19
27
36
28
27
43
47
30
14
6
2
5
11
-7
-21
-12
-13
-29
-24
-10
-6
9
22
16
8
12
22
12
-5
2
12
8
14
29
17
2
16
25
8
2
5
-13
-36
-35
-33
-29
-29
-42
-44
-37
-43
-42
-30
-33
-39
-34
-23
-6
-7
-21
-14
-4
-21
-23
-7
-6
-15
-19
-27
-31
-10
6
6
19
29
18
0
2
17
26
24
19
6
-17
-17
-4
-16
-28
-25
-25
-26
-29
-34
-19
-12
-32
-36
-19
-19
-31
-33
-30
-32
-33
-26
-17
-20
-20
-16
-15
-20
-27
-32
-30
-17
0
4
2
-2
-7
-5
3
3
-4
-2
2
3
0
-3
2
10
6
-9
-14
2
10
-10
-11
-3
-17
-14
5
-5
-11
13
25
10
1
13
23
19
22
28
25
26
40
58
98
165
210
225
257
312
331
317
309
301
275
235
193
152
111
71
39
14
-4
-11
-19
-28
-31
-31
-31
-29
-36
-45
-34
-27
-43
-65
-71
-60
-54
-49
-49
-55
-51
-31
-24
-39
-49
-36
-16
-15
-15
2
4
-3
0
0
-5
5
7
-8
-6
-3
-16
-21
-17
-25
-38
-41
-37
-14
6
1
-1
3
-8
-18
-9
0
1
1
-2
0
2
-3
-7
-13
-24
-27
-13
4
7
4
1
0
14
24
9
0
4
2
-5
-8
-4
-1
-6
-15
-17
-11
6
8
-7
-4
10
16
25
36
31
14
-3
-11
-7
10
28
34
29
32
35
31
31
31
22
13
19
18
9
8
8
4
2
10
27
34
23
0
-15
-11
3
8
17
31
27
5
-5
1
-1
1
15
22
11
-9
-24
-18
-8
0
12
6
-1
15
24
18
16
12
2
-7
-2
8
12
14
19
20
23
31
24
7
3
-1
-6
-1
11
0
-11
2
4
-8
7
38
36
11
-1
2
-3
-8
3
7
-7
-5
12
9
-3
-2
5
-6
-8
7
12
11
24
28
13
9
14
7
-10
-16
-12
-14
-26
-26
-17
-18
-19
-4
2
-19
-33
-28
-32
-36
-32
-39
-52
-38
-22
-29
-22
-11
-22
-23
-3
3
0
3
-5
-17
-18
-23
-32
-23
3
21
15
7
10
8
-16
-32
-21
-11
-7
1
1
-10
-14
-4
2
3
9
17
11
-8
-27
-35
-20
-7
-19
-28
-10
8
10
6
0
-5
0
-1
-2
4
-5
-29
-38
-19
-13
-24
-32
-26
-19
-16
-11
4
15
9
-4
-11
-6
10
12
0
1
7
5
8
14
11
6
3
0
-4
-1
-1
6
25
29
21
19
13
-5
-13
-18
-19
-11
0
12
13
12
23
31
32
34
35
35
26
6
-12
-24
-30
-33
-26
-5
21
36
28
5
-2
11
8
-4
-3
-11
-18
-3
6
-1
-7
-8
-1
16
15
-1
0
-6
-24
-18
0
-2
-6
1
5
2
6
8
6
-5
-18
-14
-11
-6
10
24
19
11
20
30
27
27
46
51
29
25
29
18
2
-7
9
24
5
-12
2
20
28
30
27
26
28
22
14
1
-5
13
36
40
30
31
33
20
7
7
14
13
4
-3
-13
-24
-23
-13
-10
-7
-2
2
4
2
2
12
16
10
6
3
-1
-3
-7
-15
-25
-36
-32
-11
-1
-4
4
3
-9
14
34
15
11
34
45
43
41
32
24
27
29
34
33
20
12
25
34
32
30
28
30
35
33
26
9
-7
-3
3
0
5
12
10
7
2
-1
0
-10
-11
2
14
21
24
12
8
20
13
1
5
15
27
33
16
2
13
13
-2
-1
1
-16
-22
-1
12
5
-8
-13
-12
-15
-29
-38
-29
-11
3
9
11
24
36
31
30
27
17
31
66
69
58
61
53
47
54
44
27
29
38
42
51
60
56
42
28
14
-4
2
20
29
43
68
72
60
57
55
35
20
27
33
36
46
47
35
21
1
-19
-34
-50
-51
-32
-18
-4
18
31
32
28
8
-1
21
36
31
31
27
19
17
7
-7
1
18
31
47
59
64
67
51
32
39
47
34
30
36
31
18
9
-3
-9
12
27
6
-1
39
66
89
164
239
286
340
355
342
367
385
349
300
227
171
186
183
133
126
136
106
83
85
80
65
59
76
86
80
80
94
106
100
80
65
61
53
45
50
65
86
73
33
34
59
37
-6
-20
-18
-22
-25
-32
-34
-25
-36
-69
-78
-71
-88
-101
-84
-66
-76
-86
-74
-61
-72
-88
-80
-71
-71
-64
-60
-69
-67
-40
-23
-31
-36
-18
-1
-1
0
-13
-42
-45
-28
-34
-40
-29
-31
-26
-5
-3
-9
-3
-5
-10
-14
-25
-24
-6
0
4
8
-7
-17
-7
-5
-4
8
-1
-17
-19
-22
-18
-3
2
-17
-28
-11
1
0
-4
-7
-11
-7
-1
1
-1
-9
-1
2
-21
-30
-3
12
5
12
26
22
11
7
-3
-18
-11
7
-7
-32
-17
5
0
4
21
36
42
39
28
22
23
17
15
30
41
35
28
30
36
31
15
7
7
-3
4
28
31
12
2
17
25
15
11
14
10
-1
-8
3
20
20
7
4
6
9
1
-3
3
1
-4
-2
-5
-4
2
-2
-2
-4
-15
-16
-6
-4
-4
-4
-4
0
1
1
4
-1
-3
4
-5
-9
11
24
18
35
49
36
37
53
35
6
12
23
18
21
38
53
60
67
66
55
51
53
46
24
10
3
-5
10
27
13
-2
1
-5
-14
-3
20
29
18
-1
-15
-24
-21
-16
-27
-31
-25
-34
-35
-21
-15
-13
-1
-14
-45
-54
-58
-62
-58
-56
-52
-28
-1
12
-2
-34
-45
-43
-60
-75
-64
-43
-23
6
39
38
11
6
16
-1
-27
-21
-2
5
12
12
-6
-17
-11
-14
-15
-7
-5
2
18
20
13
23
29
16
7
18
25
13
15
35
33
23
31
27
14
21
24
22
39
41
15
2
-3
-17
-32
-41
-28
-6
6
17
25
19
20
38
45
43
34
29
37
35
25
32
31
11
11
20
21
39
50
38
33
37
27
23
29
30
41
57
50
19
-1
-8
-4
19
33
29
33
38
36
38
34
32
42
47
45
47
45
36
27
15
-2
-6
6
20
22
18
8
1
6
9
6
19
35
31
35
43
38
36
41
32
27
32
31
27
31
49
66
53
25
29
52
46
29
30
32
33
30
18
4
8
20
28
33
32
43
52
35
23
33
36
30
37
42
32
29
39
44
36
32
36
29
18
19
25
19
15
24
33
38
56
62
44
46
67
68
51
37
31
31
26
18
26
36
30
23
27
28
28
39
33
7
6
30
36
16
9
20
29
26
22
16
-4
-14
-8
-4
6
23
35
40
48
41
29
43
55
44
40
46
32
21
31
21
-1
-3
-10
-31
-24
3
5
0
0
-13
-18
0
2
-1
21
29
19
18
16
5
11
20
17
14
9
14
27
29
26
21
23
25
35
34
24
30
32
22
14
7
-7
-8
0
-2
-4
19
47
45
39
52
44
11
-5
1
5
3
1
14
29
27
29
31
17
11
27
32
20
15
15
23
32
36
42
50
47
39
30
17
20
32
29
19
8
8
25
26
-1
-6
7
3
-5
-13
-20
-12
3
2
-12
-17
-8
-3
-7
0
18
32
65
121
162
187
213
237
239
236
239
218
183
172
150
105
97
98
63
59
65
27
-1
-3
-27
-27
6
11
-4
-2
7
8
-14
-50
-67
-67
-57
-41
-28
-31
-37
-33
-36
-61
-77
-48
-25
-45
-56
-38
-27
-34
-36
-32
-33
-20
-2
-1
-4
-6
-26
-38
-31
-39
-41
-36
-47
-52
-46
-49
-46
-37
-25
-13
-17
-29
-23
-15
-17
-22
-30
-54
-72
-53
-33
-49
-66
-55
-44
-43
-41
-37
-41
-44
-43
-49
-50
-40
-43
-50
-39
-37
-54
-54
-29
-14
-17
-22
-36
-45
-32
-24
-27
-30
-30
-22
-9
-20
-32
-24
-28
-35
-14
13
-6
-39
-37
-33
-59
-70
-56
-57
-54
-37
-19
12
40
38
13
0
-7
-6
4
0
-2
4
1
-22
-21
4
3
-4
-2
-12
-40
-62
-67
-63
-59
-54
-47
-42
-40
-25
-16
-23
-31
-23
-12
-12
-23
-24
-16
-27
-48
-51
-50
-56
-52
-37
-30
-23
-17
-16
-12
-11
-17
-22
-18
-14
-12
-11
-12
-3
6
-1
-11
-16
-26
-28
-24
-23
-17
-13
-25
-11
18
15
6
23
34
15
-4
3
21
22
9
0
17
41
34
13
20
32
18
8
21
20
6
6
20
13
7
13
25
31
26
25
31
35
28
25
23
11
-2
1
9
2
4
15
14
8
8
8
8
17
29
31
26
22
19
16
22
29
31
32
36
33
27
26
24
21
16
4
-9
-4
-1
-1
13
19
0
-6
22
26
2
4
29
29
24
40
44
29
33
34
11
2
23
42
49
52
52
51
50
67
86
81
74
74
66
57
58
65
61
54
69
95
95
86
86
88
90
86
77
61
59
75
73
57
64
66
43
36
34
16
6
1
-1
-2
-3
13
33
35
37
45
43
46
50
34
25
34
34
31
41
38
6
-12
-8
-14
-20
-11
-1
0
8
15
11
18
32
32
28
26
34
45
51
59
59
37
27
38
24
9
17
23
13
8
19
37
44
36
26
25
28
17
10
16
8
-1
2
2
7
22
39
50
45
37
52
59
42
21
3
-8
-9
-14
-11
8
17
17
27
31
24
32
35
14
2
10
3
-2
13
10
-4
-8
-22
-35
-24
-16
-30
-40
-34
-22
-6
4
-1
-11
-6
3
-10
-31
-32
-29
-28
-29
-45
-56
-37
-22
-35
-34
-16
-17
-17
-4
1
-1
-3
-18
-21
-4
1
4
6
-10
-15
0
3
-2
3
0
-1
23
30
18
26
40
35
30
33
35
32
27
25
29
25
18
7
-1
13
32
31
27
32
33
24
26
32
21
11
15
11
9
24
27
24
26
12
9
42
74
89
91
93
104
129
152
155
148
149
161
163
153
141
125
98
83
89
78
65
81
93
86
81
63
40
42
46
16
-6
16
31
20
25
27
8
12
38
34
19
21
20
17
16
10
0
-1
7
8
1
-2
-6
-16
-17
0
0
-6
-3
-8
-16
-22
-29
-31
-28
-28
-30
-33
-30
-26
-32
-24
0
3
1
-2
-19
-26
-18
-10
-7
-11
-13
4
2
-17
-11
4
5
-5
-28
-51
-59
-53
-48
-52
-51
-44
-46
-38
-6
10
-1
4
0
-32
-33
-2
-12
-43
-32
-20
-42
-50
-34
-28
-35
-35
-31
-32
-33
-23
-3
6
-1
1
0
-19
-28
-22
-27
-42
-44
-22
13
39
68
116
165
201
235
259
258
248
259
250
204
173
165
137
93
57
24
-1
-2
-2
-25
-39
-26
-37
-65
-63
-57
-64
-71
-67
-62
-68
-80
-75
-65
-75
-79
-70
-82
-103
-88
-67
-81
-99
-93
-71
-55
-59
-48
-24
-24
-34
-36
-49
-59
-59
-65
-68
-63
-62
-65
-63
-54
-51
-64
-68
-57
-56
-67
-66
-59
-57
-59
-62
-51
-39
-37
-34
-27
-34
-47
-44
-31
-35
-59
-74
-60
-41
-30
-13
-9
-26
-28
-9
-13
-33
-37
-36
-39
-37
-32
-29
-34
-31
-21
-24
-33
-33
-33
-34
-31
-27
-23
-20
-26
-32
-32
-30
-27
-25
-30
-37
-29
-16
-17
-16
-6
1
3
7
11
10
2
-2
3
-2
-9
-4
0
3
4
5
1
-6
-10
-8
-6
-5
0
-14
-37
-48
-48
-47
-43
-37
-25
-21
-22
-13
-10
-13
-8
-9
-13
-12
-19
-29
-11
17
16
2
3
17
27
20
6
1
-3
0
23
34
27
43
48
20
22
32
2
-3
37
35
0
6
24
19
7
0
2
1
-2
-6
-16
-16
8
28
41
60
64
55
53
61
61
46
28
30
39
39
28
26
30
13
-2
7
11
12
26
35
34
29
23
39
58
31
3
19
35
23
21
31
29
24
32
35
25
31
48
43
34
41
33
30
53
62
54
66
70
61
72
84
64
53
74
88
84
92
94
73
56
51
50
57
62
56
59
62
58
60
61
55
56
62
64
65
64
60
53
51
58
68
69
61
54
52
55
54
52
59
66
54
30
24
39
57
60
59
70
71
49
33
34
32
33
36
27
18
18
21
25
32
39
40
30
25
31
20
9
16
20
22
30
40
37
30
31
32
15
0
-9
-26
-32
-29
-23
-14
3
17
21
17
9
2
-2
-1
0
-4
-4
-1
-7
-26
-38
-33
-17
-14
-26
-19
4
5
-4
5
12
1
-5
3
5
9
24
37
31
10
-3
1
5
-6
-13
-11
-13
-20
-13
9
20
25
26
14
2
-12
-37
-56
-58
-61
-66
-63
-55
-59
-68
-53
-30
-26
-31
-37
-30
-10
-11
-33
-33
-18
-11
-6
-1
-2
1
-2
-6
-4
-10
-27
-36
-22
-5
-1
0
0
0
1
1
-1
-1
-1
-6
-5
12
32
34
27
35
38
17
6
21
31
29
28
32
25
3
7
28
17
-1
6
14
10
-1
-15
-13
-3
-3
-2
5
-7
-36
-34
-14
-20
-22
-1
8
-2
-2
5
2
-5
-2
-9
-26
-11
10
0
-3
8
1
-7
-2
2
0
-6
-16
-29
-43
-42
-31
-24
-21
-18
-24
-29
-28
-26
-29
-24
-13
-15
-18
-7
-13
-33
-23
1
2
-7
-22
-29
-25
-32
-28
17
67
86
99
102
88
77
68
60
65
65
53
51
55
37
24
44
66
65
59
60
48
36
38
41
35
31
36
46
59
47
0
-16
3
-17
-51
-51
-54
-64
-45
-26
-28
-27
-25
-35
-53
-62
-58
-64
-69
-64
-61
-52
-32
-27
-38
-38
-29
-28
-18
-5
-19
-42
-37
-24
-24
-11
4
-8
-15
1
5
-5
7
23
9
-6
4
8
-8
-10
-7
-16
-20
-14
-11
-21
-33
-21
4
0
-8
-10
-28
-36
-29
-29
-26
-10
-1
-4
-9
5
37
74
106
135
173
205
216
238
273
282
279
279
279
268
233
215
226
198
135
119
125
98
54
28
35
41
27
11
2
0
-7
-15
-13
0
1
-22
-37
-24
-26
-47
-33
30
67
79
161
259
272
245
253
265
259
244
204
181
166
128
108
117
108
83
81
82
65
58
63
63
63
65
66
45
21
52
101
100
86
82
66
68
90
94
96
90
73
69
66
48
55
74
80
81
54
43
74
66
19
5
4
-23
-45
-62
-81
-89
-89
-94
-126
-154
-148
-146
-162
-169
-172
-168
-153
-146
-151
-158
-162
-162
-167
-172
-148
-130
-127
-107
-112
-138
-129
-114
-128
-133
-119
-123
-136
-137
-125
-122
-131
-129
-124
-121
-110
-93
-80
-68
-58
-52
-53
-62
-62
-49
-42
-42
-46
-57
-68
-68
-61
-68
-75
-68
-59
-51
-36
-29
-31
-20
-3
15
28
27
30
35
23
14
17
9
8
24
30
26
32
35
28
30
31
28
32
36
30
22
23
26
28
30
35
39
44
52
50
34
17
17
27
35
35
39
37
15
12
34
29
5
6
13
3
-2
-5
0
21
28
18
15
10
0
1
-5
-18
-12
2
10
29
58
65
56
47
24
2
1
10
16
20
19
17
26
25
5
-6
4
22
29
27
27
27
27
29
29
27
36
40
27
31
58
68
47
37
34
12
6
27
35
24
28
49
59
63
59
38
18
26
41
37
44
60
68
75
70
55
61
75
65
64
84
89
84
91
97
94
92
90
98
100
88
84
97
113
119
115
116
123
106
84
98
124
121
115
125
115
102
104
104
100
97
92
89
92
95
88
79
68
71
90
89
59
52
70
65
61
74
67
44
35
38
46
56
63
59
58
62
71
76
72
65
67
64
55
66
68
45
43
64
66
58
63
57
41
35
32
30
40
62
58
32
21
26
29
23
26
50
65
60
64
77
75
57
34
22
27
30
28
30
35
39
35
33
41
42
31
25
29
35
33
28
31
25
13
22
32
27
26
19
-2
-9
8
18
6
4
23
34
34
34
20
17
25
7
-11
-4
-9
-26
-13
5
0
-2
2
-1
-4
6
18
13
11
25
31
32
31
37
50
56
54
49
51
54
49
34
32
45
44
30
20
23
26
25
35
36
29
41
55
46
35
31
18
14
20
4
-17
10
41
22
5
20
21
5
4
6
2
-8
-16
-9
6
12
10
4
-8
-26
-38
-28
-19
-31
-36
-30
-27
-18
0
7
-6
-17
-7
4
-12
-16
-6
-22
-30
-7
1
-4
0
7
11
11
1
-9
-23
-38
-32
-29
-50
-67
-66
-62
-59
-63
-80
-100
-105
-102
-93
-71
-58
-70
-92
-90
-74
-73
-81
-82
-88
-90
-76
-57
-41
-42
-59
-65
-64
-64
-67
-58
-39
-38
-61
-68
-57
-66
-69
-47
-32
-33
-25
-27
-50
-56
-52
-71
-75
-61
-63
-66
-56
-58
-68
-66
-63
-67
-68
-65
-56
-42
-32
-33
-41
-53
-59
-61
-63
-48
-30
-31
-33
-28
-34
-43
-40
-49
-62
-51
-33
-31
-33
-30
-24
-14
-18
-36
-39
-32
-30
-26
-32
-51
-57
-34
-22
-31
-23
-14
-29
-40
-34
-33
-35
-26
-9
7
8
-8
-28
-41
-33
-35
-58
-51
-30
-43
-58
-39
-25
-35
-33
-28
-35
-41
-40
-38
-42
-50
-59
-57
-54
-54
-49
-49
-48
-31
-17
-21
-33
-37
-31
-13
17
62
108
139
158
189
224
218
195
186
161
116
97
98
79
47
17
7
4
-13
-35
-57
-68
-66
-64
-73
-78
-72
-80
-93
-79
-58
-74
-95
-80
-54
-55
-62
-55
-64
-92
-109
-119
-115
-92
-88
-98
-81
-60
-64
-60
-58
-81
-103
-99
-77
-60
-59
-66
-56
-41
-46
-56
-67
-82
-97
-107
-100
-70
-39
-31
-26
-23
-34
-45
-48
-43
-45
-58
-53
-31
-25
-30
-29
-25
-20
-21
-17
3
11
2
-4
-5
-5
1
5
7
8
12
25
27
16
12
9
-5
-8
4
-13
-34
-14
3
-7
-11
-13
-24
-24
-19
-22
-24
-29
-31
-27
-39
-53
-43
-29
-31
-40
-32
-7
8
3
-1
8
3
-20
-37
-30
-14
-3
2
1
-3
-4
-1
-4
-20
-30
-28
-27
-27
-30
-31
-26
-23
-25
-24
-28
-29
-24
-24
-21
-16
-11
-2
5
-7
-27
-35
-35
-40
-57
-61
-44
-29
-29
-36
-33
-31
-35
-14
3
-28
-37
-3
7
8
29
36
40
80
109
109
117
127
133
142
146
146
154
158
162
180
192
203
216
214
215
225
222
211
212
210
202
208
220
214
213
221
210
191
184
194
205
199
189
194
196
174
145
119
94
81
82
80
68
54
38
28
26
32
32
7
-22
-21
-14
-31
-32
-7
6
-3
-7
1
-8
-31
-35
-18
2
3
-21
-37
-26
-21
-32
-46
-62
-69
-60
-57
-62
-56
-59
-65
-48
-36
-45
-60
-79
-97
-83
-73
-81
-79
-77
-76
-76
-84
-93
-93
-93
-96
-94
-86
-76
-84
-89
-73
-63
-56
-68
-92
-89
-79
-92
-86
-64
-61
-58
-56
-61
-61
-56
-46
-30
-24
-35
-53
-66
-67
-74
-90
-98
-97
-94
-97
-101
-93
-93
-118
-132
-119
-113
-112
-96
-86
-103
-119
-131
-146
-149
-132
-112
-90
-76
-75
-73
-76
-93
-100
-96
-96
-91
-63
-33
-25
-30
-32
-32
-31
-32
-31
-24
-21
-31
-38
-27
-29
-59
-67
-48
-47
-65
-65
-68
-84
-100
-98
-76
-60
-56
-27
11
13
3
3
-20
-50
-59
-64
-65
-47
-31
-29
-35
-47
-48
-41
-51
-66
-66
-64
-52
-34
-24
-29
-43
-47
-47
-48
-42
-39
-54
-66
-60
-59
-62
-58
-52
-45
-24
-5
-16
-31
-26
-19
-11
0
8
10
4
13
27
15
-3
1
0
-7
3
8
3
1
-1
-5
-11
-14
-9
-3
-4
-2
-3
-4
-2
-8
-10
-10
-20
-23
-11
-4
0
10
21
21
18
19
10
-8
-4
-1
-21
-22
-4
-3
-10
-6
-16
-22
-5
7
15
31
38
35
33
19
0
0
-11
-21
-8
-12
-40
-27
12
16
19
45
49
34
34
46
44
32
31
29
20
9
10
14
12
10
21
24
5
-6
3
-1
-16
-19
-8
3
13
19
12
0
-13
-24
-15
0
0
0
18
31
15
0
3
7
2
-1
6
15
10
3
2
-5
-3
6
2
2
15
9
-7
6
18
5
-6
-1
4
3
3
4
-11
-30
-30
-16
-5
1
-1
-5
-4
-5
-6
0
8
14
8
-2
-2
-5
-12
-5
-1
-13
-9
14
17
1
-2
5
3
0
-2
-2
8
18
6
-16
-30
-29
-13
-2
-3
14
31
13
-8
-4
0
-6
-6
7
21
39
80
132
170
195
225
252
257
261
253
219
216
235
191
115
105
125
108
66
19
8
22
13
6
23
32
35
37
5
-20
-3
5
-8
-21
-36
-33
-15
-17
-27
-15
2
-10
-18
0
5
-6
-11
-9
-9
-11
-27
-37
-31
-41
-61
-61
-49
-30
-1
11
7
10
15
7
-5
-12
-10
3
19
28
40
74
94
79
55
34
16
13
10
-4
5
30
28
22
46
70
66
53
47
42
37
39
65
89
79
60
62
59
36
17
20
38
58
66
56
40
30
12
-6
6
40
60
58
46
37
28
-2
-31
-37
-27
-18
-3
27
64
89
91
69
33
5
-6
-2
29
61
68
61
56
59
59
48
33
21
4
-13
-5
18
34
41
39
37
49
52
41
38
39
28
30
45
54
66
58
18
-11
-18
-28
-38
-32
-23
-10
7
8
5
6
10
18
33
45
42
34
34
41
38
15
-2
-4
-15
-24
-16
2
21
29
22
25
36
29
19
23
31
38
37
35
38
35
14
-4
10
31
41
45
45
35
37
32
7
5
20
23
27
32
25
22
28
33
31
18
6
11
23
32
27
30
58
62
30
27
38
33
46
58
37
26
34
41
55
65
58
57
61
54
55
63
62
59
64
68
61
54
56
64
47
9
2
32
50
44
41
28
4
-1
1
0
11
27
27
31
39
37
35
26
9
2
3
-6
-12
-6
-6
-7
5
-1
-26
-37
-34
-36
-35
-22
-7
11
39
64
68
61
47
23
14
12
-1
-4
5
7
0
-1
9
6
-2
18
33
11
-7
-2
-3
-10
-4
7
5
-5
-10
-21
-35
-23
-14
-28
-36
-21
-16
-26
-24
-9
1
-6
-23
-33
-21
-5
-19
