2137
2145
2143
2135
2132
2135
2136
2138
2143
2149
2156
2162
2159
2152
2154
2155
2152
2158
2164
2160
2156
2154
2147
2149
2153
2148
2149
2153
2150
2143
2140
2143
2149
2149
2143
2140
2139
2138
2132
2132
2142
2149
2155
2164
2164
2159
2166
2181
2180
2172
2177
2182
2174
2164
2161
2166
2166
2161
2160
2162
2162
2168
2173
2169
2166
2167
2171
2179
2181
2177
2179
2180
2169
2170
2191
2188
2161
2161
2174
2165
2159
2165
2159
2145
2149
2161
2163
2158
2153
2148
2149
2145
2138
2143
2148
2140
2140
2144
2144
2145
2141
2140
2152
2150
2134
2134
2140
2139
2137
2139
2140
2138
2141
2147
2143
2136
2138
2140
2139
2130
2124
2133
2137
2129
2127
2128
2122
2121
2125
2122
2123
2123
2123
2127
2130
2124
2124
2132
2132
2130
2130
2125
2121
2121
2124
2127
2133
2138
2140
2136
2133
2132
2124
2123
2136
2147
2148
2149
2150
2147
2145
2142
2137
2136
2136
2138
2139
2140
2143
2148
2148
2146
2148
2145
2146
2153
2148
2141
2142
2142
2136
2137
2143
2147
2152
2155
2153
2148
2145
2141
2139
2142
2147
2156
2162
2156
2147
2145
2147
2145
2139
2134
2134
2137
2139
2139
2138
2141
2146
2147
2145
2144
2147
2149
2143
2139
2145
2144
2137
2138
2138
2128
2128
2135
2138
2139
2146
2151
2147
2143
2146
2152
2156
2154
2148
2148
2146
2139
2141
2146
2142
2138
2141
2138
2135
2143
2142
2132
2138
2153
2155
2159
2170
2172
2169
2174
2175
2168
2168
2170
2165
2157
2152
2155
2153
2142
2140
2146
2142
2140
2145
2143
2138
2139
2146
2147
2140
2137
2142
2140
2135
2140
2139
2131
2130
2139
2144
2141
2138
2141
2151
2155
2154
2155
2148
2141
2140
2136
2143
2157
2149
2140
2149
2162
2167
2166
2160
2146
2131
2137
2140
2123
2138
2165
2147
2134
2147
2148
2153
2169
2175
2167
2163
2191
2218
2199
2185
2211
2226
2224
2230
2227
2218
2226
2248
2244
2215
2214
2231
2224
2211
2219
2239
2252
2258
2271
2284
2299
2323
2338
2346
2361
2360
2348
2347
2339
2329
2344
2358
2359
2350
2339
2342
2356
2353
2344
2338
2323
2315
2320
2316
2296
2275
2269
2267
2254
2249
2257
2249
2231
2227
2238
2240
2230
2231
2231
2221
2216
2212
2210
2209
2202
2193
2195
2195
2183
2179
2179
2164
2165
2184
2182
2167
2171
2179
2169
2162
2163
2160
2155
2149
2141
2141
2139
2118
2101
2106
2108
2103
2110
2117
2107
2095
2090
2090
2097
2096
2084
2079
2085
2085
2079
2078
2077
2074
2073
2080
2090
2095
2103
2119
2129
2121
2111
2119
2131
2128
2121
2123
2123
2122
2124
2117
2103
2097
2098
2098
2099
2100
2095
2093
2095
2098
2097
2093
2096
2097
2089
2083
2077
2068
2071
2079
2074
2073
2074
2071
2073
2075
2073
2076
2083
2080
2075
2079
2087
2085
2082
2073
2059
2055
2060
2066
2078
2076
2062
2063
2070
2067
2066
2067
2065
2061
2053
2048
2047
2050
2060
2069
2060
2050
2057
2047
2044
2044
2046
2054
2056
2048
2047
2051
2048
2044
2049
2052
2048
2045
2051
2061
2065
2070
2079
2085
2087
2095
2104
2110
2115
2120
2125
2123
2117
2116
2111
2104
2107
2106
2095
2095
2101
2093
2090
2106
2110
2098
2096
2099
2093
2090
2091
2097
2103
2098
2093
2098
2101
2097
2093
2092
2091
2095
2103
2110
2108
2105
2106
2107
2106
2106
2106
2107
2106
2099
2091
2084
2082
2089
2093
2088
2082
2077
2070
2071
2079
2085
2089
2092
2088
2086
2088
2083
2083
2076
2085
2097
2093
2085
2083
2080
2079
2079
2074
2071
2074
2076
2081
2081
2069
2068
2076
2075
2077
2084
2082
2081
2093
2102
2106
2112
2118
2128
2141
2140
2140
2156
2164
2152
2146
2146
2141
2133
2130
2135
2135
2129
2123
2127
2129
2126
2123
2114
2105
2109
2119
2117
2112
2110
2107
2106
2107
2108
2110
2112
2115
2117
2112
2104
2104
2109
2110
2108
2105
2101
2098
2100
2099
2092
2093
2097
2085
2071
2073
2081
2082
2083
2083
2083
2086
2091
2090
2087
2083
2077
2076
2076
2077
2087
2093
2088
2085
2093
2101
2102
2096
2093
2103
2109
2092
2075
2075
2076
2069
2069
2075
2076
2072
2075
2088
2092
2089
2098
2114
2122
2129
2134
2136
2139
2133
2121
2119
2125
2125
2122
2128
2132
2124
2113
2109
2108
2109
2110
2109
2107
2104
2100
2097
2102
2109
2110
2102
2096
2098
2100
2097
2096
2097
2093
2089
2092
2097
2099
2100
2097
2096
2100
2098
2096
2102
2101
2078
2080
2084
2091
2093
2090
2092
2103
2109
2109
2109
2108
2103
2102
2109
2110
2102
2097
2100
2107
2109
2110
2108
2106
2106
2107
2106
2106
2108
2108
2105
2106
2110
2111
2104
2100
2098
2093
2090
2091
2091
2093
2096
2096
2104
2119
2127
2132
2141
2140
2132
2133
2136
2128
2122
2127
2127
2113
2109
2119
2123
2118
2117
2115
2116
2123
2125
2117
2113
2113
2110
2105
2097
2099
2106
2103
2102
2110
2116
2119
2126
2126
2121
2127
2133
2126
2116
2113
2118
2123
2124
2122
2120
2117
2111
2107
2111
2119
2121
2119
2125
2132
2128
2122
2127
2123
2107
2106
2115
2111
2103
2109
2118
2115
2112
2116
2121
2117
2113
2116
2119
2116
2116
2123
2127
2121
2110
2104
2110
2110
2118
2123
2121
2126
2139
2149
2152
2159
2165
2165
2165
2163
2159
2152
2148
2151
2153
2147
2143
2147
2145
2136
2133
2131
2128
2127
2127
2130
2130
2124
2126
2134
2131
2127
2132
2128
2114
2111
2118
2123
2122
2116
2113
2113
2111
2113
2118
2121
2124
2123
2123
2124
2121
2116
2122
2129
2127
2122
2118
2115
2120
2121
2114
2113
2116
2112
2109
2108
2106
2108
2115
2121
2120
2118
2123
2128
2121
2115
2121
2125
2123
2121
2122
2123
2122
2122
2120
2117
2120
2126
2123
2122
2132
2136
2131
2132
2144
2152
2154
2160
2165
2161
2155
2155
2156
2153
2156
2162
2154
2144
2147
2150
2147
2145
2146
2146
2140
2138
2141
2134
2121
2119
2127
2135
2138
2139
2133
2131
2130
2134
2141
2143
2137
2132
2132
2129
2124
2126
2132
2132
2130
2131
2130
2130
2136
2139
2133
2130
2130
2128
2128
2126
2119
2119
2124
2125
2122
2121
2122
2123
2123
2122
2121
2123
2122
2119
2121
2123
2119
2113
2113
2120
2124
2122
2122
2127
2124
2117
2114
2116
2125
2131
2129
2125
2128
2133
2139
2151
2156
2155
2159
2163
2155
2145
2145
2146
2142
2136
2137
2141
2132
2115
2108
2114
2121
2123
2123
2118
2107
2097
2097
2105
2110
2108
2108
2112
2109
2100
2098
2106
2115
2116
2113
2113
2116
2120
2121
2120
2127
2128
2124
2125
2129
2133
2138
2138
2135
2137
2145
2150
2148
2137
2123
2119
2128
2129
2112
2104
2112
2113
2105
2107
2113
2112
2105
2109
2102
2093
2107
2127
2121
2104
2099
2100
2100
2102
2100
2099
2103
2106
2104
2111
2117
2121
2133
2142
2140
2136
2137
2136
2137
2138
2141
2148
2148
2146
2148
2143
2138
2141
2144
2152
2152
2137
2132
2136
2123
2109
2115
2126
2122
2108
2101
2099
2087
2085
2104
2109
2092
2088
2091
2087
2090
2098
2098
2094
2091
2091
2094
2091
2091
2100
2097
2090
2096
2100
2091
2089
2103
2114
2108
2098
2101
2113
2119
2114
2107
2108
2114
2117
2116
2120
2124
2121
2113
2114
2120
2111
2106
2122
2127
2114
2115
2126
2124
2119
2111
2114
2133
2134
2128
2142
2149
2141
2150
2164
2162
2162
2157
2139
2125
2128
2142
2149
2143
2133
2128
2132
2140
2143
2145
2147
2139
2140
2143
2146
2148
2145
2141
2141
2140
2133
2128
2133
2136
2139
2148
2148
2147
2154
2152
2146
2147
2145
2139
2147
2161
2159
2144
2136
2143
2147
2141
2141
2147
2149
2145
2146
2151
2153
2154
2158
2159
2151
2132
2119
2125
2131
2132
2141
2148
2152
2155
2154
2152
2146
2138
2136
2136
2127
2122
2131
2137
2136
2136
2139
2138
2132
2127
2130
2139
2141
2138
2142
2155
2167
2172
2174
2175
2173
2167
2161
2158
2156
2152
2146
2145
2147
2143
2135
2131
2136
2143
2142
2138
2142
2145
2139
2137
2142
2137
2132
2136
2141
2138
2137
2140
2140
2137
2138
2142
2138
2132
2136
2143
2146
2148
2145
2146
2153
2151
2147
2151
2149
2143
2147
2150
2147
2149
2150
2146
2148
2140
2136
2147
2153
2151
2152
2156
2150
2144
2146
2148
2142
2135
2143
2152
2149
2148
2154
2156
2150
2145
2139
2133
2133
2135
2140
2145
2144
2142
2140
2131
2135
2144
2143
2146
2156
2155
2144
2138
2136
2135
2135
2132
2131
2132
2130
2135
2140
2131
2122
2121
2120
2116
2114
2115
2112
2109
2114
2114
2107
2107
2113
2118
2122
2123
2122
2119
2117
2120
2123
2129
2131
2129
2129
2131
2129
2126
2122
2117
2110
2107
2121
2136
2130
2124
2129
2128
2122
2117
2113
2114
2114
2113
2119
2124
2118
2113
2117
2124
2121
2116
2121
2129
2127
2124
2124
2123
2127
2129
2126
2128
2132
2125
2111
2109
2113
2115
2119
2120
2112
2108
2113
2117
2121
2124
2127
2142
2139
2138
2145
2145
2141
2142
2147
2149
2145
2142
2141
2135
2130
2129
2126
2120
2124
2124
2114
2118
2124
2115
2111
2117
2114
2111
2117
2115
2113
2120
2126
2124
2123
2128
2130
2129
2125
2123
2122
2120
2117
2115
2115
2117
2122
2123
2116
2116
2123
2123
2121
2122
2123
2130
2135
2129
2122
2122
2123
2121
2120
2124
2124
2115
2114
2126
2134
2128
2123
2125
2133
2140
2140
2138
2137
2132
2122
2119
2125
2124
2120
2123
2123
2116
2115
2123
2126
2117
2116
2125
2132
2133
2139
2141
2138
2142
2149
2152
2155
2158
2154
2147
2146
2146
2141
2139
2137
2134
2132
2127
2123
2128
2131
2128
2132
2134
2131
2129
2132
2130
2121
2114
2115
2116
2117
2123
2126
2121
2122
2123
2125
2130
2137
2136
2131
2131
2128
2122
2123
2126
2124
2120
2116
2115
2110
2105
2115
2126
2128
2127
2120
2103
2094
2103
2115
2118
2111
2106
2102
2098
2100
2108
2110
2106
2107
2110
2105
2099
2100
2104
2106
2108
2103
2098
2099
2097
2089
2086
2092
2097
2103
2111
2117
2124
2130
2132
2133
2139
2143
2143
2147
2147
2142
2139
2139
2140
2139
2140
2140
2135
2131
2132
2132
2125
2122
2121
2116
2114
2114
2109
2108
2111
2107
2107
2118
2118
2109
2110
2117
2120
2121
2123
2126
2131
2135
2134
2130
2133
2138
2133
2129
2133
2132
2129
2132
2134
2130
2123
2118
2111
2108
2108
2102
2098
2100
2101
2105
2109
2103
2096
2100
2101
2097
2096
2093
2098
2107
2100
2098
2107
2106
2106
2115
2118
2109
2109
2120
2118
2108
2117
2126
2114
2105
2110
2116
2126
2136
2140
2142
2145
2146
2148
2148
2149
2152
2148
2143
2146
2145
2136
2133
2130
2122
2124
2130
2132
2128
2127
2130
2134
2133
2129
2131
2132
2124
2114
2114
2123
2122
2116
2114
2116
2116
2123
2128
2125
2127
2129
2119
2109
2116
2127
2122
2115
2115
2112
2109
2114
2116
2115
2116
2118
2125
2130
2122
2115
2116
2115
2113
2112
2109
2104
2099
2095
2097
2098
2097
2097
2094
2090
2091
2093
2086
2083
2092
2097
2088
2079
2086
2092
2091
2093
2100
2102
2093
2087
2090
2092
2093
2097
2097
2096
2102
2110
2110
2107
2112
2124
2133
2132
2130
2135
2141
2137
2132
2130
2136
2140
2138
2136
2133
2128
2124
2123
2123
2122
2119
2111
2108
2112
2114
2111
2115
2118
2112
2106
2106
2101
2098
2106
2117
2117
2116
2115
2106
2095
2101
2115
2111
2100
2106
2113
2104
2096
2101
2105
2105
2106
2107
2106
2106
2109
2109
2109
2114
2116
2111
2106
2105
2109
2114
2115
2111
2114
2116
2107
2105
2116
2120
2110
2106
2112
2113
2110
2111
2116
2121
2126
2125
2123
2127
2123
2115
2117
2124
2125
2123
2124
2123
2124
2130
2133
2135
2141
2146
2153
2162
2164
2164
2167
2164
2160
2162
2163
2161
2158
2156
2155
2150
2143
2148
2156
2153
2143
2132
2127
2137
2149
2149
2148
2148
2143
2138
2138
2136
2143
2150
2140
2128
2139
2151
2139
2140
2138
2136
2140
2142
2137
2135
2140
2137
2126
2125
2132
2131
2128
2134
2140
2141
2138
2139
2144
2142
2136
2137
2139
2137
2137
2139
2138
2138
2140
2136
2129
2130
2134
2131
2127
2127
2125
2123
2124
2127
2126
2123
2127
2131
2130
2129
2128
2130
2135
2135
2133
2136
2141
2139
2137
2135
2130
2128
2132
2137
2139
2136
2139
2151
2159
2151
2133
2130
2139
2141
2136
2134
2133
2128
2124
2123
2123
2126
2127
2122
2122
2135
2147
2142
2137
2143
2149
2148
2144
2141
2138
2135
2137
2144
2147
2143
2140
2140
2145
2147
2145
2146
2151
2148
2140
2137
2138
2145
2146
2140
2138
2139
2135
2132
2131
2128
2128
2129
2129
2132
2133
2129
2128
2131
2129
2127
2133
2130
2130
2130
2129
2132
2133
2127
2123
2124
2123
2120
2121
2121
2121
2128
2133
2129
2126
2129
2135
2139
2139
2131
2121
2121
2122
2120
2126
2130
2120
2113
2117
2116
2107
2107
2113
2112
2116
2128
2134
2134
2140
2147
2148
2152
2156
2157
2154
2149
2147
2146
2136
2128
2131
2135
2131
2128
2134
2139
2138
2138
2142
2140
2139
2146
2146
2135
2127
2126
2123
2123
2127
2126
2125
2124
2122
2126
2130
2125
2121
2129
2129
2121
2126
2134
2132
2128
2130
2127
2124
2133
2139
2134
2128
2122
2120
2129
2140
2142
2137
2129
2125
2134
2144
2143
2136
2132
2131
2126
2120
2124
2132
2133
2131
2132
2129
2125
2128
2135
2136
2133
2130
2130
2131
2130
2132
2131
2136
2141
2134
2133
2142
2140
2130
2129
2132
2129
2128
2131
2131
2128
2129
2135
2141
2141
2140
2138
2138
2143
2142
2132
2127
2126
2121
2115
2116
2122
2126
2130
2131
2129
2120
2108
2103
2107
2108
2113
2121
2124
2125
2124
2119
2115
2114
2107
2098
2098
2101
2106
2113
2121
2128
2125
2115
2114
2117
2106
2091
2090
2099
2114
2125
2125
2125
2124
2110
2098
2104
2110
2105
2098
2097
2099
2103
2113
2123
2123
2121
2128
2141
2142
2135
2134
2139
2141
2138
2132
2124
2123
2129
2131
2131
2138
2142
2138
2133
2130
2129
2129
2133
2140
2142
2133
2127
2129
2129
2125
2121
2123
2127
2130
2135
2147
2161
2166
2164
2174
2186
2184
2177
2177
2172
2164
2162
2160
2133
2128
2124
2120
2122
2121
2116
2116
2114
2113
2113
2112
2114
2117
2111
2103
2106
2111
2113
2114
2111
2098
2090
2099
2113
2114
2108
2111
2115
2117
2119
2117
2114
2114
2116
2115
2119
2123
2119
2113
2115
2115
2113
2119
2124
2118
2113
2116
2117
2111
2107
2107
2105
2105
2114
2115
2105
2109
2120
2118
2113
2115
2115
2115
2115
2114
2116
2116
2114
2120
2124
2121
2121
2119
2114
2116
2118
2113
2115
2122
2124
2123
2124
2123
2125
2132
2133
2128
2129
2136
2139
2140
2145
2148
2145
2150
2156
2145
2138
2149
2148
2138
2142
2147
2145
2143
2136
2129
2129
2127
2123
2123
2121
2122
2125
2117
2108
2108
2107
2108
2114
2115
2113
2114
2116
2118
2121
2123
2130
2130
2129
2128
2127
2131
2134
2131
2128
2128
2128
2130
2127
2117
2117
2124
2123
2121
2125
2126
2120
2117
2123
2126
2123
2121
2122
2122
2121
2121
2123
2123
2121
2123
2125
2123
2128
2136
2135
2131
2129
2129
2132
2134
2130
2123
2127
2131
2118
2103
2104
2111
2115
2122
2128
2122
2117
2121
2128
2130
2134
2138
2133
2130
2130
2131
2130
2131
2134
2134
2123
2116
2121
2125
2123
2121
2123
2128
2129
2122
2122
2127
2128
2130
2132
2129
2129
2127
2120
2119
2123
2122
2123
2128
2125
2123
2134
2138
2130
2130
2136
2140
2140
2133
2132
2136
2129
2124
2129
2131
2130
2132
2127
2121
2121
2120
2124
2131
2132
2131
2130
2130
2136
2142
2140
2137
2136
2135
2130
2138
2139
2124
2113
2109
2107
2116
2123
2119
2112
2107
2108
2119
2128
2135
2144
2148
2143
2147
2159
2162
2154
2153
2158
2155
2149
2145
2139
2138
2141
2138
2127
2122
2127
2132
2131
2130
2129
2130
2133
2133
2128
2124
2123
2119
2114
2118
2122
2122
2127
2130
2132
2136
2139
2137
2136
2137
2138
2139
2140
2140
2139
2136
2133
2129
2131
2138
2141
2140
2140
2141
2136
2134
2134
2133
2133
2136
2137
2134
2131
2132
2139
2141
2135
2134
2138
2132
2120
2121
2134
2146
2153
2157
2162
2164
2158
2152
2149
2145
2144
2145
2138
2135
2143
2147
2146
2154
2161
2161
2167
2179
2177
2166
2162
2157
2147
2149
2157
2153
2146
2148
2154
2155
2153
2149
2146
2141
2139
2137
2134
2133
2131
2128
2129
2133
2139
2139
2132
2133
2140
2140
2133
2129
2129
2130
2131
2131
2136
2135
2122
2119
2132
2134
2123
2122
2124
2122
2115
2107
2108
2115
2116
2116
2114
2104
2110
2120
2100
2086
2100
2109
2110
2117
2110
2095
2095
2098
2103
2109
2110
2108
2111
2111
2105
2100
2097
2103
2107
2103
2099
2099
2100
2105
2112
2113
2114
2121
2128
2130
2131
2131
2134
2140
2134
2123
2128
2135
2130
2129
2132
2132
2133
2134
2132
2129
2133
2140
2138
2128
2122
2122
2121
2121
2121
2122
2122
2115
2115
2122
2117
2111
2115
2119
2116
2115
2116
2121
2122
2122
2124
2120
2116
2122
2124
2121
2129
2141
2145
2144
2147
2147
2141
2139
2138
2134
2129
2129
2133
2133
2130
2133
2139
2140
2139
2136
2134
2131
2130
2131
2127
2123
2122
2122
2116
2106
2096
2098
2108
2110
2108
2113
2117
2112
2116
2133
2139
2135
2141
2148
2153
2162
2162
2152
2153
2160
2156
2151
2153
2154
2154
2156
2153
2145
2149
2156
2153
2143
2139
2138
2138
2135
2127
2125
2132
2133
2126
2126
2127
2127
2128
2124
2115
2119
2130
2130
2126
2126
2128
2131
2128
2122
2120
2122
2123
2123
2123
2116
2108
2106
2108
2108
2110
2114
2113
2113
2115
2117
2118
2119
2116
2113
2112
2110
2107
2106
2110
2117
2117
2111
2108
2108
2107
2104
2100
2096
2096
2097
2099
2100
2099
2100
2107
2115
2118
2120
2129
2133
2130
2134
2140
2135
2127
2128
2134
2134
2131
2131
2133
2131
2130
2132
2134
2135
2133
2128
2129
2131
2124
2119
2124
2127
2122
2116
2114
2114
2117
2122
2130
2131
2125
2121
2122
2124
2124
2123
2124
2129
2132
2131
2130
2130
2133
2135
2131
2122
2119
2126
2131
2129
2125
2123
2125
2130
2133
2134
2135
2135
2135
2130
2121
2119
2123
2123
2126
2131
2132
2128
2123
2123
2128
2130
2129
2129
2130
2130
2130
2126
2122
2121
2122
2122
2122
2126
2131
2134
2136
2139
2150
2162
2165
2167
2171
2167
2161
2165
2162
2151
2151
2156
2152
2147
2154
2163
2160
2155
2161
2171
2176
2178
2178
2173
2168
2170
2170
2165
2161
2162
2156
2147
2145
2146
2145
2148
2153
2156
2157
2156
2151
2142
2131
2116
2109
2128
2138
2129
2121
2122
2123
2121
2122
2123
2115
2107
2108
2110
2109
2112
2122
2127
2119
2108
2110
2116
2112
2108
2108
2104
2100
2098
2096
2101
2105
2102
2101
2106
2106
2104
2106
2107
2104
2099
2099
2104
2111
2113
2114
2116
2117
2115
2115
2126
2138
2142
2140
2138
2139
2139
2137
2133
2130
2129
2125
2123
2132
2140
2135
2127
2130
2141
2146
2147
2154
2163
2161
2155
2155
2152
2143
2138
2136
2134
2136
2137
2135
2129
2116
2107
2112
2121
2124
2122
2117
2113
2113
2116
2119
2119
2116
2117
2122
2126
2123
2121
2125
2126
2121
2121
2128
2133
2130
2130
2133
2133
2129
2128
2134
2139
2139
2140
2142
2142
2140
2134
2131
2135
2137
2132
2128
2127
2121
2122
2124
2127
2132
2137
2135
2130
2133
2145
2156
2158
2156
2157
2155
2154
2157
2156
2146
2141
2146
2151
2153
2153
2153
2153
2154
2155
2154
2149
2148
2148
2146
2147
2152
2149
2144
2144
2141
2132
2124
2123
2130
2134
2131
2132
2138
2139
2139
2144
2148
2145
2136
2133
2131
2124
2118
2122
2135
2147
2156
2161
2156
2148
2138
2127
2121
2121
2114
2107
2107
2107
2103
2107
2117
2117
2110
2112
2119
2115
2107
2108
2110
2108
2106
2111
2115
2109
2108
2119
2117
2102
2099
2106
2108
2106
2104
2107
2110
2108
2105
2111
2117
2110
2101
2101
2105
2111
2120
2130
2132
2129
2134
2141
2138
2132
2131
2130
2118
2104
2108
2123
2127
2125
2123
2116
2111
2114
2116
2113
2108
2109
2109
2109
2111
2110
2107
2108
2110
2108
2107
2105
2107
2114
2118
2114
2109
2117
2126
2124
2120
2123
2125
2127
2136
2141
2140
2140
2141
2139
2137
2136
2137
2136
2138
2139
2135
2132
2138
2141
2136
2137
2141
2140
2135
2131
2128
2126
2121
2116
2115
2115
2116
2126
2135
2133
2125
2120
2115
2112
2110
2106
2108
2118
2121
2121
2128
2133
2128
2128
2133
2132
2134
2138
2139
2138
2139
2144
2147
2150
2153
2153
2141
2132
2137
2144
2148
2153
2153
2145
2139
2138
2137
2139
2141
2140
2139
2137
2140
2139
2134
2130
2129
2136
2141
2133
2128
2135
2137
2128
2127
2131
2132
2130
2128
2130
2136
2140
2136
2132
2130
2127
2123
2123
2129
2138
2120
2117
2126
2126
2120
2120
2123
2121
2116
2120
2123
2117
2114
2114
2111
2111
2112
2109
2108
2107
2106
2110
2113
2116
2114
2107
2108
2106
2098
2101
2107
2101
2102
2109
2108
2105
2107
2106
2103
2104
2106
2107
2108
2104
2095
2094
2102
2109
2116
2122
2127
2132
2136
2141
2144
2140
2138
2145
2143
2135
2134
2137
2137
2133
2126
2120
2123
2122
2121
2128
2135
2132
2129
2129
2131
2132
2133
2130
2127
2123
2123
2122
2120
2124
2133
2136
2136
2139
2139
2138
2138
2138
2135
2130
2133
2140
2139
2137
2138
2135
2129
2129
2132
2130
2129
2135
2141
2139
2134
2133
2128
2124
2126
2127
2128
2133
2138
2133
2123
2121
2127
2126
2127
2132
2133
2135
2141
2139
2130
2123
2122
2131
2129
2120
2119
2123
2123
2125
2130
2134
2130
2123
2125
2134
2144
2154
2162
2166
2170
2170
2163
2158
2155
2148
2143
2139
2136
2138
2139
2139
2140
2138
2133
2134
2135
2130
2131
2133
2125
2123
2131
2132
2128
2125
2123
2126
2126
2122
2126
2130
2135
2139
2136
2134
2138
2134
2127
2130
2133
2130
2131
2134
2131
2124
2126
2135
2139
2137
2138
2139
2139
2139
2140
2138
2133
2130
2130
2131
2129
2133
2139
2135
2126
2128
2132
2131
2135
2137
2133
2129
2127
2127
2128
2125
2121
2123
2120
2113
2116
2120
2119
2122
2124
2117
2115
2122
2125
2128
2136
2139
2135
2135
2142
2143
2140
2140
2140
2140
2139
2135
2133
2131
2128
2127
2128
2130
2141
2140
2135
2137
2138
2136
2137
2137
2133
2130
2130
2128
2128
2130
2129
2129
2138
2147
2147
2147
2150
2146
2141
2139
2136
2134
2135
2132
2128
2134
2139
2133
2135
2139
2127
2116
2127
2134
2130
2133
2135
2130
2127
2127
2123
2124
2134
2140
2138
2136
2133
2130
2131
2130
2128
2130
2133
2132
2130
2129
2126
2126
2124
2122
2124
2126
2120
2116
2121
2124
2121
2117
2117
2115
2115
2121
2123
2122
2126
2130
2134
2144
2149
2152
2160
2158
2147
2145
2148
2147
2146
2143
2141
2142
2141
2138
2140
2140
2133
2128
2129
2133
2132
2132
2131
2127
2122
2119
2120
2124
2126
2125
2130
2130
2122
2123
2132
2135
2142
2155
2155
2145
2146
2152
2155
2153
2145
2136
2136
2138
2139
2139
2140
2141
2138
2134
2133
2134
2137
2136
2131
2132
2134
2127
2132
2143
2135
2124
2130
2133
2128
2121
2116
2113
2115
2117
2116
2113
2108
2104
2106
2107
2104
2104
2108
2112
2113
2111
2113
2123
2127
2123
2126
2132
2138
2142
2140
2141
2150
2152
2143
2135
2130
2124
2118
2119
2120
2117
2119
2123
2127
2123
2116
2112
2111
2105
2093
2088
2090
2100
2111
2112
2101
2097
2105
2105
2103
2106
2104
2097
2097
2102
2107
2109
2106
2108
2111
2113
2118
2119
2114
2115
2117
2116
2113
2107
2108
2117
2117
2115
2120
2119
2113
2112
2108
2108
2118
2124
2124
2121
2117
2113
2106
2109
2124
2125
2116
2114
2112
2108
2108
2106
2105
2108
2103
2098
2118
2114
2109
2117
2127
2124
2117
2122
2133
2137
2140
2149
2155
2157
2160
2159
2152
2146
2149
2160
2158
2148
2150
2153
2146
2144
2148
2145
2145
2144
2136
2127
2126
2127
2126
2121
2113
2112
2116
2116
2116
2118
2114
2108
2111
2119
2126
2130
2131
2138
2146
2144
2138
2139
2140
2139
2136
2137
2139
2138
2132
2130
2133
2134
2132
2129
2130
2131
2126
2121
2121
2122
2122
2123
2124
2122
2123
2125
2121
2118
2121
2119
2113
2113
2120
2126
2125
2119
2125
2133
2129
2123
2125
2120
2108
2105
2106
2106
2107
2107
2107
2108
2108
2110
2116
2117
2114
2115
2116
2118
2132
2144
2137
2126
2123
2124
2124
2122
2120
2124
2125
2119
2115
2115
2115
2118
2125
2124
2127
2129
2114
2114
2129
2128
2115
2113
2120
2123
2119
2114
2115
2120
2124
2124
2124
2129
2126
2118
2124
2131
2124
2121
2126
2125
2117
2110
2111
2114
2109
2104
2109
2114
2115
2116
2120
2125
2123
2117
2114
2116
2118
2116
2109
2104
2109
2108
2103
2100
2096
2093
2097
2102
2098
2095
2102
2111
2108
2100
2100
2100
2094
2088
2091
2098
2098
2102
2108
2109
2108
2114
2120
2124
2124
2117
2112
2115
2114
2109
2115
2132
2144
2150
2155
2157
2158
2164
2169
2171
2171
2170
2172
2169
2162
2160
2166
2165
2156
2153
2155
2153
2151
2153
2153
2152
2157
2169
2174
2168
2161
2160
2166
2161
2148
2143
2145
2147
2147
2146
2146
2146
2144
2144
2151
2155
2154
2154
2156
2155
2155
2152
2147
2135
2127
2135
2143
2135
2130
2140
2149
2159
2173
2170
2160
2168
2175
2170
2171
2172
2158
2147
2147
2146
2144
2146
2143
2140
2138
2129
2128
2140
2148
2146
2142
2152
2170
2174
2164
2164
2168
2165
2158
2146
2141
2144
2146
2145
2147
2148
2146
2141
2140
2137
2129
2125
2127
2123
2114
2111
2118
2125
2123
2119
2116
2111
2112
2115
2110
2107
2105
2103
2106
2109
2108
2107
2111
2114
2115
2113
2109
2110
2114
2116
2111
2107
2106
2106
2106
2106
2109
2115
2119
2106
2086
2088
2104
2109
2107
2108
2102
2091
2088
2098
2108
2110
2107
2102
2103
2106
2103
2101
2108
2108
2107
2115
2119
2113
2107
2103
2102
2105
2111
2114
2113
2116
2120
2114
2114
2119
2118
2113
2109
2105
2111
2125
2133
2136
2139
2144
2151
2155
2154
2155
2152
2146
2149
2153
2151
2147
2141
2140
2141
2139
2137
2138
2136
2133
2129
2124
2128
2130
2124
2119
2122
2124
2129
2136
2141
2142
2138
2132
2131
2130
2121
2118
2128
2133
2130
2131
2132
2129
2132
2140
2140
2132
2129
2132
2133
2129
2129
2135
2134
2126
2119
2118
2124
2127
2123
2125
2133
2133
2127
2124
2126
2122
2114
2116
2124
2125
2123
2121
2115
2115
2113
2106
2111
2125
2125
2122
2124
2126
2130
2133
2126
2124
2126
2120
2116
2124
2129
2124
2120
2127
2130
2124
2124
2131
2134
2135
2138
2142
2150
2158
2156
2155
2159
2162
2154
2146
2147
2154
2161
2166
2152
2150
2157
2156
2144
2139
2140
2133
2124
2120
2117
2120
2123
2115
2104
2103
2111
2115
2111
2114
2126
2123
2113
2112
2111
2105
2109
2118
2121
2114
2106
2110
2117
2111
2104
2101
2097
2097
2104
2103
2092
2085
2090
2092
2091
2096
2097
2086
2078
2079
2080
2083
2082
2077
2081
2087
2089
2088
2089
2088
2090
2091
2085
2081
2082
2090
2089
2084
2082
2082
2086
2089
2091
2090
2087
2089
2093
2089
2085
2093
2088
2077
2098
2126
2126
2118
2127
2137
2144
2152
2152
2144
2138
2141
2147
2148
2151
2157
2160
2165
2177
2179
2169
2168
2175
2166
2159
2167
2170
2160
2148
2154
2165
2158
2147
2145
2146
2150
2153
2146
2147
2156
2153
2144
2142
2146
2151
2149
2151
2156
2153
2156
2159
2154
2149
2144
2142
2147
2153
2154
2157
2158
2146
2120
2107
2107
2105
2101
2092
2085
2085
2082
2079
2079
2074
2074
2075
2059
2059
2083
2086
2077
2082
2079
2069
2077
2088
2072
2065
2093
2103
2080
2074
2080
2069
2064
2068
2065
2077
2087
