2139
2145
2143
2137
2137
2141
2145
2147
2145
2143
2147
2154
2150
2143
2154
2158
2146
2151
2154
2138
2138
2157
2159
2160
2173
2179
2179
2179
2178
2174
2170
2169
2171
2171
2170
2165
2162
2162
2158
2153
2155
2154
2152
2156
2155
2145
2149
2166
2166
2153
2152
2159
2155
2146
2145
2148
2146
2136
2134
2143
2153
2154
2150
2148
2147
2145
2155
2172
2168
2158
2166
2172
2162
2172
2195
2196
2179
2179
2186
2181
2182
2191
2179
2160
2164
2174
2173
2174
2178
2175
2166
2157
2152
2155
2158
2152
2147
2142
2141
2147
2141
2135
2145
2146
2129
2126
2135
2132
2127
2135
2139
2133
2133
2142
2140
2131
2130
2131
2131
2127
2124
2130
2135
2130
2128
2129
2126
2127
2132
2131
2135
2137
2135
2138
2139
2133
2132
2140
2141
2140
2140
2140
2137
2133
2128
2128
2135
2140
2134
2126
2130
2131
2119
2116
2128
2138
2135
2134
2141
2147
2142
2138
2137
2130
2132
2146
2145
2135
2137
2140
2138
2137
2137
2135
2141
2149
2149
2145
2146
2145
2140
2140
2145
2146
2148
2153
2153
2151
2152
2151
2148
2151
2155
2160
2164
2158
2153
2157
2162
2162
2156
2151
2151
2155
2155
2157
2161
2164
2167
2169
2166
2159
2161
2166
2166
2166
2169
2167
2159
2160
2158
2145
2148
2159
2155
2152
2165
2169
2156
2151
2154
2157
2156
2153
2153
2158
2158
2147
2141
2147
2147
2148
2154
2151
2143
2146
2141
2127
2126
2136
2139
2138
2136
2134
2133
2136
2139
2135
2135
2138
2137
2129
2123
2123
2124
2119
2117
2124
2123
2118
2121
2127
2124
2121
2125
2127
2122
2122
2128
2125
2119
2124
2123
2114
2114
2123
2127
2123
2117
2116
2125
2131
2130
2130
2124
2121
2126
2124
2130
2143
2139
2133
2138
2154
2163
2153
2143
2136
2127
2136
2143
2134
2153
2175
2152
2139
2148
2147
2159
2175
2176
2171
2173
2208
2227
2184
2153
2174
2183
2177
2187
2186
2168
2166
2184
2181
2154
2157
2174
2166
2157
2162
2167
2167
2166
2162
2153
2154
2167
2168
2165
2174
2171
2154
2147
2137
2133
2146
2150
2154
2164
2158
2152
2156
2158
2154
2147
2141
2144
2147
2146
2138
2122
2120
2124
2114
2113
2124
2122
2115
2114
2121
2126
2115
2117
2127
2116
2112
2114
2110
2113
2108
2100
2109
2118
2107
2104
2109
2108
2114
2119
2115
2114
2115
2108
2108
2115
2117
2111
2100
2100
2108
2109
2105
2102
2095
2089
2094
2099
2100
2103
2109
2111
2106
2098
2098
2108
2107
2098
2103
2114
2114
2109
2107
2108
2106
2107
2118
2120
2107
2106
2114
2108
2095
2089
2092
2104
2109
2102
2097
2102
2113
2106
2089
2094
2111
2114
2110
2109
2107
2106
2108
2115
2123
2119
2115
2114
2114
2116
2104
2097
2116
2129
2112
2104
2115
2118
2112
2108
2112
2114
2109
2106
2106
2109
2120
2130
2129
2121
2111
2106
2101
2107
2118
2113
2108
2125
2143
2140
2133
2131
2132
2126
2117
2119
2125
2125
2129
2137
2132
2123
2124
2114
2104
2104
2112
2118
2116
2113
2119
2126
2123
2114
2115
2117
2102
2099
2117
2124
2111
2106
2110
2111
2110
2112
2115
2114
2113
2116
2115
2108
2101
2106
2107
2106
2114
2116
2103
2099
2108
2107
2106
2119
2120
2106
2107
2118
2115
2111
2117
2122
2124
2122
2121
2121
2120
2125
2128
2124
2121
2120
2126
2136
2133
2121
2124
2132
2126
2119
2125
2131
2123
2121
2137
2143
2130
2130
2130
2117
2119
2133
2133
2132
2140
2139
2135
2142
2145
2140
2140
2138
2138
2134
2143
2149
2136
2133
2141
2131
2123
2128
2123
2113
2115
2121
2126
2127
2119
2114
2113
2111
2117
2124
2113
2103
2109
2111
2108
2108
2105
2105
2108
2101
2100
2115
2125
2122
2120
2126
2134
2140
2147
2160
2162
2152
2145
2147
2145
2146
2145
2134
2126
2130
2138
2135
2128
2125
2124
2123
2119
2114
2120
2132
2142
2146
2147
2142
2146
2155
2150
2147
2152
2147
2138
2140
2136
2127
2134
2131
2110
2107
2118
2117
2115
2120
2119
2117
2121
2115
2113
2120
2114
2103
2107
2103
2093
2106
2116
2108
2106
2119
2135
2144
2136
2129
2155
2179
2171
2155
2151
2155
2161
2161
2155
2154
2157
2163
2170
2166
2160
2166
2169
2168
2169
2174
2171
2162
2160
2158
2149
2145
2145
2141
2147
2154
2139
2129
2136
2136
2128
2123
2122
2124
2121
2109
2101
2106
2121
2127
2111
2102
2115
2126
2126
2130
2134
2130
2133
2143
2147
2147
2147
2142
2137
2134
2127
2124
2132
2132
2115
2114
2108
2103
2110
2115
2115
2115
2113
2115
2123
2121
2108
2106
2115
2114
2104
2098
2102
2107
2104
2100
2104
2109
2108
2109
2116
2114
2107
2108
2108
2106
2108
2105
2100
2098
2093
2089
2089
2087
2080
2081
2085
2077
2075
2088
2094
2096
2110
2118
2113
2114
2121
2123
2124
2131
2135
2127
2119
2124
2126
2121
2119
2121
2125
2131
2130
2123
2120
2122
2119
2113
2105
2109
2114
2102
2102
2125
2135
2132
2137
2136
2130
2133
2138
2138
2130
2123
2125
2130
2127
2122
2123
2123
2114
2107
2114
2121
2116
2115
2124
2126
2117
2112
2117
2115
2104
2103
2104
2103
2104
2108
2107
2100
2101
2106
2109
2113
2115
2108
2106
2109
2107
2110
2119
2115
2104
2097
2105
2108
2114
2113
2106
2106
2111
2111
2108
2107
2107
2108
2108
2105
2103
2103
2108
2116
2115
2102
2097
2108
2107
2097
2099
2102
2097
2101
2108
2105
2099
2097
2103
2111
2111
2109
2114
2118
2113
2110
2109
2108
2108
2113
2117
2110
2103
2108
2104
2098
2108
2117
2116
2122
2128
2122
2122
2127
2126
2123
2122
2121
2122
2123
2122
2122
2123
2121
2117
2112
2107
2106
2112
2118
2119
2121
2125
2126
2123
2118
2116
2118
2117
2111
2112
2116
2110
2106
2107
2105
2108
2117
2117
2111
2115
2116
2104
2099
2106
2109
2107
2111
2115
2110
2105
2107
2108
2107
2112
2118
2114
2112
2114
2114
2116
2117
2114
2115
2116
2113
2116
2119
2115
2113
2117
2122
2122
2121
2129
2125
2122
2122
2126
2129
2125
2120
2121
2118
2112
2115
2122
2123
2119
2116
2115
2117
2123
2123
2119
2120
2122
2122
2123
2126
2123
2120
2123
2125
2122
2118
2121
2124
2123
2120
2120
2124
2123
2118
2123
2133
2132
2128
2135
2142
2139
2139
2147
2147
2141
2135
2127
2123
2133
2141
2134
2128
2132
2133
2129
2134
2139
2133
2132
2142
2141
2131
2133
2140
2137
2126
2127
2144
2149
2146
2150
2156
2156
2155
2154
2153
2150
2145
2143
2146
2147
2146
2147
2151
2150
2141
2139
2145
2149
2149
2146
2144
2149
2151
2147
2146
2147
2147
2150
2149
2144
2149
2158
2161
2162
2163
2168
2177
2175
2166
2160
2163
2176
2178
2166
2163
2171
2172
2168
2165
2165
2164
2151
2154
2147
2137
2150
2167
2158
2142
2141
2140
2133
2133
2139
2136
2131
2132
2133
2132
2129
2128
2136
2141
2133
2128
2127
2121
2122
2126
2122
2126
2129
2124
2127
2134
2137
2138
2146
2162
2166
2157
2164
2185
2182
2171
2187
2212
2213
2200
2201
2205
2190
2187
2207
2211
2197
2199
2210
2209
2213
2223
2216
2199
2193
2194
2190
2186
2184
2187
2186
2185
2188
2185
2175
2173
2184
2191
2182
2166
2163
2171
2175
2165
2155
2153
2156
2159
2161
2166
2169
2167
2159
2162
2166
2153
2153
2177
2183
2176
2187
2199
2201
2209
2206
2203
2222
2216
2198
2229
2256
2246
2264
2309
2318
2313
2325
2328
2312
2298
2308
2316
2305
2292
2286
2281
2272
2262
2254
2251
2248
2243
2234
2227
2222
2214
2205
2201
2198
2183
2175
2175
2170
2168
2177
2180
2182
2187
2188
2187
2192
2190
2181
2190
2210
2204
2184
2187
2199
2195
2186
2187
2187
2181
2173
2172
2172
2171
2172
2173
2175
2162
2137
2129
2138
2140
2135
2139
2141
2140
2136
2131
2131
2131
2131
2140
2149
2145
2141
2147
2152
2149
2146
2141
2134
2129
2121
2113
2115
2116
2106
2101
2109
2116
2115
2114
2116
2107
2096
2095
2096
2093
2087
2084
2084
2085
2079
2073
2072
2080
2092
2090
2083
2089
2094
2090
2096
2103
2092
2084
2093
2095
2090
2091
2089
2078
2070
2071
2072
2063
2054
2057
2060
2055
2055
2062
2066
2069
2066
2057
2055
2052
2045
2051
2054
2047
2047
2049
2042
2045
2040
2038
2045
2046
2044
2046
2045
2039
2037
2043
2046
2041
2040
2048
2056
2059
2061
2063
2065
2065
2060
2055
2055
2054
2054
2058
2062
2059
2057
2056
2051
2055
2061
2051
2046
2053
2056
2054
2058
2058
2058
2057
2054
2055
2058
2062
2070
2073
2064
2060
2058
2055
2055
2059
2060
2057
2055
2058
2060
2060
2066
2072
2071
2069
2067
2067
2067
2063
2064
2071
2078
2078
2074
2075
2075
2076
2080
2080
2074
2069
2068
2080
2093
2087
2084
2089
2088
2082
2079
2080
2083
2084
2085
2092
2095
2090
2091
2092
2093
2090
2084
2091
2102
2102
2100
2101
2100
2100
2101
2098
2098
2104
2106
2101
2100
2103
2103
2106
2109
2102
2099
2103
2104
2102
2095
2094
2109
2102
2101
2104
2100
2095
2096
2105
2109
2101
2102
2109
2108
2106
2109
2102
2097
2103
2101
2094
2102
2108
2098
2096
2101
2098
2096
2102
2102
2101
2108
2110
2107
2111
2111
2106
2109
2114
2108
2103
2108
2109
2105
2105
2107
2109
2109
2107
2111
2117
2117
2114
2115
2119
2123
2126
2121
2114
2113
2116
2120
2120
2117
2117
2119
2117
2115
2116
2112
2109
2110
2111
2110
2106
2106
2109
2108
2104
2109
2116
2109
2106
2116
2116
2105
2108
2118
2117
2110
2110
2115
2116
2115
2118
2114
2107
2109
2110
2107
2113
2117
2116
2120
2126
2123
2122
2124
2124
2123
2121
2120
2125
2130
2129
2133
2141
2142
2138
2139
2140
2140
2136
2131
2134
2136
2129
2129
2137
2128
2136
2140
2133
2133
2141
2138
2135
2136
2133
2133
2141
2141
2137
2140
2143
2139
2127
2126
2140
2150
2151
2162
2167
2152
2143
2147
2151
2154
2153
2148
2146
2148
2148
2150
2153
2153
2148
2151
2157
2152
2143
2150
2158
2156
2155
2158
2154
2148
2147
2147
2145
2142
2137
2130
2129
2128
2124
2120
2116
2116
2118
2116
2113
2114
2110
2103
2100
2098
2101
2105
2106
2098
2087
2096
2116
2115
2102
2100
2103
2099
2096
2102
2110
2109
2105
2109
2120
2123
2118
2111
2108
2107
2107
2106
2105
2108
2115
2114
2104
2101
2107
2109
2109
2109
2107
2111
2119
2117
2113
2117
2118
2114
2113
2115
2113
2115
2121
2121
2125
2133
2130
2121
2126
2134
2128
2129
2136
2134
2138
2128
2119
2121
2122
2119
2121
2117
2106
2106
2111
2107
2099
2104
2110
2105
2098
2097
2098
2103
2109
2108
2104
2107
2109
2107
2109
2114
2120
2121
2116
2117
2128
2133
2129
2127
2130
2133
2128
2124
2119
2113
2113
2115
2110
2103
2110
2115
2108
2106
2114
2123
2123
2118
2118
2119
2118
2121
2126
2123
2127
2135
2132
2127
2135
2141
2137
2140
2146
2141
2137
2137
2130
2129
2130
2115
2115
2136
2139
2127
2125
2125
2122
2122
2119
2115
2116
2115
2118
2122
2123
2125
2127
2125
2124
2126
2123
2122
2124
2123
2121
2121
2123
2122
2124
2130
2133
2130
2125
2121
2125
2130
2131
2131
2132
2135
2138
2135
2129
2129
2134
2135
2136
2135
2133
2130
2133
2135
2134
2138
2140
2138
2140
2146
2146
2142
2137
2140
2148
2148
2139
2135
2138
2141
2136
2134
2145
2154
2148
2145
2150
2146
2142
2146
2148
2146
2143
2145
2145
2139
2139
2145
2141
2137
2142
2144
2139
2138
2142
2141
2139
2143
2146
2144
2144
2146
2147
2149
2153
2152
2147
2146
2146
2145
2145
2147
2146
2147
2152
2149
2141
2143
2145
2138
2135
2138
2137
2134
2134
2139
2147
2149
2146
2146
2153
2153
2145
2143
2148
2153
2152
2148
2147
2149
2149
2148
2145
2143
2145
2146
2148
2153
2155
2151
2146
2144
2148
2149
2146
2147
2148
2149
2145
2138
2141
2148
2144
2137
2138
2142
2145
2150
2155
2160
2162
2162
2162
2154
2147
2148
2151
2145
2142
2151
2159
2146
2144
2140
2136
2138
2141
2139
2139
2142
2137
2132
2143
2150
2146
2151
2164
2163
2162
2169
2176
2180
2178
2172
2171
2168
2166
2167
2167
2165
2164
2165
2162
2157
2154
2157
2156
2151
2152
2151
2144
2144
2148
2146
2145
2152
2153
2148
2146
2145
2145
2147
2146
2140
2141
2145
2141
2136
2137
2139
2138
2138
2136
2135
2128
2128
2141
2149
2149
2145
2142
2140
2139
2134
2132
2136
2136
2131
2130
2131
2132
2132
2128
2130
2139
2142
2142
2146
2147
2145
2141
2135
2133
2133
2130
2129
2130
2134
2137
2132
2129
2134
2135
2129
2133
2138
2132
2128
2128
2130
2134
2135
2133
2138
2138
2130
2129
2129
2123
2123
2126
2125
2124
2122
2115
2115
2122
2119
2113
2125
2121
2121
2124
2123
2121
2122
2123
2123
2120
2115
2117
2118
2114
2114
2116
2118
2121
2119
2112
2118
2125
2124
2122
2121
2123
2121
2113
2113
2118
2114
2106
2107
2108
2102
2098
2099
2098
2101
2108
2110
2107
2107
2109
2107
2107
2104
2103
2103
2097
2092
2094
2089
2081
2092
2104
2100
2096
2099
2101
2102
2106
2108
2106
2103
2107
2108
2101
2097
2098
2094
2092
2094
2092
2091
2092
2091
2094
2098
2093
2089
2095
2101
2099
2099
2106
2109
2102
2098
2098
2101
2106
2107
2111
2116
2104
2094
2107
2121
2126
2135
2141
2139
2143
2151
2155
2154
2156
2164
2166
2158
2157
2165
2163
2154
2154
2152
2145
2145
2148
2145
2139
2135
2133
2131
2130
2132
2128
2125
2134
2124
2117
2128
2121
2107
2119
2134
2130
2133
2141
2141
2140
2148
2155
2155
2152
2154
2156
2155
2166
2173
2166
2163
2163
2156
2153
2154
2153
2155
2160
2160
2153
2143
2134
2130
2130
2130
2131
2133
2131
2132
2133
2123
2123
2133
2133
2129
2134
2139
2148
2161
2167
2172
2173
2168
2164
2159
2148
2148
2148
2145
2152
2157
2152
2156
2159
2141
2125
2129
2133
2126
2115
2113
2114
2115
2123
2128
2125
2127
2137
2144
2148
2151
2154
2165
2172
2167
2160
2153
2149
2154
2154
2147
2149
2153
2147
2140
2133
2129
2130
2132
2132
2134
2131
2123
2117
2117
2114
2107
2104
2103
2097
2094
2102
2114
2104
2088
2103
2130
2134
2137
2145
2136
2132
2150
2160
2139
2138
2141
2146
2146
2149
2156
2157
2155
2156
2149
2140
2145
2149
2142
2142
2147
2141
2135
2136
2133
2126
2124
2130
2131
2129
2129
2126
2120
2126
2140
2141
2141
2150
2156
2154
2155
2160
2160
2160
2162
2164
2162
2164
2166
2161
2156
2156
2154
2144
2136
2138
2135
2133
2141
2140
2130
2134
2143
2141
2136
2138
2139
2139
2136
2131
2132
2128
2124
2126
2132
2130
2126
2119
2114
2121
2121
2111
2110
2118
2121
2121
2125
2120
2116
2119
2116
2110
2106
2106
2106
2103
2096
2093
2102
2109
2105
2094
2090
2098
2097
2086
2081
2078
2074
2071
2068
2066
2068
2067
2063
2065
2071
2076
2078
2074
2067
2068
2075
2074
2071
2074
2076
2074
2074
2076
2078
2081
2082
2083
2085
2082
2074
2076
2089
2093
2090
2088
2088
2091
2087
2076
2083
2094
2086
2083
2090
2086
2080
2084
2086
2086
2092
2093
2089
2091
2094
2089
2092
2100
2100
2098
2101
2100
2102
2109
2110
2107
2104
2103
2105
2112
2114
2107
2105
2114
2115
2106
2104
2110
2109
2108
2109
2106
2102
2104
2106
2104
2106
2108
2107
2109
2112
2114
2119
2119
2114
2114
2116
2115
2112
2108
2106
2107
2106
2106
2104
2099
2097
2101
2103
2107
2108
2105
2106
2106
2099
2098
2108
2110
2103
2100
2104
2112
2116
2115
2111
2106
2110
2119
2120
2114
2114
2117
2115
2111
2113
2118
2121
2122
2122
2120
2115
2113
2119
2123
2117
2112
2114
2114
2117
2123
2124
2121
2119
2116
2119
2124
2124
2123
2122
2117
2113
2119
2124
2127
2132
2130
2123
2124
2129
2125
2122
2123
2123
2123
2131
2136
2131
2123
2126
2131
2124
2119
2127
2136
2135
2129
2118
2114
2124
2128
2120
2116
2117
2118
2121
2123
2120
2119
2122
2124
2121
2121
2129
2134
2125
2118
2130
2140
2133
2127
2131
2131
2127
2130
2136
2135
2129
2133
2137
2132
2133
2141
2140
2137
2139
2139
2132
2129
2134
2143
2145
2141
2141
2145
2146
2143
2144
2148
2148
2146
2146
2150
2150
2137
2137
2156
2166
2166
2167
2164
2167
2172
2164
2158
2166
2164
2153
2151
2156
2156
2154
2154
2148
2143
2152
2163
2162
2152
2152
2155
2149
2150
2156
2153
2155
2164
2158
2153
2164
2173
2171
2158
2172
2175
2168
2168
2164
2160
2169
2172
2169
2171
2170
2170
2173
2172
2169
2163
2163
2166
2164
2163
2171
2173
2165
2162
2171
2178
2176
2174
2175
2175
2178
2177
2169
2174
2187
2185
2175
2176
2183
2181
2171
2158
2156
2161
2162
2161
2164
2157
2147
2143
2140
2139
2133
2124
2128
2134
2126
2120
2125
2126
2123
2123
2122
2117
2115
2124
2125
2115
2114
2124
2127
2124
2124
2121
2118
2127
2126
2118
2122
2124
2113
2110
2118
2116
2113
2114
2111
2104
2105
2107
2101
2096
2098
2103
2108
2111
2113
2115
2110
2105
2111
2116
2117
2121
2121
2116
2113
2116
2120
2123
2127
2128
2128
2129
2127
2125
2131
2140
2145
2144
2137
2128
2127
2123
2115
2117
2123
2117
2106
2110
2109
2106
2106
2109
2114
2116
2111
2103
2104
2107
2100
2098
2107
2106
2100
2102
2107
2101
2092
2091
2106
2119
2115
2111
2119
2117
2112
2121
2124
2112
2102
2106
2111
2109
2106
2104
2105
2107
2112
2110
2104
2108
2116
2112
2107
2113
2116
2116
2115
2115
2115
2121
2125
2121
2116
2121
2129
2126
2122
2124
2124
2125
2128
2124
2121
2128
2129
2118
2113
2114
2114
2113
2113
2114
2115
2116
2117
2122
2124
2123
2121
2117
2114
2116
2120
2124
2127
2132
2132
2128
2130
2132
2126
2123
2129
2130
2125
2123
2128
2131
2129
2129
2130
2128
2130
2133
2127
2116
2115
2126
2131
2127
2127
2131
2131
2129
2129
2129
2131
2135
2138
2140
2138
2134
2133
2138
2145
2140
2139
2144
2147
2141
2136
2139
2150
2154
2148
2141
2146
2154
2147
2138
2146
2158
2154
2146
2146
2147
2146
2142
2144
2152
2155
2146
2137
2143
2147
2141
2142
2152
2156
2153
2151
2152
2159
2161
2156
2152
2149
2147
2147
2146
2146
2149
2148
2146
2151
2152
2146
2146
2147
2143
2135
2131
2135
2138
2140
2142
2143
2139
2129
2128
2138
2139
2132
2134
2141
2140
2138
2136
2133
2134
2138
2134
2127
2132
2139
2135
2129
2131
2131
2130
2134
2138
2139
2138
2136
2140
2141
2138
2142
2147
2139
2137
2147
2151
2146
2145
2147
2154
2162
2169
2171
2167
2162
2161
2164
2162
2160
2156
2149
2145
2146
2144
2142
2144
2148
2153
2154
2151
2147
2142
2136
2133
2124
2133
2142
2138
2133
2134
2133
2129
2131
2135
2129
2120
2127
2132
2126
2126
2139
2141
2132
2128
2132
2130
2121
2121
2124
2121
2120
2114
2107
2118
2133
2132
2130
2140
2144
2141
2138
2134
2133
2130
2124
2126
2134
2133
2127
2126
2123
2116
2116
2123
2127
2130
2130
2124
2123
2126
2121
2115
2115
2115
2113
2112
2118
2126
2122
2118
2130
2139
2135
2145
2162
2168
2169
2170
2168
2165
2161
2159
2158
2152
2147
2147
2148
2148
2147
2139
2131
2133
2136
2139
2137
2133
2133
2136
2139
2139
2134
2130
2138
2143
2136
2133
2137
2136
2130
2127
2130
2137
2138
2129
2128
2134
2126
2122
2133
2136
2134
2138
2140
2138
2137
2133
2129
2135
2136
2129
2124
2124
2118
2122
2122
2118
2119
2123
2123
2118
2115
2121
2127
2120
2116
2116
2108
2107
2116
2118
2109
2104
2107
2113
2115
2112
2113
2117
2114
2112
2117
2117
2113
2113
2115
2116
2118
2113
2106
2111
2117
2114
2109
2108
2108
2109
2109
2105
2109
2117
2115
2108
2110
2112
2106
2104
2102
2096
2096
2104
2115
2126
2140
2148
2146
2142
2141
2139
2138
2140
2138
2137
2140
2136
2130
2130
2135
2132
2124
2129
2135
2126
2120
2124
2120
2112
2114
2121
2119
2106
2106
2126
2132
2121
2123
2134
2135
2128
2123
2125
2132
2131
2127
2128
2127
2120
2114
2114
2114
2112
2116
2120
2116
2114
2116
2116
2120
2120
2115
2114
2115
2114
2118
2122
2122
2127
2122
2111
2119
2134
2130
2132
2132
2129
2126
2127
2126
2121
2126
2133
2130
2127
2126
2117
2117
2131
2134
2118
2114
2133
2142
2129
2124
2139
2149
2152
2157
2165
2172
2177
2180
2184
2184
2180
2181
2186
2188
2183
2173
2169
2170
2166
2159
2163
2169
2159
2145
2144
2148
2145
2140
2136
2132
2127
2123
2129
2134
2130
2129
2131
2124
2120
2117
2109
2113
2118
2107
2111
2136
2144
2135
2144
2160
2162
2161
2162
2160
2162
2165
2161
2164
2172
2173
2169
2160
2156
2163
2165
2159
2160
2159
2152
2151
2146
2138
2139
2140
2128
2123
2136
2142
2130
2124
2116
2103
2111
2127
2122
2122
2138
2143
2140
2137
2139
2147
2148
2138
2136
2142
2140
2132
2127
2125
2121
2114
2114
2117
2111
2108
2103
2098
2095
2092
2095
2104
2117
2123
2124
2131
2141
2141
2135
2136
2139
2141
2142
2145
2148
2148
2145
2148
2157
2158
2143
2136
2138
2135
2130
2130
2129
2127
2130
2129
2124
2123
2121
2115
2113
2113
2107
2105
2111
2109
2102
2099
2097
2096
2096
2093
2092
2098
2104
2098
2090
2096
2110
2112
2106
2106
2102
2097
2103
2103
2097
2097
2097
2096
2099
2098
2091
2089
2095
2102
2102
2098
2097
2097
2096
2091
2084
2083
2089
2091
2089
2089
2091
2095
2098
2098
2094
2091
2092
2093
2093
2091
2090
2093
2094
2091
2090
2091
2088
2088
2096
2102
2099
2096
2095
2090
2087
2090
2090
2091
2097
2100
2096
2090
2092
2098
2096
2095
2100
2102
2101
2101
2099
2090
2083
2078
2079
2076
2073
2073
2076
2078
2078
2080
2083
2078
2069
2068
2072
2076
2086
2094
2092
2091
2092
2088
2088
2090
2085
2080
2082
2082
2080
2086
2088
2085
2087
2089
2090
2090
2088
2084
2084
2086
2088
2089
2089
2096
2100
2096
2093
2091
2089
2089
2094
2100
2102
2100
2099
2101
2099
2096
2098
2103
2102
2098
2101
2102
2098
2101
2105
2101
2097
2100
2102
2105
2110
2114
2114
2109
2105
2106
2106
2104
2110
2123
2124
2110
2105
2110
2114
2114
2114
2116
2118
2115
2109
2107
2110
2114
2116
2113
2109
2113
2118
2114
2112
2117
2118
2115
2119
2122
2121
2123
2128
2123
2122
2129
2124
2114
2115
2114
2107
2107
2112
2114
2120
2122
2116
2115
2119
2122
2122
2117
2121
2127
2123
2114
2111
2120
2120
2110
2119
2135
2136
2125
2124
2132
2130
2123
2127
2134
2133
2128
2125
2122
2126
2129
2128
2131
2140
2140
2132
2134
2140
2132
2132
2146
2143
2133
2136
2141
2137
2135
2134
2128
2130
2139
2141
2141
2145
2149
2147
2145
2145
2142
2140
2144
2147
2139
2134
2143
2151
2145
2144
2147
2143
2136
2139
2140
2134
2133
2141
2148
2147
2141
2143
2147
2147
2147
2143
2139
2144
2145
2137
2137
2142
2137
2132
2134
2139
2139
2138
2138
2142
2147
2149
2147
2147
2148
2144
2146
2153
2158
2156
2154
2155
2152
2146
2147
2154
2160
2163
2164
2161
2160
2160
2155
2149
2152
2160
2165
2156
2140
2138
2148
2147
2140
2132
2120
2123
2117
2113
2121
2124
2115
2113
2114
2114
2114
2111
2110
2116
2117
2111
2117
2125
2118
2117
2126
2123
2113
2114
2114
2108
2109
2114
2118
2123
2126
2119
2117
2122
2124
2130
2139
2136
2128
2124
2123
2122
2123
2121
2115
2111
2116
2120
2122
2132
2141
2140
2138
2139
2140
2136
2133
2137
2141
2140
2139
2140
2144
2147
2141
2133
2133
2133
2130
2129
2128
2133
2144
2148
2146
2148
2148
2142
2142
2142
2138
2135
2139
2139
2139
2145
2147
2146
2148
2154
2158
2151
2145
2151
2156
2148
2146
2151
2153
2154
2150
2140
2141
2146
2140
2130
2129
2127
2127
2134
2130
2120
2127
2138
2127
2121
2136
2142
2140
2143
2141
2137
2139
2139
2140
2151
2149
2137
2150
2138
2118
2124
2141
2139
2126
2123
2130
2135
2131
2123
2126
2132
2124
2113
2120
2127
2121
2125
2130
2123
2121
2127
2122
2119
2132
2141
2140
2140
2135
2123
2125
2136
2138
2132
2128
2129
2132
2129
2132
2146
2145
2136
2139
2142
2136
2131
2130
2133
2139
2138
2130
2129
2133
2129
2123
2122
2124
2121
2115
2114
2117
2118
2115
2114
2116
2120
2123
2123
2125
2128
2129
2129
2131
2131
2133
2133
2130
2130
2131
2131
2132
2133
2136
2139
2137
2135
2139
2141
2139
2142
2144
2141
2136
2135
2135
2134
2134
2138
2143
2147
2147
2141
2141
2146
2143
2138
2137
2137
2144
2152
2147
2139
2140
2140
2139
2136
2137
2141
2142
2145
2148
2148
2146
2147
2152
2150
2151
2155
2150
2152
2160
2154
2146
2151
2158
2159
2156
2152
2152
2154
2155
2155
2159
2164
2159
2151
2152
2157
2154
2152
2159
2164
2157
2152
2154
2151
2144
2145
2151
2152
2154
2160
2161
2161
2162
2157
2154
2160
2163
2163
2161
2153
2153
2160
2155
2148
2148
2142
2137
2147
2154
2147
2148
2156
2150
2139
2138
2140
2140
2139
2139
2143
2147
2144
2143
2146
2145
2143
2146
2148
2142
2136
2138
2145
2142
2139
2143
2142
2138
2141
2143
2136
2128
2122
2121
2124
2117
2112
2117
2118
2107
2105
2116
2118
2113
2113
2117
2113
2107
2108
2109
2104
2108
2116
2111
2103
2104
2111
2116
2109
2097
2096
2098
2101
2107
2099
2092
2106
2114
2110
2110
2113
2113
2111
2111
2120
2112
2107
2117
2115
2103
2108
2114
2102
2098
2113
2126
2134
2142
2147
2150
2147
2146
2161
2179
2182
2178
2179
2185
2184
2184
2192
2191
2184
2184
2180
2177
2181
2177
2167
2166
2173
2179
2178
2168
2161
2165
2168
2158
2148
2155
2162
2162
2170
2183
2188
2187
2188
2195
2196
2191
2194
2197
2193
2194
2194
2196
2204
2209
2206
2195
2184
2192
2203
2193
2182
2180
2179
2178
2174
2170
2172
2173
2176
2180
2175
2170
2169
2169
2169
2166
2160
2162
2162
2155
2154
2160
2163
2165
2163
2157
2156
2158
2155
2151
2145
2142
2149
2150
2147
2153
2157
2152
2148
2152
2153
2146
2142
2147
2147
2146
2146
2141
2138
2141
2138
2129
2129
2132
2132
2132
2132
2133
2131
2129
2133
2129
2122
2123
2117
2108
2122
2134
2123
2111
2114
2119
2114
2104
2104
2109
2106
2104
2110
2116
2111
2101
2109
2126
2130
2131
2139
2143
2145
2148
2146
2146
2147
2139
2136
2138
2138
2142
2146
2142
2139
2140
2136
2132
2132
2130
2126
2123
2124
2124
2124
2123
2122
2123
2121
2113
2108
2112
2116
2112
2107
2106
2108
2105
2098
2090
2091
2109
2120
2113
2112
2125
2129
2126
2132
2140
2137
2133
2139
2147
2148
2147
2148
2148
2144
2135
2129
2138
2144
2142
2139
2122
2114
2138
2141
2115
2118
2127
2114
2112
2117
2115
2119
2115
2105
2108
2114
2102
2097
2110
2116
2107
2105
2107
2105
2100
2097
2102
2109
2101
2091
2095
2099
2098
2093
2105
2118
2119
2121
2127
2126
2127
2136
2141
2127
2115
2139
2165
2154
2133
2133
2144
2146
2136
2135
2150
2156
2143
2136
2140
2138
2132
2138
2151
2149
2135
2139
2149
2141
2123
2114
2106
2095
2094
2089
2075
2068
2070
2069
2065
2068
2069
2058
2055
2057
2051
2054
2060
2052
2051
2063
2057
2051
2064
2056
2041
2056
2072
2065
2057
2062
2066
2067
2068
2069
2071
2070
2075
2076
2069
2070
2073
2075
2086
2094
2078
2049
2070
2129
2136
2105
2128
2167
2148
2147
2192
2203
2185
2189
2194
2185
2192
2207
2204
2201
2207
2207
2201
2199
2192
2186
2182
2166
2161
2175
2166
2152
2165
2170
2149
2134
2140
2154
2160
2155
2146
2153
2174
2177
2158
2155
2162
2157
2154
2147
2144
2155
2158
2150
2144
2134
2128
2133
2132
2128
2137
2135
2117
2107
2108
2106
2098
2095
2088
2082
2085
2087
2086
2085
2081
2077
2073
2062
2066
2089
2092
2078
2076
2081
2081
2081
2086
2080
2075
2098
2102
2068
2060
2082
2083
2079
2085
2077
2072
2080
