2138
2137
2134
2129
2128
2134
2144
2143
2130
2134
2149
2148
2136
2137
2148
2141
2129
2142
2150
2141
2140
2144
2142
2147
2152
2147
2145
2149
2149
2140
2132
2143
2154
2149
2142
2136
2135
2143
2141
2135
2136
2130
2125
2130
2133
2134
2141
2150
2144
2132
2136
2145
2140
2133
2137
2142
2138
2129
2135
2143
2138
2141
2148
2140
2137
2145
2148
2147
2144
2140
2145
2151
2143
2144
2156
2153
2139
2133
2135
2137
2145
2144
2134
2128
2124
2132
2142
2143
2139
2141
2146
2140
2133
2142
2148
2139
2143
2148
2141
2145
2143
2136
2151
2157
2137
2132
2142
2142
2138
2138
2142
2146
2147
2144
2139
2138
2136
2139
2153
2151
2137
2146
2155
2141
2132
2136
2138
2136
2144
2150
2147
2147
2149
2148
2143
2143
2149
2147
2144
2151
2151
2143
2138
2138
2142
2142
2131
2132
2144
2148
2147
2140
2131
2140
2152
2146
2138
2139
2143
2147
2145
2143
2146
2141
2137
2139
2140
2137
2136
2134
2135
2145
2151
2144
2135
2139
2148
2144
2139
2139
2138
2139
2145
2142
2135
2138
2141
2143
2145
2143
2141
2139
2140
2146
2137
2129
2143
2151
2142
2143
2145
2135
2133
2139
2136
2132
2136
2142
2142
2140
2137
2133
2138
2142
2134
2125
2133
2144
2141
2136
2135
2130
2130
2133
2126
2124
2132
2134
2127
2127
2130
2132
2137
2135
2129
2134
2139
2135
2136
2141
2133
2129
2133
2133
2133
2128
2125
2132
2137
2132
2131
2133
2129
2130
2132
2131
2137
2134
2130
2132
2133
2124
2117
2125
2134
2131
2129
2126
2118
2128
2139
2125
2118
2132
2133
2112
2106
2121
2131
2127
2117
2119
2127
2125
2115
2113
2119
2121
2129
2129
2122
2128
2135
2130
2119
2125
2129
2119
2130
2154
2147
2129
2134
2162
2173
2155
2140
2138
2130
2139
2149
2130
2133
2153
2131
2108
2119
2126
2116
2118
2130
2117
2099
2136
2172
2127
2091
2129
2152
2138
2140
2133
2109
2128
2164
2143
2111
2133
2146
2123
2121
2136
2139
2136
2140
2139
2127
2127
2135
2144
2154
2164
2159
2143
2143
2146
2144
2150
2164
2159
2136
2142
2160
2151
2138
2152
2161
2136
2121
2143
2161
2149
2133
2136
2143
2142
2144
2146
2132
2120
2141
2162
2148
2135
2142
2154
2150
2130
2133
2148
2140
2133
2143
2145
2133
2130
2145
2153
2137
2137
2157
2149
2127
2135
2153
2146
2143
2147
2136
2130
2135
2132
2131
2142
2148
2150
2154
2150
2142
2145
2152
2156
2162
2160
2150
2146
2146
2146
2158
2170
2157
2145
2153
2162
2154
2144
2151
2164
2158
2153
2167
2161
2138
2137
2143
2136
2144
2157
2143
2139
2158
2148
2129
2146
2158
2142
2142
2151
2146
2145
2152
2158
2159
2142
2136
2163
2167
2143
2147
2158
2143
2138
2147
2154
2166
2159
2138
2140
2152
2142
2139
2155
2154
2134
2136
2160
2167
2151
2146
2153
2143
2128
2140
2153
2141
2135
2160
2175
2160
2160
2171
2156
2144
2156
2157
2140
2152
2173
2152
2137
2160
2162
2144
2144
2134
2143
2147
2131
2131
2150
2154
2142
2147
2155
2142
2139
2147
2141
2139
2148
2147
2137
2135
2148
2162
2147
2130
2141
2151
2146
2138
2140
2147
2136
2123
2138
2147
2132
2125
2133
2140
2136
2135
2147
2150
2137
2133
2146
2149
2130
2132
2157
2147
2118
2130
2147
2134
2129
2139
2142
2137
2138
2145
2143
2140
2139
2139
2140
2138
2127
2131
2144
2140
2139
2154
2157
2140
2138
2147
2144
2135
2138
2142
2130
2128
2143
2147
2139
2138
2139
2130
2130
2131
2144
2154
2149
2128
2118
2138
2149
2127
2120
2134
2128
2117
2130
2136
2127
2133
2136
2130
2130
2126
2121
2124
2126
2127
2129
2123
2126
2136
2130
2121
2116
2112
2128
2139
2126
2124
2129
2123
2143
2142
2132
2129
2134
2140
2127
2119
2135
2141
2128
2127
2136
2129
2118
2127
2138
2129
2125
2132
2124
2118
2136
2146
2125
2118
2139
2145
2131
2129
2134
2125
2126
2144
2147
2123
2117
2142
2141
2117
2114
2120
2123
2132
2130
2130
2149
2144
2120
2126
2145
2136
2117
2123
2138
2133
2119
2119
2132
2139
2134
2119
2121
2140
2152
2147
2132
2131
2143
2136
2122
2140
2155
2136
2130
2138
2139
2137
2135
2139
2145
2147
2140
2133
2139
2150
2150
2139
2131
2120
2121
2138
2141
2135
2135
2135
2130
2131
2133
2121
2115
2127
2135
2126
2116
2126
2145
2141
2121
2122
2139
2137
2133
2138
2128
2119
2132
2143
2140
2137
2134
2131
2134
2131
2130
2136
2138
2132
2127
2131
2127
2124
2130
2130
2122
2127
2137
2132
2113
2117
2142
2145
2132
2126
2124
2114
2113
2131
2136
2126
2128
2136
2136
2131
2117
2113
2128
2128
2125
2133
2125
2118
2128
2128
2117
2111
2113
2112
2107
2114
2121
2109
2105
2109
2105
2116
2127
2114
2109
2125
2133
2127
2123
2124
2123
2123
2120
2113
2116
2128
2128
2122
2123
2125
2127
2128
2121
2119
2122
2117
2113
2115
2117
2115
2119
2125
2125
2122
2122
2123
2124
2124
2126
2132
2129
2123
2129
2132
2123
2119
2124
2126
2121
2114
2116
2118
2112
2117
2129
2132
2126
2119
2115
2115
2114
2110
2112
2121
2117
2106
2107
2115
2114
2117
2123
2113
2104
2113
2118
2112
2113
2119
2115
2108
2107
2108
2108
2113
2111
2112
2111
2108
2113
2119
2113
2111
2117
2111
2106
2113
2119
2112
2104
2109
2116
2112
2106
2108
2114
2113
2105
2098
2107
2118
2111
2103
2110
2112
2112
2116
2111
2109
2115
2111
2110
2123
2116
2099
2109
2122
2110
2107
2122
2122
2114
2110
2108
2112
2117
2119
2122
2123
2116
2115
2119
2123
2123
2113
2109
2117
2117
2109
2106
2107
2105
2106
2106
2103
2105
2108
2108
2107
2104
2104
2107
2105
2111
2118
2109
2101
2110
2109
2098
2104
2112
2101
2098
2109
2109
2107
2118
2117
2104
2104
2107
2106
2110
2110
2102
2106
2120
2115
2100
2107
2116
2110
2111
2121
2119
2107
2104
2110
2118
2116
2100
2104
2126
2128
2108
2100
2112
2115
2108
2114
2100
2098
2114
2120
2115
2112
2112
2113
2115
2111
2103
2109
2132
2133
2113
2109
2119
2117
2107
2109
2123
2127
2118
2110
2114
2118
2117
2121
2120
2108
2110
2127
2116
2101
2119
2125
2113
2114
2120
2114
2115
2117
2114
2123
2126
2114
2117
2122
2120
2124
2126
2120
2120
2120
2114
2117
2124
2122
2116
2112
2120
2130
2138
2144
2141
2139
2142
2137
2130
2139
2141
2126
2119
2126
2130
2123
2119
2127
2140
2140
2131
2121
2121
2131
2132
2122
2123
2134
2135
2127
2123
2131
2139
2130
2125
2138
2141
2131
2125
2124
2126
2132
2132
2133
2134
2123
2117
2131
2135
2123
2122
2130
2135
2141
2141
2123
2118
2138
2148
2137
2130
2136
2131
2121
2137
2151
2131
2118
2136
2129
2128
2125
2133
2148
2141
2129
2130
2123
2116
2125
2134
2129
2121
2122
2129
2131
2124
2122
2124
2128
2136
2130
2114
2117
2123
2117
2123
2136
2122
2115
2143
2139
2113
2132
2166
2155
2132
2140
2147
2143
2137
2128
2131
2155
2164
2142
2143
2171
2167
2150
2168
2195
2175
2152
2172
2200
2202
2192
2198
2213
2221
2211
2212
2228
2222
2211
2220
2235
2233
2226
2236
2241
2231
2236
2249
2238
2223
2229
2251
2259
2238
2226
2248
2255
2234
2233
2247
2250
2243
2244
2242
2220
2222
2256
2269
2257
2246
2242
2245
2255
2255
2244
2246
2251
2254
2261
2254
2238
2241
2253
2239
2216
2206
2193
2185
2204
2216
2199
2187
2185
2176
2178
2190
2173
2149
2166
2172
2162
2163
2153
2161
2181
2159
2140
2148
2148
2145
2147
2149
2154
2157
2143
2134
2153
2158
2139
2143
2161
2141
2122
2145
2164
2160
2151
2144
2144
2151
2146
2141
2147
2147
2139
2141
2149
2156
2154
2143
2130
2119
2127
2141
2133
2118
2124
2136
2141
2133
2119
2127
2140
2130
2123
2132
2135
2127
2133
2141
2135
2130
2128
2126
2127
2122
2114
2120
2126
2118
2114
2118
2127
2132
2119
2103
2108
2128
2134
2121
2104
2100
2114
2122
2107
2106
2117
2111
2108
2115
2107
2104
2115
2106
2098
2113
2117
2108
2116
2129
2121
2110
2115
2121
2117
2109
2098
2101
2119
2122
2110
2111
2108
2101
2112
2127
2122
2106
2102
2109
2106
2099
2099
2100
2102
2112
2112
2097
2109
2110
2101
2100
2103
2102
2098
2098
2097
2090
2094
2104
2100
2089
2087
2091
2101
2106
2096
2088
2091
2094
2092
2088
2093
2096
2087
2090
2098
2088
2079
2090
2089
2073
2074
2086
2087
2082
2083
2084
2074
2069
2075
2074
2072
2085
2089
2081
2084
2082
2075
2079
2083
2077
2073
2072
2076
2084
2085
2076
2067
2071
2081
2074
2072
2081
2075
2066
2075
2080
2078
2085
2085
2079
2085
2085
2077
2076
2085
2085
2063
2060
2087
2090
2073
2081
2095
2080
2066
2071
2079
2075
2071
2080
2086
2084
2077
2070
2076
2083
2077
2075
2079
2079
2085
2083
2075
2084
2088
2074
2075
2085
2082
2080
2085
2084
2083
2087
2081
2078
2081
2078
2080
2089
2085
2076
2079
2083
2090
2095
2083
2075
2085
2096
2093
2084
2082
2080
2081
2091
2098
2088
2080
2082
2085
2089
2087
2084
2090
2096
2091
2089
2095
2090
2082
2088
2097
2100
2100
2095
2094
2098
2093
2088
2098
2101
2090
2082
2088
2093
2090
2093
2100
2102
2095
2089
2095
2098
2093
2095
2101
2101
2098
2099
2100
2097
2092
2097
2110
2108
2098
2098
2103
2102
2098
2101
2103
2096
2089
2093
2091
2086
2101
2107
2093
2088
2094
2097
2098
2093
2091
2097
2102
2108
2111
2100
2095
2100
2101
2104
2109
2108
2098
2090
2093
2100
2099
2100
2107
2105
2095
2093
2104
2109
2101
2094
2097
2109
2109
2101
2102
2104
2102
2113
2115
2095
2097
2120
2120
2107
2102
2109
2117
2111
2098
2117
2118
2108
2102
2105
2105
2111
2116
2103
2102
2122
2120
2109
2115
2114
2109
2115
2115
2110
2114
2115
2121
2125
2116
2108
2113
2118
2126
2121
2099
2095
2113
2116
2103
2111
2122
2109
2107
2128
2125
2109
2117
2121
2112
2116
2122
2115
2115
2124
2116
2107
2113
2111
2106
2116
2122
2111
2109
2115
2106
2092
2107
2128
2115
2096
2103
2109
2110
2115
2115
2107
2102
2113
2128
2118
2102
2110
2115
2102
2107
2121
2105
2090
2108
2119
2107
2103
2113
2116
2115
2113
2105
2107
2116
2117
2113
2120
2118
2109
2119
2130
2117
2108
2118
2118
2110
2116
2126
2123
2116
2115
2114
2113
2119
2120
2110
2104
2117
2133
2121
2107
2124
2130
2112
2115
2124
2113
2112
2112
2118
2122
2118
2114
2116
2116
2114
2118
2118
2108
2104
2107
2110
2121
2129
2122
2113
2108
2109
2117
2124
2123
2114
2109
2113
2120
2127
2127
2113
2112
2129
2132
2120
2113
2117
2124
2132
2130
2124
2115
2110
2110
2115
2117
2108
2109
2120
2120
2121
2122
2115
2122
2135
2120
2109
2124
2134
2123
2117
2119
2122
2127
2130
2128
2116
2116
2131
2129
2122
2132
2135
2123
2128
2127
2110
2121
2142
2135
2129
2128
2124
2133
2139
2123
2116
2117
2118
2133
2136
2120
2118
2126
2131
2129
2119
2123
2135
2125
2119
2128
2115
2103
2129
2145
2126
2120
2132
2130
2123
2124
2114
2107
2129
2148
2135
2118
2124
2139
2139
2129
2126
2126
2124
2127
2130
2129
2129
2130
2130
2129
2132
2131
2130
2135
2133
2126
2132
2141
2133
2123
2130
2139
2132
2121
2130
2141
2136
2130
2132
2127
2117
2124
2134
2127
2123
2132
2132
2120
2121
2129
2124
2117
2124
2135
2140
2138
2131
2128
2134
2138
2134
2135
2133
2127
2135
2145
2138
2135
2142
2136
2128
2136
2140
2133
2129
2134
2139
2140
2141
2139
2138
2143
2143
2131
2129
2140
2137
2127
2133
2141
2141
2138
2137
2143
2147
2146
2146
2148
2148
2148
2147
2146
2147
2145
2151
2159
2156
2151
2151
2151
2156
2161
2155
2151
2152
2153
2153
2147
2147
2152
2149
2145
2148
2148
2146
2147
2145
2139
2132
2130
2137
2140
2136
2137
2141
2146
2147
2141
2139
2143
2145
2147
2147
2147
2151
2147
2141
2138
2139
2143
2144
2142
2138
2137
2141
2144
2142
2138
2138
2139
2136
2129
2130
2138
2140
2139
2138
2138
2141
2138
2133
2137
2138
2129
2131
2140
2141
2136
2137
2141
2133
2127
2136
2136
2121
2122
2136
2132
2126
2132
2131
2128
2134
2137
2129
2122
2123
2132
2139
2133
2129
2132
2124
2118
2126
2129
2123
2124
2125
2121
2123
2126
2122
2114
2114
2122
2121
2110
2113
2124
2122
2110
2109
2114
2113
2116
2121
2121
2123
2126
2123
2122
2126
2129
2122
2115
2122
2133
2130
2121
2123
2131
2132
2127
2127
2133
2130
2125
2124
2121
2123
2132
2129
2122
2126
2124
2122
2131
2133
2127
2127
2124
2121
2128
2129
2121
2124
2132
2126
2118
2125
2127
2113
2128
2133
2122
2117
2122
2123
2125
2130
2127
2119
2124
2131
2122
2112
2115
2119
2114
2111
2119
2124
2116
2113
2121
2116
2107
2115
2117
2110
2110
2112
2112
2117
2117
2109
2104
2109
2111
2102
2101
2117
2122
2113
2107
2106
2111
2117
2109
2102
2108
2105
2100
2109
2106
2090
2103
2121
2103
2093
2113
2120
2107
2104
2109
2109
2107
2109
2115
2116
2111
2107
2101
2096
2103
2109
2107
2107
2101
2101
2114
2113
2101
2108
2119
2114
2109
2113
2117
2117
2111
2109
2115
2119
2116
2114
2110
2108
2113
2115
2117
2116
2113
2122
2126
2111
2117
2135
2127
2116
2127
2134
2127
2130
2141
2138
2127
2133
2139
2130
2132
2141
2136
2133
2137
2134
2129
2129
2130
2131
2130
2131
2124
2122
2130
2135
2130
2128
2129
2131
2132
2129
2129
2131
2130
2130
2131
2135
2139
2133
2129
2134
2134
2129
2130
2132
2132
2129
2129
2137
2140
2136
2138
2136
2131
2127
2127
2133
2136
2131
2129
2132
2128
2125
2133
2132
2121
2119
2123
2125
2130
2130
2122
2131
2149
2147
2134
2130
2130
2127
2128
2128
2125
2129
2135
2139
2141
2138
2128
2125
2132
2132
2125
2115
2109
2121
2137
2133
2130
2134
2127
2122
2130
2132
2127
2127
2136
2137
2129
2129
2134
2128
2126
2127
2124
2121
2121
2128
2134
2126
2120
2122
2112
2105
2120
2128
2122
2122
2116
2102
2103
2108
2108
2114
2120
2107
2098
2110
2115
2113
2112
2112
2117
2125
2120
2113
2120
2124
2114
2122
2119
2119
2127
2122
2118
2130
2132
2125
2120
2111
2109
2119
2121
2114
2110
2112
2119
2124
2122
2118
2110
2109
2117
2118
2112
2113
2118
2123
2124
2119
2121
2127
2124
2125
2128
2123
2120
2124
2127
2125
2121
2121
2127
2127
2121
2121
2120
2115
2118
2123
2114
2112
2124
2123
2113
2124
2134
2126
2119
2123
2122
2120
2122
2121
2118
2116
2115
2120
2130
2133
2127
2121
2117
2122
2128
2123
2120
2124
2126
2128
2131
2123
2119
2128
2127
2115
2113
2116
2112
2110
2117
2118
2115
2115
2117
2115
2112
2115
2113
2107
2111
2117
2114
2113
2115
2114
2114
2115
2112
2117
2125
2121
2114
2121
2126
2117
2114
2117
2117
2114
2115
2116
2115
2115
2119
2118
2113
2117
2120
2117
2114
2118
2124
2123
2122
2127
2130
2127
2122
2123
2122
2116
2116
2122
2122
2120
2122
2123
2121
2121
2121
2122
2119
2116
2121
2124
2123
2123
2124
2124
2124
2121
2127
2138
2137
2128
2127
2130
2131
2134
2135
2132
2127
2125
2124
2123
2123
2123
2122
2122
2126
2122
2117
2120
2121
2121
2123
2122
2120
2123
2123
2123
2129
2131
2130
2129
2126
2123
2122
2122
2127
2130
2126
2126
2132
2129
2128
2129
2125
2125
2131
2135
2136
2134
2130
2130
2130
2129
2130
2129
2129
2129
2126
2128
2129
2123
2123
2128
2126
2123
2126
2126
2125
2129
2132
2130
2129
2130
2132
2129
2123
2121
2126
2130
2127
2124
2128
2131
2130
2132
2138
2139
2130
2127
2133
2133
2134
2129
2126
2126
2130
2137
2135
2130
2130
2131
2129
2130
2135
2135
2133
2135
2134
2130
2135
2141
2129
2120
2131
2137
2130
2127
2130
2131
2132
2130
2125
2126
2132
2128
2120
2128
2141
2140
2136
2140
2140
2137
2137
2138
2137
2132
2130
2133
2136
2138
2140
2138
2132
2129
2135
2136
2128
2132
2142
2141
2137
2140
2140
2139
2140
2139
2139
2144
2143
2134
2128
2131
2133
2130
2131
2139
2143
2135
2130
2133
2132
2134
2137
2134
2132
2133
2129
2128
2133
2133
2130
2134
2138
2134
2129
2132
2136
2137
2139
2139
2136
2131
2128
2131
2133
2133
2132
2131
2133
2139
2141
2130
2126
2134
2138
2136
2138
2140
2135
2127
2132
2139
2133
2132
2141
2139
2141
2136
2130
2138
2141
2135
2135
2139
2139
2140
2139
2141
2140
2131
2132
2138
2133
2128
2133
2138
2139
2138
2129
2127
2134
2129
2124
2134
2142
2138
2138
2139
2134
2135
2140
2136
2129
2135
2141
2135
2129
2129
2131
2129
2124
2127
2128
2121
2123
2132
2130
2127
2128
2121
2124
2139
2141
2129
2122
2127
2129
2128
2124
2117
2119
2132
2136
2126
2122
2124
2123
2127
2130
2130
2129
2127
2126
2123
2117
2122
2133
2126
2122
2133
2133
2123
2122
2124
2123
2120
2121
2131
2129
2117
2120
2129
2123
2120
2129
2127
2120
2128
2134
2124
2119
2124
2125
2122
2125
2128
2124
2124
2136
2134
2127
2131
2129
2128
2140
2136
2121
2121
2128
2125
2124
2129
2128
2126
2131
2128
2134
2135
2124
2117
2128
2136
2125
2121
2129
2123
2118
2124
2124
2120
2121
2123
2123
2120
2116
2120
2128
2123
2114
2120
2131
2125
2122
2129
2125
2117
2119
2121
2122
2123
2119
2119
2125
2123
2119
2122
2125
2126
2125
2119
2114
2118
2122
2127
2131
2124
2122
2132
2132
2123
2122
2124
2130
2135
2128
2121
2123
2128
2131
2125
2123
2129
2130
2127
2124
2121
2120
2124
2128
2128
2126
2126
2127
2124
2122
2127
2128
2123
2122
2124
2127
2129
2130
2131
2131
2131
2130
2127
2123
2120
2121
2127
2128
2121
2122
2128
2124
2124
2127
2123
2122
2124
2123
2122
2124
2121
2116
2119
2125
2123
2122
2124
2121
2120
2127
2129
2118
2119
2133
2131
2119
2123
2121
2119
2127
2130
2127
2123
2118
2121
2131
2132
2123
2121
2127
2123
2114
2117
2126
2125
2123
2124
2122
2120
2122
2126
2125
2124
2130
2129
2122
2124
2128
2123
2124
2132
2132
2130
2128
2126
2132
2136
2128
2123
2125
2122
2123
2128
2126
2121
2126
2134
2133
2130
2130
2130
2130
2130
2127
2123
2126
2131
2132
2128
2130
2132
2126
2123
2128
2127
2122
2128
2134
2124
2122
2133
2136
2130
2130
2133
2128
2125
2130
2131
2124
2121
2126
2131
2133
2126
2121
2125
2128
2125
2119
2120
2123
2124
2123
2123
2126
2127
2121
2116
2122
2124
2122
2132
2142
2138
2131
2133
2140
2139
2133
2136
2140
2135
2131
2133
2134
2133
2132
2131
2131
2132
2132
2130
2123
2121
2125
2127
2130
2123
2120
2124
2118
2110
2123
2135
2124
2118
2125
2126
2120
2125
2132
2129
2121
2122
2127
2127
2122
2122
2122
2117
2114
2113
2116
2122
2126
2122
2122
2127
2124
2122
2129
2132
2125
2121
2126
2121
2116
2125
2135
2130
2116
2116
2128
2132
2127
2128
2128
2123
2126
2127
2121
2118
2114
2115
2127
2132
2124
2127
2134
2130
2128
2132
2132
2129
2128
2134
2141
2139
2129
2126
2133
2136
2131
2125
2123
2123
2125
2123
2120
2116
2113
2115
2121
2125
2122
2115
2119
2126
2120
2115
2122
2124
2121
2128
2133
2127
2122
2124
2125
2126
2128
2130
2126
2124
2122
2121
2121
2121
2120
2124
2125
2117
2118
2129
2130
2122
2121
2124
2123
2122
2124
2126
2116
2121
2124
2123
2123
2121
2120
2123
2123
2126
2130
2127
2123
2124
2123
2122
2126
2126
2122
2121
2124
2126
2123
2122
2122
2120
2124
2130
2129
2126
2127
2121
2118
2127
2128
2122
2127
2132
2126
2128
2129
2123
2125
2129
2125
2119
2120
2127
2128
2126
2130
2127
2115
2122
2131
2123
2122
2127
2126
2131
2134
2131
2138
2143
2137
2134
2131
2131
2131
2129
2133
2136
2132
2130
2138
2138
2134
2137
2137
2130
2129
2135
2136
2130
2125
2124
2124
2122
2119
2120
2126
2130
2130
2130
2135
2135
2127
2130
2139
2132
2124
2130
2136
2128
2118
2123
2130
2125
2123
2133
2130
2121
2126
2127
2120
2120
2124
2126
2124
2120
2120
2127
2126
2124
2126
2122
2122
2133
2128
2128
2133
2129
2124
2126
2126
2120
2124
2133
2133
2126
2124
2124
2120
2120
2132
2131
2116
2122
2140
2140
2134
2133
2134
2139
2139
2137
2144
2149
2147
2146
2143
2142
2148
2149
2149
2156
2153
2143
2146
2150
2144
2146
2147
2139
2140
2145
2140
2135
2137
2139
2131
2122
2128
2142
2142
2136
2134
2129
2127
2132
2133
2127
2125
2130
2128
2120
2130
2143
2139
2133
2138
2145
2148
2148
2143
2140
2139
2137
2140
2145
2148
2145
2138
2137
2141
2140
2138
2139
2141
2139
2135
2134
2138
2139
2138
2140
2139
2133
2129
2131
2133
2130
2127
2132
2134
2130
2132
2140
2134
2124
2133
2145
2138
2128
2128
2132
2135
2136
2133
2131
2130
2129
2130
2126
2125
2139
2129
2128
2129
2121
2122
2132
2132
2127
2125
2130
2135
2126
2121
2134
2139
2130
2129
2134
2129
2128
2135
2139
2135
2136
2138
2133
2130
2131
2129
2130
2130
2127
2130
2134
2133
2130
2127
2123
2124
2126
2128
2129
2132
2133
2126
2120
2122
2124
2123
2122
2124
2127
2126
2124
2125
2124
2123
2124
2125
2124
2124
2124
2124
2124
2122
2120
2122
2123
2123
2123
2124
2123
2125
2125
2123
2127
2134
2132
2128
2130
2130
2126
2122
2124
2130
2129
2127
2130
2133
2131
2131
2132
2131
2132
2132
2130
2128
2130
2129
2126
2127
2129
2129
2128
2131
2134
2132
2130
2131
2129
2119
2113
2115
2115
2112
2113
2114
2110
2107
2108
2110
2109
2107
2109
2115
2115
2110
2107
2109
2103
2104
2107
2102
2095
2097
2103
2104
2100
2103
2111
2104
2094
2097
2100
2098
2102
2108
2109
2108
2108
2107
2107
2108
2107
2106
2105
2107
2113
2114
2109
2108
2110
2108
2107
2110
2114
2115
2116
2114
2114
2116
2121
2123
2117
2113
2116
2113
2109
2116
2122
2119
2117
2122
2123
2122
2121
2120
2121
2123
2123
2124
2122
2119
2120
2123
2122
2118
2119
2122
2126
2128
2129
2131
2129
2123
2121
2123
2122
2119
2122
2128
2126
2121
2126
2129
2124
2123
2124
2129
2131
2125
2121
2124
2126
2127
2132
2128
2122
2127
2130
2126
2128
2138
2138
2132
2130
2134
2136
2137
2139
2136
2136
2141
2135
2128
2129
2130
2128
2129
2131
2130
2129
2129
2130
2130
2129
2131
2131
2132
2132
2131
2131
2129
2124
2124
2128
2125
2123
2127
2131
2134
2131
2127
2130
2131
2132
2138
2137
2129
2130
2135
2134
2133
2129
2127
2136
2140
2125
2122
2135
2132
2124
2130
2134
2129
2133
2142
2137
2129
2137
2140
2129
2130
2141
2141
2136
2140
2145
2143
2135
2134
2139
2142
2146
2146
2138
2138
2144
2141
2136
2139
2140
2135
2138
2144
2145
2143
2140
2142
2146
2142
2137
2137
2140
2144
2146
2142
2143
2146
2145
2141
2138
2138
2142
2146
2146
2144
2140
2143
2145
2141
2141
2147
2147
2147
2147
2146
2147
2146
2146
2150
2144
2140
2148
2151
2145
2147
2149
2144
2148
2146
2138
2141
2144
2143
2143
2140
2137
2145
2144
2136
2139
2140
2135
2140
2133
2129
2133
2138
2142
2143
2138
2135
2140
2142
2138
2135
2141
2141
2127
2130
2147
2143
2133
2139
2140
2136
2138
2133
2127
2133
2140
2140
2137
2138
2133
2128
2136
2142
2132
2130
2141
2141
2133
2132
2133
2136
2140
2133
2123
2127
2133
2134
2137
2143
2139
2134
2139
2137
2129
2132
2141
2139
2136
2133
2127
2135
2150
2146
2129
2128
2133
2129
2128
2129
2129
2135
2144
2140
2131
2135
2137
2130
2131
2138
2140
2136
2135
2139
2140
2132
2132
2145
2150
2144
2140
2140
2140
2140
2135
2136
2144
2142
2135
2137
2142
2135
2130
2138
2138
2128
2128
2137
2139
2138
2140
2139
2135
2123
2125
2145
2149
2140
2141
2143
2136
2137
2142
2144
2143
2134
2132
2145
2136
2127
2136
2143
2134
2129
2139
2142
2137
2137
2135
2137
2141
2133
2132
2141
2132
2123
2138
2139
2126
2133
2140
2129
2126
2140
2139
2128
2136
2148
2140
2127
2127
2134
2130
2122
2129
2139
2132
2129
2132
2130
2137
2138
2125
2125
2133
2131
2129
2134
2137
2130
2121
2127
2135
2130
2129
2133
2125
2120
2131
2136
2124
2121
2129
2132
2132
2128
2121
2122
2135
2140
2133
2129
2132
2131
2128
2129
2131
2127
2122
2120
2123
2130
2133
2124
2119
2126
2130
2130
2130
2127
2125
2125
2120
2123
2132
2129
2125
2132
2138
2135
2129
2127
2131
2127
2122
2126
2130
2136
2136
2123
2119
2128
2128
2121
2119
2122
2127
2129
2129
2129
2123
2123
2134
2140
2131
2136
2134
2120
2126
2143
2139
2128
2135
2140
2137
2142
2144
2139
2139
2141
2132
2132
2141
2140
2130
2130
2137
2139
2141
2144
2144
2133
2129
2140
2142
2135
2136
2140
2138
2139
2140
2139
2140
2139
2138
2141
2141
2138
2137
2139
2140
2136
2131
2135
2143
2136
2130
2135
2129
2122
2133
2139
2130
2124
2131
2138
2133
2118
2116
2125
2127
2122
2120
2128
2131
2126
2126
2132
2134
2130
2125
2124
2131
2139
2139
2130
2132
2141
2140
2129
2125
2129
2129
2126
2123
2127
2134
2125
2114
2125
2136
2124
2121
2133
2129
2120
2120
2125
2123
2118
2120
2129
2121
2112
2123
2127
2125
2136
2136
2114
2112
2124
2117
2116
2129
2128
2118
2125
2132
2121
2112
2119
2125
2128
2131
2123
2120
2127
2120
2113
2124
2136
2130
2115
2112
2116
2125
2135
2129
2122
2130
2137
2130
2126
2132
2138
2139
2138
2139
2141
2140
2145
2146
2140
2138
2141
2141
2139
2141
2140
2132
2130
2140
2147
2141
2133
2133
2133
2123
2118
2125
2134
2136
2136
2142
2137
2128
2139
2149
2140
2132
2139
2144
2138
2136
2147
2150
2136
2138
2146
2141
2144
2151
2138
2132
2142
2134
2121
2135
2146
2132
2129
2138
2140
2138
2136
2130
2129
2132
2134
2134
2130
2130
2131
2129
2132
2136
2135
2132
2126
2124
2131
2130
2127
2136
2133
2121
2123
2136
2131
2120
2129
2141
2134
2128
2134
2133
2127
2133
2144
2138
2121
2124
2132
2124
2122
2130
2140
2139
2132
2128
2132
2130
2133
2128
2126
2132
2128
2113
2119
2140
2136
2121
2124
2128
2120
2119
2124
2125
2121
2115
2119
2119
2116
2128
2124
2111
2122
2138
2132
2129
2133
2133
2131
2128
2130
2132
2132
2136
2139
2134
2127
2126
2132
2141
2141
2130
2121
2123
2125
2128
2138
2135
2122
2121
2121
2117
2123
2127
2109
2102
2123
2140
2129
2110
2107
2117
2119
2115
2121
2126
2118
2119
2124
2123
2124
2119
2110
2120
2130
2129
2130
2123
2119
2133
2128
2114
2132
2142
2121
2114
2131
2139
2126
2122
2134
2134
2119
2115
2123
2121
2114
2118
2124
2121
2116
2113
2110
2114
2114
2110
2118
2121
2108
2108
2119
2114
2107
2112
2110
2104
2113
2119
2099
2093
2116
2123
2112
2113
2106
2109
2116
2113
2107
2107
2110
2108
2120
2136
2130
2121
2121
2117
2118
2124
2122
2126
2128
2116
2122
2136
2123
2112
2122
2127
2121
2125
2137
2133
2121
2124
2134
2135
2133
2130
2122
2122
2124
2116
2111
2115
2119
2123
2124
2117
2116
2126
2123
2113
2115
2117
2107
2111
2125
2120
2110
2114
2117
2114
2114
2114
2115
2114
2112
2119
2120
2107
2108
2122
2122
2111
2112
2120
2119
2114
2116
2121
2121
2119
2117
2114
2117
2123
2126
2120
2112
2119
2126
2112
2106
2127
2132
2117
2126
2142
2125
2109
2122
2134
2134
2132
2117
2107
2125
2140
2130
2119
2118
2115
2111
2120
2122
2111
2109
2111
2104
2107
2116
2113
2111
2119
2125
2124
2116
2110
2117
2126
2112
2122
2131
2125
2119
2112
2104
2106
2109
2113
2120
2115
2118
2132
2124
2111
2115
2115
2111
2117
2116
2107
2110
2114
2119
2118
2104
2106
2119
2113
2109
2123
2128
2122
2118
2112
2107
2107
2111
2109
2117
2148
2145
2098
2089
2113
2110
2101
2106
2113
2119
2112
