2146
2150
2148
2144
2146
2151
2154
2152
2154
2159
2163
2168
2168
2160
2162
2163
2155
2160
2171
2170
2169
2165
2156
2158
2160
2148
2144
2149
2150
2145
2139
2143
2154
2153
2142
2138
2139
2134
2128
2128
2130
2132
2138
2140
2133
2126
2134
2149
2148
2138
2142
2152
2147
2138
2139
2145
2146
2146
2147
2146
2145
2154
2160
2156
2157
2162
2169
2178
2181
2180
2183
2181
2167
2170
2193
2192
2162
2160
2178
2171
2162
2168
2160
2148
2155
2168
2171
2168
2160
2156
2161
2158
2150
2155
2158
2146
2145
2155
2157
2156
2154
2153
2157
2152
2143
2145
2148
2146
2146
2147
2147
2145
2147
2149
2143
2136
2138
2140
2138
2132
2127
2139
2146
2135
2132
2138
2133
2128
2140
2133
2132
2138
2138
2138
2142
2141
2140
2144
2146
2145
2146
2142
2139
2136
2133
2135
2140
2139
2133
2128
2125
2121
2113
2115
2128
2135
2134
2134
2137
2139
2137
2131
2128
2130
2129
2130
2135
2139
2138
2140
2140
2139
2143
2142
2139
2146
2146
2140
2143
2144
2136
2137
2145
2146
2147
2149
2147
2146
2146
2139
2136
2141
2144
2150
2157
2152
2145
2146
2147
2145
2138
2130
2128
2133
2138
2140
2136
2139
2147
2145
2137
2137
2144
2147
2140
2136
2141
2142
2135
2137
2138
2133
2132
2139
2145
2147
2154
2158
2150
2144
2148
2156
2154
2148
2149
2151
2147
2143
2145
2143
2138
2138
2140
2135
2130
2135
2134
2120
2119
2128
2127
2127
2133
2131
2129
2135
2139
2136
2137
2139
2135
2131
2128
2129
2130
2125
2122
2124
2123
2121
2127
2128
2122
2125
2133
2133
2129
2132
2137
2133
2128
2131
2133
2127
2125
2134
2139
2133
2127
2132
2143
2145
2145
2149
2143
2137
2139
2136
2146
2164
2158
2149
2161
2175
2179
2177
2173
2163
2153
2160
2165
2149
2165
2194
2174
2155
2166
2164
2160
2171
2175
2159
2155
2194
2220
2187
2156
2172
2185
2180
2183
2180
2171
2172
2188
2184
2157
2160
2177
2168
2154
2154
2164
2165
2158
2154
2149
2149
2154
2151
2151
2165
2159
2143
2147
2140
2133
2154
2169
2162
2153
2153
2160
2172
2174
2173
2171
2164
2160
2167
2174
2164
2151
2153
2150
2135
2141
2159
2153
2136
2135
2146
2146
2135
2138
2140
2136
2133
2130
2129
2131
2129
2122
2124
2128
2123
2122
2125
2119
2125
2139
2135
2125
2130
2137
2132
2129
2135
2136
2127
2122
2124
2124
2124
2122
2122
2122
2118
2113
2118
2122
2120
2120
2121
2119
2117
2117
2114
2113
2122
2123
2114
2116
2124
2121
2113
2116
2121
2120
2119
2122
2121
2110
2101
2098
2096
2101
2109
2108
2107
2111
2118
2117
2108
2101
2108
2119
2123
2120
2116
2119
2124
2122
2120
2121
2126
2123
2116
2120
2117
2110
2118
2128
2122
2119
2118
2112
2114
2119
2116
2117
2122
2121
2118
2122
2126
2125
2128
2122
2107
2104
2114
2120
2125
2120
2112
2119
2129
2123
2116
2113
2114
2116
2115
2113
2115
2119
2123
2126
2119
2111
2115
2109
2104
2104
2108
2116
2115
2109
2111
2119
2115
2109
2110
2111
2107
2105
2112
2119
2120
2118
2114
2108
2106
2105
2100
2098
2105
2111
2112
2111
2108
2107
2105
2105
2109
2108
2097
2100
2110
2106
2102
2116
2123
2114
2114
2116
2114
2113
2114
2118
2125
2124
2120
2123
2124
2118
2114
2115
2115
2117
2122
2123
2121
2121
2122
2122
2126
2127
2125
2124
2122
2121
2132
2138
2126
2119
2120
2114
2113
2114
2109
2108
2111
2105
2098
2099
2100
2102
2105
2101
2101
2099
2110
2119
2116
2112
2108
2107
2111
2110
2100
2095
2100
2106
2109
2107
2100
2102
2108
2107
2110
2117
2115
2111
2115
2117
2116
2115
2114
2117
2125
2124
2122
2130
2135
2125
2115
2115
2113
2105
2100
2106
2108
2103
2100
2110
2117
2116
2115
2111
2104
2111
2125
2126
2121
2123
2124
2123
2123
2125
2124
2123
2124
2125
2119
2107
2104
2110
2111
2107
2105
2107
2112
2118
2114
2108
2114
2117
2104
2096
2101
2105
2104
2107
2112
2120
2126
2124
2122
2130
2131
2122
2125
2129
2122
2131
2149
2147
2138
2140
2140
2138
2133
2124
2132
2142
2129
2111
2107
2107
2103
2103
2107
2107
2104
2105
2111
2106
2094
2094
2100
2103
2104
2108
2108
2106
2101
2093
2090
2099
2107
2105
2109
2121
2120
2111
2111
2113
2115
2117
2112
2109
2115
2120
2118
2123
2135
2139
2131
2128
2135
2132
2121
2121
2123
2114
2106
2111
2116
2115
2114
2115
2119
2121
2115
2113
2124
2126
2107
2107
2109
2115
2121
2121
2125
2133
2134
2134
2139
2140
2134
2133
2140
2139
2130
2128
2132
2135
2138
2142
2139
2134
2133
2133
2130
2129
2135
2138
2138
2138
2140
2140
2136
2133
2132
2130
2129
2129
2126
2124
2124
2122
2122
2125
2123
2121
2125
2119
2108
2108
2109
2104
2103
2109
2105
2093
2093
2105
2109
2109
2113
2114
2118
2124
2124
2121
2122
2123
2123
2121
2115
2117
2122
2122
2125
2129
2130
2133
2137
2132
2127
2135
2140
2132
2122
2125
2136
2140
2138
2138
2137
2132
2128
2127
2132
2140
2140
2138
2143
2149
2148
2146
2149
2146
2138
2137
2139
2138
2136
2143
2148
2142
2139
2140
2140
2143
2146
2146
2148
2147
2147
2154
2159
2154
2142
2137
2146
2144
2147
2150
2147
2145
2148
2152
2148
2143
2146
2148
2147
2147
2147
2145
2147
2154
2155
2147
2145
2153
2154
2147
2146
2147
2146
2144
2143
2145
2147
2144
2148
2157
2157
2151
2153
2153
2149
2146
2145
2146
2146
2145
2145
2146
2142
2138
2138
2140
2142
2146
2148
2146
2142
2137
2138
2140
2139
2139
2139
2136
2140
2141
2133
2133
2138
2135
2129
2125
2121
2125
2136
2140
2139
2141
2146
2149
2142
2132
2136
2148
2147
2142
2146
2149
2146
2146
2147
2145
2147
2149
2146
2144
2146
2143
2136
2136
2139
2138
2142
2147
2146
2140
2133
2133
2136
2134
2141
2152
2146
2139
2145
2148
2145
2146
2147
2146
2144
2142
2141
2138
2136
2138
2139
2142
2148
2148
2146
2148
2145
2139
2141
2143
2140
2141
2144
2140
2137
2139
2144
2147
2142
2138
2138
2138
2143
2148
2145
2146
2146
2141
2142
2144
2139
2137
2141
2140
2137
2137
2137
2139
2140
2140
2140
2140
2139
2139
2139
2137
2131
2121
2119
2127
2131
2129
2132
2134
2130
2128
2125
2123
2128
2130
2123
2113
2108
2108
2111
2116
2115
2113
2120
2124
2117
2111
2114
2119
2115
2112
2115
2114
2107
2107
2106
2099
2094
2093
2094
2098
2097
2091
2088
2094
2098
2098
2101
2108
2106
2099
2101
2109
2116
2117
2110
2110
2117
2117
2113
2118
2127
2123
2117
2120
2124
2128
2129
2125
2121
2120
2127
2136
2134
2122
2110
2105
2111
2115
2102
2095
2102
2103
2098
2098
2104
2104
2098
2102
2100
2094
2106
2125
2123
2107
2104
2105
2103
2106
2109
2110
2115
2117
2114
2119
2118
2116
2124
2129
2122
2115
2116
2119
2122
2124
2128
2138
2140
2138
2141
2147
2153
2154
2147
2145
2142
2129
2126
2134
2124
2107
2109
2119
2117
2109
2107
2108
2097
2095
2110
2109
2088
2082
2090
2091
2093
2100
2101
2096
2090
2092
2097
2096
2095
2102
2103
2094
2092
2099
2098
2094
2106
2122
2117
2105
2107
2120
2127
2120
2111
2116
2121
2122
2125
2131
2134
2131
2122
2119
2126
2121
2117
2131
2134
2121
2119
2126
2123
2117
2110
2111
2127
2125
2116
2124
2124
2107
2109
2122
2118
2114
2120
2121
2115
2112
2115
2116
2118
2122
2125
2129
2134
2130
2128
2135
2134
2136
2139
2141
2146
2145
2141
2146
2145
2136
2133
2134
2129
2132
2141
2138
2134
2138
2137
2130
2128
2126
2121
2124
2136
2138
2128
2124
2131
2132
2125
2124
2130
2133
2129
2129
2132
2134
2138
2141
2142
2140
2125
2111
2116
2126
2131
2137
2141
2148
2154
2149
2145
2143
2136
2133
2134
2124
2117
2126
2134
2132
2130
2132
2136
2135
2126
2123
2131
2130
2121
2119
2126
2134
2140
2142
2141
2142
2141
2135
2133
2138
2140
2138
2138
2142
2140
2132
2130
2138
2145
2146
2145
2148
2151
2148
2150
2158
2154
2145
2148
2156
2158
2160
2164
2162
2155
2156
2163
2160
2154
2157
2162
2162
2164
2163
2162
2164
2163
2161
2163
2162
2159
2164
2171
2171
2170
2170
2173
2174
2163
2158
2173
2181
2173
2172
2180
2179
2169
2171
2184
2182
2170
2173
2181
2178
2174
2177
2179
2174
2168
2164
2158
2156
2162
2168
2167
2164
2165
2161
2154
2162
2168
2155
2147
2155
2153
2148
2149
2147
2144
2143
2138
2138
2143
2146
2152
2156
2149
2143
2139
2135
2135
2139
2141
2135
2130
2135
2135
2129
2129
2132
2132
2138
2141
2139
2138
2138
2142
2144
2145
2146
2148
2147
2143
2141
2144
2141
2133
2126
2124
2139
2155
2149
2144
2149
2145
2136
2133
2130
2129
2129
2129
2134
2135
2130
2128
2132
2134
2129
2126
2136
2147
2141
2137
2141
2140
2139
2141
2139
2142
2146
2138
2132
2136
2138
2136
2138
2135
2127
2130
2132
2126
2126
2127
2126
2137
2131
2128
2132
2132
2129
2129
2135
2142
2141
2137
2138
2139
2135
2132
2128
2123
2124
2125
2121
2122
2125
2121
2121
2124
2122
2120
2123
2122
2120
2124
2127
2124
2125
2125
2121
2121
2127
2125
2120
2122
2122
2117
2117
2120
2123
2123
2119
2115
2118
2118
2115
2114
2117
2126
2132
2127
2118
2117
2121
2117
2113
2121
2124
2112
2112
2129
2131
2124
2132
2142
2142
2146
2148
2145
2145
2146
2140
2138
2139
2137
2131
2132
2132
2124
2123
2132
2133
2121
2115
2120
2122
2116
2118
2116
2102
2103
2115
2117
2117
2122
2123
2120
2114
2112
2115
2116
2115
2116
2115
2113
2113
2112
2108
2110
2120
2124
2118
2110
2112
2115
2106
2096
2099
2106
2107
2108
2109
2107
2102
2100
2110
2118
2117
2116
2117
2113
2111
2112
2116
2116
2108
2104
2108
2110
2100
2098
2109
2117
2117
2115
2111
2109
2106
2100
2096
2101
2102
2100
2101
2104
2107
2105
2098
2098
2106
2108
2101
2098
2100
2100
2100
2102
2102
2097
2094
2091
2079
2072
2084
2091
2088
2093
2101
2099
2104
2116
2120
2126
2137
2145
2151
2155
2154
2156
2164
2161
2158
2168
2175
2167
2157
2155
2156
2156
2151
2143
2140
2141
2137
2134
2137
2134
2127
2126
2131
2128
2125
2128
2132
2132
2135
2143
2147
2150
2155
2159
2159
2164
2169
2165
2162
2164
2163
2159
2158
2152
2147
2146
2139
2128
2127
2124
2113
2115
2123
2117
2112
2117
2120
2112
2108
2107
2102
2098
2092
2101
2118
2114
2113
2124
2126
2124
2136
2146
2142
2136
2141
2147
2146
2152
2157
2156
2155
2153
2152
2163
2175
2166
2151
2152
2159
2155
2147
2146
2145
2139
2137
2136
2128
2120
2124
2124
2113
2115
2130
2135
2129
2127
2136
2145
2141
2136
2138
2134
2124
2120
2122
2128
2127
2120
2117
2117
2115
2116
2117
2114
2114
2113
2107
2102
2107
2109
2099
2097
2109
2117
2120
2123
2122
2127
2137
2130
2130
2150
2153
2136
2133
2138
2133
2127
2125
2121
2111
2108
2115
2115
2111
2114
2116
2109
2101
2100
2101
2103
2107
2109
2107
2102
2104
2106
2104
2110
2114
2111
2103
2100
2099
2100
2103
2100
2099
2099
2101
2102
2097
2093
2094
2098
2100
2099
2097
2097
2101
2101
2099
2102
2108
2108
2106
2106
2107
2106
2100
2099
2102
2100
2092
2091
2097
2100
2099
2097
2101
2104
2100
2097
2104
2107
2101
2098
2099
2100
2098
2101
2099
2092
2091
2096
2092
2088
2098
2104
2096
2089
2097
2104
2099
2099
2105
2103
2099
2100
2104
2107
2108
2107
2104
2098
2098
2104
2103
2101
2101
2102
2106
2104
2100
2106
2111
2101
2097
2104
2102
2100
2105
2112
2114
2116
2116
2116
2119
2113
2102
2107
2119
2118
2114
2120
2122
2121
2123
2120
2118
2120
2117
2116
2123
2123
2121
2127
2128
2122
2124
2129
2130
2129
2129
2130
2128
2121
2124
2131
2127
2121
2120
2121
2123
2122
2119
2122
2128
2129
2126
2122
2121
2122
2126
2122
2115
2124
2136
2124
2126
2122
2118
2125
2127
2121
2122
2128
2125
2121
2123
2123
2116
2111
2114
2115
2109
2102
2103
2105
2098
2091
2092
2097
2098
2099
2099
2100
2105
2110
2106
2097
2095
2105
2108
2100
2099
2100
2094
2095
2104
2107
2106
2107
2107
2110
2113
2113
2114
2117
2116
2112
2116
2123
2120
2115
2116
2117
2115
2114
2115
2116
2111
2104
2110
2115
2107
2096
2098
2101
2096
2091
2090
2093
2096
2098
2098
2097
2099
2101
2098
2102
2118
2126
2122
2120
2124
2125
2124
2121
2123
2123
2118
2118
2123
2126
2124
2117
2114
2122
2127
2122
2124
2131
2129
2124
2122
2126
2135
2135
2130
2129
2132
2134
2134
2130
2127
2132
2133
2130
2131
2133
2126
2121
2127
2130
2128
2138
2138
2139
2139
2136
2137
2136
2130
2130
2134
2131
2129
2131
2132
2131
2134
2136
2139
2142
2142
2141
2142
2141
2133
2128
2132
2134
2128
2128
2137
2136
2131
2134
2138
2132
2128
2129
2129
2131
2139
2140
2135
2138
2146
2148
2144
2139
2142
2147
2142
2141
2147
2142
2134
2139
2142
2137
2135
2138
2141
2145
2147
2149
2148
2146
2152
2158
2153
2146
2146
2143
2141
2140
2137
2139
2138
2130
2134
2147
2146
2138
2143
2149
2144
2146
2155
2158
2154
2154
2155
2152
2155
2155
2153
2160
2161
2149
2147
2155
2155
2153
2148
2140
2139
2138
2129
2127
2128
2126
2123
2121
2121
2126
2128
2130
2131
2126
2124
2133
2137
2136
2137
2132
2126
2129
2136
2140
2136
2135
2143
2139
2138
2148
2149
2139
2136
2140
2138
2135
2132
2127
2120
2114
2114
2117
2115
2113
2114
2115
2117
2114
2108
2105
2098
2091
2094
2101
2107
2113
2118
2122
2123
2115
2103
2101
2109
2115
2117
2120
2126
2132
2131
2123
2126
2130
2118
2106
2106
2105
2106
2113
2117
2121
2117
2107
2106
2109
2101
2095
2101
2106
2111
2118
2124
2130
2134
2123
2110
2117
2125
2116
2110
2115
2119
2124
2136
2147
2148
2141
2139
2148
2149
2140
2136
2139
2140
2136
2133
2129
2122
2129
2140
2139
2140
2148
2144
2137
2138
2138
2140
2147
2153
2155
2153
2148
2146
2148
2147
2140
2139
2145
2147
2144
2145
2149
2146
2144
2155
2162
2152
2145
2146
2139
2133
2136
2133
2117
2112
2108
2106
2106
2106
2107
2107
2105
2107
2106
2099
2102
2109
2107
2111
2121
2119
2113
2116
2116
2107
2106
2114
2117
2114
2113
2118
2121
2127
2134
2126
2114
2114
2118
2114
2111
2114
2113
2108
2105
2106
2108
2112
2115
2109
2106
2112
2111
2106
2105
2103
2103
2110
2117
2116
2113
2120
2127
2121
2115
2119
2122
2122
2123
2123
2124
2120
2120
2125
2126
2125
2127
2125
2120
2128
2130
2122
2125
2133
2133
2130
2134
2133
2130
2132
2129
2118
2116
2122
2122
2120
2122
2121
2123
2136
2141
2125
2119
2138
2146
2139
2147
2158
2160
2163
2160
2154
2155
2156
2153
2152
2154
2160
2165
2155
2144
2149
2156
2153
2153
2154
2147
2146
2152
2155
2156
2156
2161
2162
2158
2155
2151
2153
2165
2167
2162
2161
2163
2163
2158
2151
2156
2164
2161
2162
2166
2158
2149
2156
2163
2155
2154
2162
2164
2161
2162
2162
2163
2164
2161
2164
2165
2160
2164
2170
2172
2169
2164
2163
2164
2163
2163
2165
2158
2150
2153
2156
2152
2145
2138
2137
2138
2134
2133
2138
2134
2129
2133
2135
2130
2130
2131
2133
2140
2141
2139
2137
2131
2130
2140
2143
2139
2143
2150
2156
2160
2157
2152
2154
2155
2158
2161
2163
2162
2158
2153
2149
2147
2147
2147
2145
2144
2142
2147
2155
2152
2145
2146
2153
2155
2150
2146
2146
2145
2143
2146
2152
2155
2151
2145
2142
2138
2135
2143
2153
2150
2146
2147
2148
2154
2164
2163
2155
2152
2152
2140
2145
2149
2146
2144
2140
2137
2140
2142
2141
2143
2144
2145
2149
2147
2144
2147
2149
2145
2148
2159
2159
2147
2142
2147
2146
2140
2137
2139
2141
2141
2138
2132
2130
2137
2144
2147
2147
2143
2142
2147
2148
2143
2141
2140
2133
2127
2131
2138
2137
2131
2133
2139
2140
2137
2135
2136
2137
2136
2138
2142
2140
2136
2138
2138
2129
2126
2135
2140
2136
2132
2133
2129
2122
2123
2130
2133
2131
2130
2130
2130
2128
2125
2124
2125
2129
2125
2114
2116
2124
2124
2124
2132
2136
2135
2138
2141
2138
2133
2130
2130
2124
2115
2115
2122
2123
2112
2109
2116
2117
2116
2123
2124
2114
2113
2114
2108
2108
2117
2113
2106
2111
2112
2107
2112
2121
2118
2105
2117
2113
2105
2107
2108
2104
2108
2113
2110
2107
2108
2108
2103
2103
2107
2105
2101
2103
2105
2107
2110
2105
2096
2101
2115
2116
2107
2103
2105
2105
2102
2094
2091
2097
2103
2101
2094
2091
2103
2116
2115
2114
2119
2121
2128
2141
2147
2148
2152
2155
2153
2158
2161
2160
2171
2182
2173
2159
2158
2159
2155
2154
2154
2149
2144
2143
2137
2128
2132
2137
2134
2128
2126
2127
2128
2128
2124
2122
2128
2137
2138
2138
2145
2151
2157
2162
2165
2161
2162
2164
2163
2162
2160
2156
2152
2149
2145
2145
2140
2129
2128
2136
2136
2128
2123
2123
2121
2117
2115
2113
2116
2123
2123
2114
2113
2119
2110
2103
2114
2127
2126
2127
2137
2140
2138
2143
2148
2146
2153
2154
2157
2162
2161
2157
2164
2178
2177
2166
2168
2171
2165
2162
2159
2154
2152
2148
2142
2135
2124
2119
2128
2133
2124
2124
2121
2106
2107
2124
2126
2119
2122
2129
2136
2143
2145
2143
2144
2148
2148
2149
2155
2157
2158
2165
2162
2151
2154
2161
2152
2143
2145
2141
2134
2133
2131
2128
2129
2123
2117
2122
2122
2115
2117
2110
2097
2111
2126
2119
2121
2134
2135
2135
2137
2133
2129
2124
2125
2130
2128
2121
2119
2115
2111
2109
2107
2103
2101
2109
2117
2117
2116
2114
2109
2108
2103
2100
2105
2103
2099
2106
2109
2100
2093
2092
2093
2094
2089
2079
2078
2082
2081
2075
2072
2075
2083
2081
2072
2076
2083
2078
2072
2074
2078
2078
2073
2069
2082
2085
2083
2083
2084
2082
2084
2089
2092
2090
2084
2079
2084
2087
2078
2071
2079
2086
2080
2074
2072
2072
2077
2084
2086
2086
2085
2078
2073
2078
2085
2085
2085
2090
2092
2091
2091
2091
2093
2096
2094
2091
2091
2090
2089
2091
2092
2092
2095
2098
2100
2102
2101
2103
2107
2102
2092
2091
2098
2100
2099
2102
2104
2101
2095
2094
2099
2100
2099
2104
2107
2104
2106
2107
2102
2101
2107
2110
2104
2105
2112
2111
2105
2105
2108
2109
2106
2106
2109
2108
2105
2109
2110
2103
2105
2114
2111
2106
2113
2120
2116
2112
2117
2123
2126
2129
2131
2129
2128
2132
2135
2134
2131
2132
2128
2121
2120
2122
2122
2121
2124
2128
2127
2124
2123
2118
2109
2106
2094
2104
2119
2117
2112
2120
2123
2117
2115
2116
2110
2104
2107
2109
2108
2111
2116
2117
2116
2113
2108
2110
2115
2114
2112
2112
2109
2105
2104
2108
2112
2109
2106
2110
2108
2102
2105
2109
2108
2107
2106
2110
2116
2113
2108
2113
2108
2097
2099
2110
2118
2123
2122
2119
2122
2123
2117
2115
2117
2116
2115
2117
2127
2134
2130
2123
2126
2132
2129
2127
2131
2133
2128
2126
2126
2118
2113
2117
2119
2116
2115
2116
2118
2121
2117
2109
2104
2104
2108
2114
2116
2114
2114
2116
2115
2115
2117
2119
2126
2133
2131
2128
2129
2125
2121
2128
2133
2132
2130
2132
2134
2135
2131
2129
2134
2137
2134
2134
2140
2143
2139
2136
2135
2139
2143
2139
2135
2138
2130
2132
2138
2137
2136
2139
2136
2131
2130
2134
2139
2140
2138
2133
2129
2130
2133
2133
2129
2128
2135
2140
2140
2144
2147
2146
2147
2149
2149
2146
2145
2146
2145
2148
2155
2153
2145
2149
2152
2149
2149
2150
2151
2150
2147
2148
2157
2162
2156
2155
2157
2157
2154
2154
2156
2153
2147
2146
2153
2161
2164
2165
2159
2151
2141
2132
2129
2129
2123
2120
2122
2118
2115
2121
2128
2126
2120
2121
2126
2124
2122
2124
2125
2125
2127
2132
2135
2129
2129
2140
2138
2123
2119
2122
2123
2123
2122
2121
2123
2126
2126
2130
2134
2127
2116
2113
2114
2113
2117
2124
2123
2117
2118
2122
2120
2117
2118
2121
2122
2120
2118
2121
2124
2124
2125
2126
2123
2123
2118
2112
2113
2119
2121
2123
2121
2115
2117
2126
2125
2119
2117
2117
2114
2114
2118
2120
2119
2123
2127
2123
2124
2132
2129
2122
2125
2130
2126
2121
2121
2122
2119
2116
2116
2121
2126
2130
2126
2120
2126
2134
2130
2132
2141
2135
2129
2133
2129
2118
2116
2117
2117
2120
2122
2129
2141
2143
2138
2137
2132
2128
2129
2129
2137
2141
2133
2137
2153
2151
2137
2138
2145
2141
2134
2130
2127
2123
2123
2125
2124
2123
2124
2121
2108
2102
2112
2115
2109
2116
2126
2126
2128
2132
2126
2122
2124
2127
2133
2139
2140
2141
2140
2132
2128
2141
2148
2136
2127
2132
2135
2127
2120
2127
2126
2114
2117
2134
2137
2136
2140
2135
2129
2134
2136
2136
2142
2148
2147
2147
2146
2146
2145
2146
2147
2142
2136
2138
2139
2134
2130
2129
2128
2123
2122
2124
2123
2118
2119
2123
2121
2122
2127
2124
2115
2113
2115
2111
2108
2111
2113
2118
2122
2118
2114
2118
2116
2112
2118
2123
2123
2123
2121
2119
2117
2116
2116
2118
2119
2122
2125
2124
2123
2123
2120
2125
2132
2127
2119
2124
2124
2114
2115
2123
2125
2121
2120
2125
2132
2133
2129
2132
2137
2137
2137
2138
2135
2132
2131
2130
2129
2132
2141
2146
2146
2145
2146
2144
2141
2142
2145
2145
2143
2143
2145
2150
2155
2151
2146
2148
2155
2154
2152
2161
2165
2161
2161
2156
2147
2146
2148
2147
2150
2155
2156
2154
2150
2149
2153
2154
2153
2156
2154
2153
2163
2169
2170
2172
2170
2167
2164
2162
2162
2167
2172
2171
2171
2170
2160
2150
2151
2157
2161
2167
2171
2171
2170
2167
2164
2163
2161
2161
2160
2156
2153
2155
2159
2157
2158
2159
2158
2155
2154
2155
2155
2156
2153
2152
2152
2155
2156
2153
2152
2154
2148
2144
2150
2154
2155
2157
2155
2156
2161
2156
2153
2162
2165
2161
2162
2166
2161
2153
2158
2170
2171
2169
2171
2170
2170
2172
2172
2169
2164
2158
2160
2162
2154
2152
2166
2171
2162
2157
2156
2157
2161
2163
2163
2165
2161
2152
2147
2149
2153
2154
2148
2144
2151
2152
2146
2150
2156
2151
2144
2142
2143
2141
2138
2143
2143
2138
2137
2136
2128
2129
2132
2126
2125
2130
2129
2124
2122
2120
2123
2130
2136
2140
2140
2136
2136
2137
2138
2138
2138
2134
2127
2129
2136
2135
2132
2137
2142
2142
2147
2153
2152
2147
2144
2140
2136
2137
2138
2131
2127
2130
2133
2130
2131
2131
2122
2123
2138
2140
2129
2132
2140
2137
2136
2138
2129
2124
2132
2140
2140
2139
2138
2140
2138
2132
2129
2135
2142
2137
2130
2129
2131
2131
2129
2128
2127
2124
2122
2124
2123
2121
2121
2118
2117
2119
2120
2118
2115
2114
2115
2106
2106
2122
2127
2124
2129
2129
2119
2116
2121
2123
2122
2117
2117
2122
2120
2121
2124
2118
2112
2115
2117
2115
2115
2115
2115
2111
2110
2110
2108
2110
2116
2114
2106
2106
2105
2104
2111
2116
2123
2135
2141
2141
2148
2150
2146
2149
2155
2154
2159
2163
2160
2160
2164
2163
2161
2166
2167
2162
2167
2172
2165
2162
2163
2158
2166
2179
2168
2152
2159
2166
2156
2146
2141
2136
2136
2141
2140
2133
2130
2117
2104
2115
2128
2125
2126
2133
2132
2131
2135
2142
2141
2142
2142
2123
2125
2157
2161
2154
2170
2171
2159
2163
2160
2153
2153
2148
2144
2148
2155
2155
2153
2149
2141
2138
2138
2132
2117
2115
2129
2136
2132
2129
2126
2127
2137
2136
2129
2124
2115
2117
2123
2113
2110
2124
2125
2116
2117
2125
2127
2119
2113
2121
2126
2118
2109
2106
2109
2113
2113
2121
2134
2131
2122
2124
2128
2128
2134
2144
2145
2135
2131
2133
2125
2123
2137
2142
2133
2128
2123
2118
2117
2114
2115
2113
2099
2096
2128
2121
2116
2125
2137
2142
2138
2136
2142
2148
2143
2135
2141
2149
2142
2135
2139
2140
2136
2142
2143
2132
2133
2141
2132
2121
2127
2130
2125
2122
2115
2105
2103
2106
2100
2097
2093
2083
2083
2092
2094
2092
2085
2082
2092
2103
2105
2109
2118
2128
2137
2139
2136
2138
2140
2136
2134
2136
2134
2130
2126
2123
2122
2122
2116
2110
2109
2106
2101
2097
2095
2093
2091
2091
2091
2091
2090
2085
2083
2085
2083
2078
2070
2069
2084
2093
2085
2077
2083
2088
2086
2083
2084
2078
2066
2063
2067
2066
2068
2070
2071
2074
2076
2075
2075
2073
2067
2067
2065
2057
2064
2079
2077
2068
2069
2072
2071
2068
2065
2070
2076
2077
2076
2074
2071
2076
2086
2084
2085
2091
2082
2084
2097
2095
2087
2090
2095
2099
2098
2090
2088
2092
2097
2097
2094
2096
2094
2087
2093
2099
2092
2092
2101
2101
2096
2091
2089
2091
2091
2089
2089
2093
2099
2101
2101
2107
2107
2100
2100
2103
2102
2098
2093
2090
2093
2093
2090
2091
2090
2083
2087
2092
2087
2083
2092
2099
2093
2084
2082
2085
2085
2082
2083
2082
2082
2088
2093
2094
2093
2085
2077
2082
2082
2074
2077
2085
2078
2074
2089
2110
2121
2126
2134
2141
2146
2154
2161
2165
2170
2177
2184
2182
2173
2174
2180
2176
2168
2165
2164
2163
2162
2161
2158
2154
2158
2172
2179
2175
2168
2172
2183
2177
2162
2160
2163
2162
2165
2166
2162
2162
2162
2163
2168
2172
2171
2171
2169
2168
2171
2166
2158
2150
2148
2157
2164
2156
2150
2159
2163
2162
2167
2174
2170
2155
2144
2146
2150
2144
2134
2132
2131
2121
2116
2121
2117
2110
2114
2111
2106
2115
2122
2111
2102
2112
2126
2124
2114
2114
2122
2125
2116
2105
2104
2104
2100
2098
2100
2101
2099
2095
2094
2089
2079
2078
2081
2074
2065
2067
2074
2081
2084
2085
2081
2073
2077
2082
2076
2072
2073
2074
2074
2074
2075
2078
2078
2081
2085
2082
2081
2086
2090
2092
2089
2088
2089
2086
2085
2089
2094
2097
2101
2100
2098
2102
2100
2094
2090
2089
2093
2098
2098
2097
2100
2101
2099
2097
2099
2102
2100
2098
2099
2103
2107
2108
2108
2107
2104
2099
2098
2100
2103
2106
2108
2112
2117
2114
2114
2117
2118
2113
2107
2104
2110
2117
2120
2118
2116
2120
2124
2120
2115
2121
2126
2123
2123
2128
2132
2133
2129
2130
2133
2129
2123
2123
2124
2122
2118
2116
2116
2117
2115
2114
2116
2122
2129
2132
2135
2139
2138
2132
2131
2130
2124
2127
2136
2135
2131
2139
2143
2140
2142
2150
2148
2139
2138
2150
2155
2149
2150
2158
2157
2149
2145
2152
2160
2157
2146
2143
2146
2142
2132
2128
2132
2129
2121
2121
2128
2130
2128
2124
2120
2117
2113
2111
2121
2132
2136
2135
2133
2129
2132
2133
2129
2136
2140
2131
2132
2144
2146
2141
2144
2150
2154
2154
2149
2147
2154
2153
2146
2148
2155
2155
2153
2154
2155
2156
2154
2154
2159
2161
2160
2162
2163
2162
2163
2152
2138
2136
2136
2129
2121
2118
2116
2117
2119
2115
2106
2102
2108
2111
2104
2108
2117
2113
2105
2104
2103
2098
2102
2111
2111
2107
2106
2114
2120
2119
2120
2122
2124
2130
2138
2141
2136
2135
2142
2150
2153
2159
2162
2155
2149
2149
2151
2156
2154
2146
2149
2157
2156
2154
2156
2151
2148
2152
2150
2143
2143
2151
2156
2149
2140
2144
2151
2148
2149
2151
2149
2151
2153
2150
2143
2150
2157
2141
2138
2163
2159
2137
2152
2172
2160
2150
2157
2155
2144
2138
2139
2134
2131
2132
2128
2131
2144
2143
2134
2138
2147
2143
2138
2136
2140
2146
2144
2144
2148
2143
2138
2139
2135
2137
2142
2130
2123
2130
2130
2126
2127
2131
2136
2138
2138
2141
2143
2145
2147
2152
2149
2136
2138
2153
2154
2152
2162
2169
2158
2142
2140
2147
2148
2145
2145
2146
2147
2146
2148
2151
2152
2154
2153
2141
2139
2155
2158
2146
2141
2138
2134
2137
2143
2135
2133
2159
2166
2132
2121
2132
2124
2121
2130
2126
2131
2144
