2148
2154
2150
2143
2145
2151
2153
2152
2154
2160
2164
2165
2164
2160
2163
2163
2157
2158
2163
2163
2162
2156
2146
2147
2149
2140
2138
2143
2143
2136
2129
2133
2140
2139
2131
2129
2129
2121
2112
2111
2117
2120
2123
2126
2118
2113
2123
2135
2134
2128
2130
2135
2134
2125
2126
2132
2131
2134
2139
2132
2129
2142
2148
2143
2144
2148
2155
2164
2165
2161
2165
2167
2152
2153
2175
2174
2150
2149
2160
2153
2152
2158
2152
2141
2145
2159
2162
2158
2153
2149
2148
2144
2141
2149
2151
2141
2139
2147
2149
2148
2145
2147
2156
2152
2139
2138
2146
2146
2140
2142
2147
2144
2144
2149
2144
2136
2138
2140
2139
2132
2126
2138
2146
2133
2131
2139
2132
2126
2136
2129
2131
2136
2135
2139
2146
2143
2139
2143
2147
2146
2146
2145
2141
2134
2130
2133
2138
2138
2134
2128
2124
2122
2116
2118
2129
2133
2133
2135
2135
2134
2138
2136
2130
2129
2131
2135
2138
2139
2141
2146
2145
2146
2149
2147
2144
2147
2147
2143
2145
2145
2140
2141
2147
2146
2148
2152
2148
2145
2145
2140
2137
2140
2141
2149
2157
2150
2144
2145
2147
2146
2141
2136
2136
2137
2138
2140
2139
2143
2149
2150
2144
2138
2143
2150
2144
2138
2143
2143
2135
2137
2141
2134
2132
2139
2142
2144
2151
2156
2149
2145
2148
2154
2155
2148
2146
2148
2146
2140
2142
2143
2138
2138
2141
2132
2127
2137
2135
2120
2121
2132
2132
2129
2132
2135
2136
2139
2140
2138
2138
2141
2138
2132
2130
2131
2130
2124
2125
2129
2125
2125
2130
2127
2124
2130
2132
2130
2129
2133
2137
2134
2128
2130
2132
2126
2124
2130
2134
2130
2124
2128
2139
2141
2141
2148
2143
2132
2132
2133
2145
2158
2148
2139
2151
2164
2167
2163
2156
2147
2136
2137
2136
2120
2133
2158
2135
2115
2123
2116
2109
2123
2125
2104
2098
2134
2158
2124
2093
2110
2128
2127
2127
2122
2111
2115
2135
2131
2103
2106
2122
2111
2100
2103
2113
2115
2110
2104
2101
2101
2107
2107
2109
2120
2115
2104
2108
2101
2096
2117
2130
2123
2119
2118
2124
2137
2141
2140
2139
2132
2130
2139
2145
2137
2127
2128
2128
2118
2119
2137
2137
2121
2116
2129
2131
2122
2125
2128
2129
2127
2120
2121
2130
2128
2117
2120
2126
2120
2120
2126
2121
2124
2138
2140
2128
2126
2133
2133
2128
2134
2140
2135
2129
2129
2131
2132
2126
2123
2129
2126
2118
2124
2134
2129
2126
2130
2132
2130
2132
2130
2125
2128
2132
2129
2129
2132
2132
2129
2130
2135
2139
2139
2140
2140
2129
2118
2119
2123
2123
2124
2126
2126
2128
2135
2134
2123
2121
2126
2130
2135
2136
2131
2132
2139
2140
2137
2134
2138
2141
2138
2137
2134
2127
2135
2142
2138
2138
2136
2128
2129
2134
2135
2138
2141
2139
2137
2140
2145
2147
2145
2140
2130
2126
2131
2143
2149
2142
2136
2145
2149
2142
2138
2136
2136
2138
2138
2138
2139
2140
2145
2149
2138
2128
2137
2129
2122
2126
2136
2140
2133
2129
2132
2131
2130
2134
2132
2131
2133
2130
2132
2141
2144
2139
2136
2133
2128
2124
2124
2123
2124
2129
2135
2131
2126
2130
2128
2121
2126
2128
2117
2117
2127
2122
2119
2136
2142
2132
2129
2133
2130
2128
2130
2133
2139
2139
2136
2138
2139
2133
2129
2131
2130
2129
2136
2137
2130
2133
2141
2139
2137
2140
2140
2139
2135
2136
2147
2152
2138
2128
2131
2131
2127
2129
2131
2129
2125
2121
2118
2119
2121
2122
2123
2120
2120
2118
2127
2136
2132
2129
2131
2125
2124
2127
2120
2114
2115
2119
2126
2127
2116
2116
2125
2123
2125
2131
2125
2121
2130
2135
2128
2124
2125
2132
2137
2133
2132
2140
2143
2134
2127
2127
2124
2117
2115
2124
2123
2116
2116
2125
2130
2131
2131
2126
2119
2125
2138
2136
2128
2134
2141
2138
2131
2135
2138
2130
2132
2140
2132
2115
2117
2127
2127
2121
2120
2121
2124
2129
2125
2119
2128
2132
2120
2111
2114
2116
2117
2121
2126
2133
2138
2134
2132
2137
2138
2131
2131
2134
2131
2139
2153
2150
2141
2143
2146
2143
2140
2135
2144
2152
2137
2120
2120
2121
2114
2113
2121
2122
2117
2119
2129
2123
2106
2105
2116
2118
2114
2116
2122
2120
2111
2102
2101
2111
2117
2114
2119
2128
2127
2120
2120
2122
2126
2127
2123
2120
2120
2122
2126
2129
2136
2141
2137
2136
2138
2135
2129
2129
2128
2121
2116
2121
2126
2124
2122
2125
2126
2125
2121
2121
2134
2136
2113
2116
2116
2117
2123
2126
2131
2135
2143
2147
2142
2138
2137
2139
2143
2141
2131
2131
2137
2137
2141
2149
2141
2131
2138
2140
2133
2134
2142
2141
2138
2140
2145
2144
2138
2138
2140
2136
2134
2136
2134
2128
2122
2121
2127
2128
2121
2125
2133
2122
2112
2117
2120
2113
2111
2116
2114
2105
2105
2114
2117
2117
2122
2122
2127
2135
2134
2129
2128
2132
2132
2125
2121
2127
2128
2124
2130
2134
2131
2136
2142
2136
2131
2137
2141
2134
2126
2129
2137
2140
2139
2138
2136
2132
2129
2128
2131
2139
2140
2136
2141
2150
2148
2141
2145
2148
2140
2133
2137
2139
2136
2140
2148
2142
2137
2138
2140
2141
2140
2141
2145
2145
2141
2149
2158
2150
2136
2132
2138
2137
2142
2145
2140
2139
2145
2147
2145
2143
2144
2146
2146
2146
2145
2140
2140
2147
2148
2141
2139
2146
2146
2141
2141
2141
2139
2138
2138
2138
2141
2138
2138
2148
2149
2144
2148
2148
2144
2146
2146
2141
2141
2141
2139
2140
2139
2136
2137
2139
2140
2142
2145
2146
2140
2135
2138
2139
2137
2137
2133
2130
2136
2138
2130
2129
2133
2131
2129
2126
2120
2125
2136
2137
2136
2140
2144
2147
2146
2139
2136
2140
2142
2140
2138
2139
2139
2141
2141
2138
2138
2141
2141
2138
2139
2139
2135
2133
2138
2139
2137
2143
2144
2137
2134
2135
2133
2130
2140
2148
2141
2135
2139
2142
2144
2146
2147
2146
2142
2138
2141
2138
2134
2139
2139
2136
2141
2143
2139
2141
2139
2137
2139
2140
2138
2138
2140
2138
2135
2138
2140
2140
2139
2138
2135
2135
2141
2145
2142
2140
2138
2137
2139
2138
2132
2132
2139
2140
2133
2131
2135
2137
2138
2138
2135
2134
2133
2133
2136
2135
2128
2120
2122
2130
2132
2130
2134
2136
2130
2129
2130
2128
2129
2129
2121
2111
2107
2106
2108
2116
2116
2112
2118
2123
2117
2111
2114
2117
2116
2115
2115
2112
2108
2110
2108
2100
2099
2101
2101
2102
2101
2097
2096
2099
2101
2101
2106
2113
2110
2101
2101
2110
2117
2116
2108
2107
2114
2116
2112
2113
2118
2117
2114
2113
2115
2121
2123
2118
2113
2115
2120
2127
2127
2117
2107
2104
2110
2113
2102
2097
2104
2108
2104
2105
2108
2107
2105
2107
2101
2095
2107
2125
2121
2107
2106
2104
2100
2105
2109
2107
2111
2115
2113
2115
2115
2113
2120
2125
2118
2110
2108
2110
2114
2113
2118
2131
2130
2121
2126
2134
2140
2139
2133
2136
2135
2118
2116
2129
2118
2101
2106
2117
2117
2109
2107
2106
2096
2097
2111
2109
2091
2087
2092
2090
2093
2099
2101
2097
2090
2091
2100
2099
2095
2102
2104
2093
2090
2099
2097
2090
2102
2121
2114
2102
2107
2116
2121
2117
2110
2110
2116
2120
2120
2123
2126
2124
2115
2111
2118
2115
2113
2124
2125
2114
2114
2118
2116
2114
2108
2107
2124
2125
2116
2125
2124
2106
2109
2122
2118
2114
2117
2116
2110
2104
2108
2111
2107
2108
2113
2115
2116
2115
2113
2115
2115
2114
2116
2121
2125
2122
2119
2124
2125
2113
2108
2113
2113
2115
2121
2116
2116
2123
2119
2112
2114
2115
2110
2113
2123
2124
2114
2110
2116
2117
2113
2113
2120
2123
2116
2118
2124
2124
2127
2133
2135
2128
2112
2101
2106
2111
2114
2123
2130
2135
2140
2137
2131
2126
2121
2122
2124
2113
2105
2116
2126
2123
2121
2124
2128
2124
2115
2113
2117
2115
2106
2106
2110
2114
2119
2122
2122
2122
2120
2115
2112
2115
2116
2114
2114
2118
2116
2107
2106
2113
2117
2117
2121
2125
2124
2121
2126
2132
2126
2117
2122
2131
2131
2133
2138
2134
2127
2129
2135
2130
2125
2128
2132
2134
2137
2134
2134
2140
2138
2135
2138
2134
2129
2136
2140
2138
2140
2140
2143
2147
2135
2130
2145
2154
2148
2146
2151
2151
2147
2149
2157
2156
2145
2143
2154
2152
2142
2146
2155
2149
2143
2141
2138
2136
2141
2148
2147
2142
2141
2136
2131
2144
2148
2129
2122
2132
2127
2118
2125
2124
2116
2113
2111
2113
2114
2115
2122
2126
2119
2110
2108
2106
2105
2106
2108
2103
2100
2105
2106
2097
2096
2103
2107
2106
2099
2092
2084
2076
2075
2075
2070
2066
2066
2063
2055
2053
2051
2045
2039
2033
2030
2045
2058
2049
2042
2048
2045
2036
2032
2029
2028
2029
2029
2032
2032
2024
2024
2030
2033
2030
2027
2032
2038
2037
2037
2040
2036
2036
2038
2038
2042
2043
2037
2036
2041
2039
2038
2044
2042
2030
2032
2044
2040
2034
2036
2037
2047
2043
2042
2047
2043
2038
2043
2052
2058
2054
2053
2059
2057
2049
2049
2048
2044
2049
2051
2043
2044
2052
2048
2045
2051
2050
2047
2051
2051
2051
2059
2061
2057
2057
2059
2057
2058
2062
2060
2055
2057
2059
2059
2058
2061
2066
2066
2061
2059
2064
2065
2064
2065
2065
2070
2078
2075
2066
2070
2075
2072
2072
2079
2078
2069
2070
2083
2084
2077
2084
2093
2093
2097
2100
2096
2098
2101
2094
2092
2097
2091
2084
2090
2093
2085
2086
2094
2095
2087
2081
2087
2089
2087
2090
2088
2078
2078
2084
2087
2089
2092
2093
2094
2091
2088
2089
2093
2093
2092
2091
2090
2094
2097
2092
2091
2104
2110
2100
2097
2103
2102
2092
2089
2094
2097
2100
2100
2098
2098
2098
2102
2107
2111
2114
2116
2113
2109
2109
2108
2109
2114
2115
2109
2106
2109
2105
2105
2114
2117
2120
2123
2119
2114
2113
2108
2104
2108
2107
2106
2114
2114
2109
2112
2112
2109
2114
2118
2113
2113
2116
2113
2109
2113
2118
2113
2108
2106
2101
2096
2098
2099
2100
2107
2111
2113
2117
2122
2125
2131
2137
2143
2148
2149
2151
2155
2158
2161
2161
2160
2164
2164
2156
2153
2156
2154
2147
2146
2146
2142
2135
2136
2143
2143
2135
2139
2149
2145
2135
2140
2147
2147
2148
2152
2155
2158
2164
2163
2159
2166
2176
2174
2172
2177
2174
2168
2171
2172
2166
2163
2159
2153
2154
2155
2150
2151
2158
2154
2151
2159
2165
2162
2166
2169
2163
2164
2165
2174
2185
2179
2178
2193
2200
2199
2206
2214
2211
2211
2219
2217
2214
2226
2236
2232
2228
2229
2233
2237
2240
2242
2237
2233
2236
2237
2233
2231
2230
2230
2234
2231
2221
2218
2223
2218
2210
2215
2222
2224
2224
2221
2223
2231
2232
2227
2231
2229
2217
2212
2219
2225
2219
2212
2211
2212
2209
2211
2214
2211
2210
2209
2203
2204
2210
2206
2194
2194
2201
2205
2210
2213
2210
2213
2215
2209
2216
2235
2233
2218
2218
2223
2221
2215
2210
2208
2206
2201
2201
2204
2201
2199
2198
2194
2192
2191
2186
2185
2193
2196
2188
2183
2186
2188
2185
2188
2193
2193
2185
2179
2181
2183
2180
2178
2178
2178
2179
2183
2179
2170
2169
2177
2180
2173
2168
2174
2178
2177
2175
2173
2177
2181
2178
2175
2177
2177
2171
2169
2170
2166
2161
2161
2162
2164
2167
2165
2166
2170
2166
2160
2163
2168
2166
2161
2161
2162
2161
2162
2162
2155
2152
2155
2153
2150
2161
2167
2156
2151
2159
2164
2160
2156
2156
2157
2159
2160
2161
2161
2162
2161
2156
2151
2150
2153
2155
2156
2154
2154
2157
2150
2144
2153
2158
2149
2144
2148
2147
2144
2148
2153
2156
2156
2155
2158
2160
2154
2147
2150
2155
2156
2154
2154
2155
2155
2155
2155
2154
2154
2155
2155
2154
2153
2158
2163
2156
2150
2154
2156
2154
2154
2155
2156
2153
2148
2150
2155
2153
2146
2140
2142
2148
2147
2144
2151
2155
2154
2154
2150
2145
2149
2155
2146
2140
2150
2158
2147
2147
2145
2144
2149
2148
2144
2145
2147
2143
2140
2141
2141
2134
2129
2131
2135
2132
2126
2126
2130
2127
2118
2115
2118
2120
2123
2124
2122
2126
2132
2128
2120
2122
2127
2123
2120
2122
2119
2113
2116
2123
2123
2122
2123
2125
2126
2126
2126
2130
2134
2133
2127
2129
2136
2135
2130
2131
2131
2124
2123
2127
2127
2123
2121
2123
2124
2117
2109
2110
2115
2115
2108
2107
2111
2114
2113
2110
2107
2110
2115
2113
2115
2128
2136
2133
2130
2131
2132
2132
2130
2129
2128
2127
2129
2132
2133
2133
2128
2125
2129
2133
2129
2130
2138
2138
2132
2129
2132
2139
2140
2139
2136
2135
2139
2140
2133
2130
2138
2139
2134
2136
2139
2131
2129
2136
2135
2131
2145
2141
2139
2140
2139
2138
2139
2138
2136
2138
2138
2135
2135
2137
2138
2139
2139
2140
2145
2149
2143
2139
2140
2134
2128
2135
2136
2127
2132
2141
2134
2130
2138
2139
2131
2129
2129
2125
2129
2140
2141
2135
2138
2143
2140
2138
2139
2141
2141
2138
2137
2142
2138
2129
2133
2139
2132
2128
2135
2139
2141
2144
2146
2146
2146
2150
2150
2145
2141
2139
2137
2137
2140
2138
2133
2130
2130
2132
2137
2136
2135
2139
2140
2141
2147
2150
2147
2145
2146
2146
2146
2147
2147
2149
2156
2155
2142
2141
2147
2146
2145
2144
2138
2137
2139
2133
2127
2128
2129
2125
2121
2125
2135
2136
2131
2128
2126
2127
2136
2141
2139
2137
2134
2129
2129
2136
2140
2133
2136
2140
2138
2144
2149
2143
2138
2140
2139
2137
2138
2135
2130
2128
2125
2123
2125
2124
2122
2122
2123
2126
2123
2116
2113
2112
2110
2110
2111
2117
2125
2130
2132
2132
2122
2110
2109
2114
2117
2122
2130
2132
2131
2133
2132
2133
2131
2121
2112
2108
2107
2112
2120
2123
2126
2124
2114
2112
2116
2108
2099
2104
2111
2119
2125
2127
2135
2140
2126
2111
2117
2126
2125
2121
2121
2123
2127
2137
2148
2148
2140
2141
2151
2150
2139
2135
2138
2139
2138
2139
2133
2126
2133
2139
2136
2140
2143
2140
2137
2133
2132
2137
2141
2143
2148
2146
2141
2142
2142
2138
2133
2134
2137
2137
2138
2139
2141
2141
2139
2142
2147
2146
2140
2136
2135
2137
2139
2132
2123
2116
2106
2105
2107
2108
2111
2111
2106
2108
2110
2106
2105
2111
2114
2118
2123
2121
2116
2116
2116
2109
2105
2111
2117
2116
2112
2115
2121
2128
2131
2122
2114
2114
2115
2114
2113
2114
2116
2110
2104
2108
2113
2114
2119
2119
2114
2114
2117
2116
2114
2114
2112
2113
2117
2119
2118
2123
2125
2121
2119
2121
2122
2123
2122
2122
2123
2117
2116
2125
2129
2124
2125
2123
2118
2126
2130
2122
2123
2131
2133
2131
2132
2129
2127
2132
2128
2117
2113
2116
2117
2120
2122
2121
2124
2131
2133
2128
2126
2132
2133
2134
2142
2147
2146
2147
2147
2144
2142
2140
2138
2137
2136
2142
2149
2141
2129
2132
2138
2137
2137
2137
2132
2131
2138
2140
2139
2142
2145
2145
2146
2143
2139
2143
2148
2147
2147
2146
2146
2151
2149
2139
2141
2149
2146
2145
2151
2145
2136
2140
2148
2147
2145
2146
2147
2149
2148
2146
2152
2153
2147
2151
2155
2149
2148
2156
2158
2153
2151
2154
2152
2148
2152
2154
2146
2139
2140
2141
2137
2130
2127
2130
2131
2123
2121
2127
2126
2123
2124
2123
2120
2122
2123
2124
2130
2132
2132
2132
2125
2120
2127
2132
2127
2129
2137
2141
2141
2139
2138
2138
2138
2141
2145
2146
2146
2142
2138
2136
2134
2131
2133
2135
2132
2131
2137
2141
2138
2136
2139
2139
2139
2138
2138
2137
2132
2132
2138
2140
2140
2139
2133
2128
2126
2125
2133
2137
2134
2134
2134
2135
2144
2150
2149
2144
2141
2137
2131
2141
2138
2128
2131
2130
2120
2124
2130
2130
2133
2134
2130
2130
2133
2135
2140
2142
2137
2136
2145
2146
2137
2133
2137
2139
2138
2131
2121
2125
2134
2128
2120
2123
2128
2130
2133
2134
2129
2129
2138
2141
2133
2129
2130
2125
2119
2121
2125
2125
2123
2122
2126
2128
2127
2123
2122
2127
2127
2124
2128
2132
2126
2122
2125
2121
2121
2125
2126
2126
2128
2126
2119
2119
2121
2122
2120
2118
2120
2123
2121
2121
2125
2122
2117
2120
2118
2113
2115
2117
2113
2116
2122
2125
2127
2129
2128
2124
2122
2123
2121
2116
2113
2113
2113
2113
2112
2108
2106
2108
2114
2119
2113
2104
2105
2108
2103
2103
2108
2106
2106
2109
2110
2114
2116
2111
2109
2109
2113
2109
2106
2108
2108
2103
2105
2108
2109
2107
2105
2107
2108
2108
2107
2103
2101
2103
2106
2108
2110
2110
2105
2104
2112
2117
2109
2100
2106
2109
2101
2093
2094
2100
2101
2101
2100
2099
2105
2109
2106
2106
2110
2109
2115
2127
2129
2127
2131
2136
2136
2139
2138
2137
2149
2159
2153
2141
2139
2145
2145
2140
2140
2139
2132
2132
2132
2119
2115
2122
2126
2121
2115
2116
2121
2126
2123
2115
2117
2128
2128
2123
2129
2135
2139
2143
2141
2137
2142
2148
2143
2139
2136
2132
2131
2131
2128
2129
2128
2117
2116
2122
2123
2122
2121
2119
2111
2108
2113
2115
2113
2115
2120
2114
2111
2115
2112
2108
2112
2115
2116
2120
2126
2128
2128
2129
2131
2130
2131
2134
2139
2143
2141
2137
2144
2156
2155
2148
2148
2148
2147
2146
2143
2140
2139
2134
2128
2125
2119
2116
2121
2125
2123
2123
2123
2116
2112
2118
2123
2122
2122
2122
2127
2136
2136
2129
2129
2135
2139
2139
2140
2143
2148
2150
2145
2141
2143
2145
2141
2138
2139
2137
2132
2130
2129
2127
2130
2133
2126
2120
2123
2125
2122
2115
2112
2119
2126
2123
2121
2127
2130
2129
2130
2131
2128
2127
2129
2129
2127
2124
2121
2117
2117
2116
2114
2114
2114
2117
2122
2125
2126
2123
2117
2115
2116
2115
2115
2112
2111
2116
2116
2108
2105
2109
2107
2101
2098
2093
2090
2092
2093
2091
2092
2092
2092
2094
2091
2089
2093
2094
2090
2091
2093
2091
2090
2090
2095
2097
2095
2094
2093
2093
2096
2101
2103
2099
2092
2088
2093
2097
2089
2083
2091
2100
2094
2087
2086
2086
2087
2094
2101
2100
2095
2090
2089
2096
2100
2098
2100
2102
2103
2105
2102
2098
2104
2110
2106
2099
2099
2102
2103
2102
2104
2108
2107
2107
2112
2117
2115
2113
2116
2114
2105
2100
2106
2109
2106
2111
2116
2109
2102
2105
2109
2108
2108
2110
2113
2116
2114
2110
2108
2109
2113
2115
2110
2110
2116
2117
2112
2110
2112
2116
2116
2114
2115
2115
2114
2117
2116
2107
2111
2122
2116
2109
2118
2127
2121
2113
2118
2129
2130
2129
2133
2132
2129
2136
2141
2139
2136
2134
2131
2128
2125
2123
2127
2130
2130
2132
2134
2133
2132
2128
2118
2112
2104
2115
2126
2123
2120
2125
2126
2123
2124
2123
2117
2113
2115
2116
2115
2118
2124
2127
2122
2117
2117
2117
2117
2118
2117
2115
2110
2108
2110
2114
2114
2115
2117
2117
2117
2116
2115
2115
2116
2116
2114
2116
2121
2118
2114
2118
2115
2104
2104
2114
2120
2124
2121
2117
2123
2126
2118
2116
2120
2119
2114
2117
2128
2134
2132
2129
2130
2130
2127
2128
2133
2130
2126
2128
2131
2124
2116
2116
2117
2116
2116
2117
2117
2119
2120
2114
2107
2107
2113
2116
2116
2115
2117
2117
2116
2117
2117
2117
2124
2132
2128
2122
2123
2125
2122
2122
2128
2130
2125
2126
2132
2132
2127
2128
2131
2131
2130
2133
2138
2139
2138
2133
2130
2134
2138
2132
2127
2130
2126
2129
2131
2130
2133
2136
2129
2123
2127
2132
2135
2136
2131
2125
2124
2128
2131
2128
2122
2120
2126
2134
2138
2139
2140
2140
2143
2146
2142
2140
2141
2140
2139
2144
2149
2146
2140
2143
2147
2146
2143
2140
2141
2145
2142
2139
2150
2157
2149
2146
2154
2154
2146
2145
2149
2147
2139
2137
2146
2153
2155
2157
2155
2147
2139
2132
2131
2131
2124
2121
2125
2124
2121
2125
2133
2132
2126
2129
2135
2129
2123
2127
2133
2132
2129
2136
2139
2132
2132
2141
2140
2128
2122
2126
2130
2129
2125
2126
2130
2131
2130
2135
2139
2132
2122
2117
2116
2117
2124
2131
2130
2125
2123
2125
2127
2125
2122
2122
2124
2123
2121
2123
2128
2132
2130
2129
2129
2127
2120
2116
2118
2123
2123
2123
2126
2124
2123
2125
2126
2125
2122
2116
2115
2121
2124
2117
2116
2125
2129
2127
2129
2132
2128
2125
2129
2133
2130
2124
2122
2124
2125
2124
2124
2126
2131
2136
2134
2128
2133
2140
2137
2135
2143
2144
2134
2131
2133
2129
2122
2120
2120
2121
2126
2136
2141
2141
2138
2135
2129
2126
2127
2130
2135
2140
2139
2139
2145
2146
2138
2138
2144
2144
2141
2138
2134
2130
2132
2134
2132
2132
2136
2132
2115
2110
2121
2123
2118
2121
2129
2130
2131
2132
2132
2132
2131
2132
2137
2142
2142
2141
2140
2136
2136
2141
2142
2135
2134
2140
2139
2129
2127
2135
2137
2130
2133
2140
2138
2140
2146
2141
2135
2138
2139
2138
2141
2148
2141
2138
2145
2148
2143
2138
2138
2137
2136
2138
2141
2138
2133
2132
2131
2131
2128
2127
2127
2124
2122
2126
2126
2127
2131
2127
2123
2122
2116
2114
2119
2115
2111
2120
2127
2123
2121
2124
2123
2121
2122
2123
2123
2124
2122
2120
2120
2120
2119
2121
2123
2124
2124
2125
2126
2127
2125
2124
2128
2129
2125
2123
2127
2127
2121
2120
2122
2124
2124
2128
2131
2131
2132
2136
2138
2138
2140
2138
2133
2135
2134
2130
2128
2132
2137
2140
2139
2139
2140
2138
2138
2140
2138
2137
2139
2139
2140
2146
2147
2142
2137
2142
2148
2146
2143
2147
2153
2154
2151
2145
2139
2137
2139
2140
2143
2146
2148
2143
2140
2143
2144
2141
2145
2149
2146
2149
2156
2155
2148
2148
2148
2147
2145
2145
2145
2148
2155
2156
2155
2155
2148
2138
2136
2142
2148
2153
2155
2154
2157
2153
2148
2150
2151
2145
2143
2145
2141
2138
2142
2146
2147
2148
2148
2149
2148
2147
2147
2145
2144
2145
2142
2142
2147
2145
2141
2145
2140
2132
2136
2141
2141
2145
2148
2147
2149
2147
2144
2146
2146
2148
2153
2154
2151
2147
2148
2153
2155
2155
2155
2154
2154
2155
2156
2154
2150
2146
2146
2148
2145
2143
2153
2159
2150
2144
2147
2147
2149
2154
2152
2149
2147
2140
2137
2139
2140
2141
2138
2135
2138
2140
2137
2138
2140
2139
2138
2137
2138
2138
2137
2136
2133
2133
2135
2133
2126
2124
2124
2125
2127
2123
2122
2123
2119
2115
2120
2129
2133
2132
2132
2135
2134
2134
2137
2138
2134
2131
2130
2129
2132
2133
2130
2134
2141
2141
2140
2146
2147
2141
2136
2133
2132
2133
2132
2127
2123
2124
2129
2129
2129
2127
2119
2122
2136
2136
2128
2131
2135
2131
2132
2135
2130
2124
2129
2138
2140
2138
2137
2139
2139
2134
2134
2138
2141
2139
2135
2126
2124
2132
2130
2122
2126
2131
2123
2120
2126
2126
2119
2118
2122
2121
2120
2123
2120
2114
2115
2115
2112
2118
2123
2123
2124
2125
2119
2114
2118
2122
2122
2120
2121
2121
2119
2120
2123
2120
2115
2114
2114
2115
2117
2116
2114
2114
2117
2115
2114
2117
2120
2122
2119
2112
2107
2111
2115
2115
2118
2127
2132
2133
2135
2135
2135
2138
2138
2137
2143
2145
2146
2148
2148
2147
2146
2150
2150
2146
2149
2154
2150
2147
2150
2144
2146
2157
2153
2145
2148
2151
2147
2139
2131
2128
2131
2136
2138
2134
2127
2120
2115
2119
2127
2124
2121
2129
2134
2127
2130
2142
2140
2131
2132
2130
2130
2143
2144
2136
2150
2161
2149
2143
2148
2141
2136
2137
2137
2137
2143
2147
2146
2144
2138
2133
2132
2126
2118
2120
2124
2125
2129
2134
2129
2129
2140
2140
2132
2127
2123
2124
2129
2124
2119
2128
2131
2124
2125
2131
2134
2130
2126
2128
2133
2131
2123
2120
2126
2125
2119
2129
2140
2135
2127
2126
2127
2131
2138
2142
2147
2142
2134
2132
2130
2132
2139
2142
2138
2132
2131
2130
2126
2120
2121
2123
2117
2114
2130
2130
2122
2125
2140
2141
2133
2137
2142
2139
2138
2140
2140
2139
2140
2137
2134
2131
2133
2140
2139
2132
2134
2136
2132
2131
2132
2129
2130
2133
2126
2115
2114
2118
2112
2105
2104
2105
2108
2108
2107
2108
2106
2102
2107
2115
2116
2117
2123
2133
2141
2142
2138
2136
2141
2140
2132
2132
2137
2135
2130
2127
2125
2125
2122
2116
2116
2118
2113
2107
2106
2108
2106
2104
2104
2107
2108
2103
2098
2101
2100
2095
2092
2093
2097
2105
2102
2097
2104
2109
2102
2099
2103
2100
2088
2083
2087
2089
2088
2090
2092
2092
2092
2091
2091
2093
2088
2085
2085
2081
2085
2096
2094
2088
2091
2093
2091
2087
2085
2093
2100
2098
2097
2099
2096
2093
2101
2103
2102
2111
2102
2103
2117
2115
2103
2106
2113
2117
2117
2111
2106
2108
2116
2113
2107
2113
2110
2100
2106
2114
2112
2113
2115
2114
2115
2113
2107
2108
2108
2106
2107
2112
2119
2121
2117
2121
2124
2117
2111
2116
2118
2110
2103
2102
2105
2106
2103
2101
2100
2097
2097
2104
2105
2099
2102
2111
2107
2097
2096
2099
2099
2097
2098
2098
2097
2101
2106
2108
2107
2099
2091
2091
2093
2090
2089
2092
2091
2091
2100
2113
2121
2123
2128
2133
2135
2141
2147
2151
2153
2158
2164
2163
2154
2154
2161
2160
2152
2147
2150
2149
2145
2146
2146
2141
2145
2155
2155
2154
2153
2154
2162
2160
2144
2139
2145
2145
2144
2146
2147
2146
2144
2147
2154
2156
2155
2156
2157
2156
2155
2152
2147
2139
2135
2146
2154
2144
2140
2148
2147
2146
2154
2159
2158
2149
2137
2139
2146
2142
2134
2134
2133
2130
2129
2133
2129
2124
2128
2128
2123
2129
2137
2128
2119
2126
2138
2137
2130
2132
2134
2132
2130
2121
2113
2114
2116
2114
2115
2118
2115
2115
2118
2111
2100
2100
2102
2096
2090
2090
2094
2102
2107
2107
2105
2098
2096
2101
2099
2093
2089
2090
2093
2091
2088
2091
2094
2097
2100
2100
2099
2101
2103
2107
2108
2104
2102
2102
2101
2101
2104
2108
2109
2107
2107
2111
2111
2107
2105
2107
2107
2105
2105
2108
2109
2110
2110
2108
2109
2115
2114
2108
2111
2115
2117
2120
2118
2114
2111
2107
2106
2108
2109
2110
2117
2122
2124
2122
2122
2124
2122
2115
2113
2112
2114
2122
2127
2123
2121
2124
2127
2125
2121
2122
2124
2122
2124
2131
2131
2130
2131
2132
2131
2129
2125
2124
2126
2125
2123
2123
2124
2125
2121
2120
2126
2131
2132
2137
2146
2147
2140
2138
2139
2132
2125
2130
2140
2137
2133
2140
2146
2145
2147
2150
2144
2137
2140
2149
2149
2142
2144
2153
2152
2145
2144
2150
2150
2148
2145
2141
2143
2145
2136
2129
2132
2131
2121
2122
2131
2133
2132
2130
2124
2124
2123
2119
2128
2141
2141
2137
2138
2137
2139
2140
2137
2139
2139
2131
2131
2140
2141
2138
2142
2145
2145
2148
2148
2146
2147
2146
2142
2142
2146
2148
2146
2145
2149
2151
2144
2143
2152
2152
2152
2163
2153
2151
2157
2147
2133
2134
2135
2129
2125
2124
2123
2122
2121
2116
2108
2105
2114
2117
2109
2113
2124
2118
2108
2108
2108
2108
2113
2119
2119
2115
2113
2119
2126
2126
2122
2123
2126
2129
2134
2135
2130
2128
2134
2143
2146
2148
2148
2143
2139
2136
2136
2144
2145
2135
2136
2147
2149
2148
2147
2141
2139
2142
2139
2134
2136
2144
2149
2144
2131
2132
2142
2142
2140
2144
2145
2142
2142
2140
2139
2148
2147
2133
2139
2158
2151
2136
2144
2153
2150
2150
2154
2149
2140
2138
2140
2137
2132
2132
2131
2134
2145
2148
2138
2140
2149
2145
2137
2138
2145
2147
2140
2143
2151
2145
2137
2138
2134
2136
2141
2134
2129
2136
2135
2129
2129
2135
2139
2140
2141
2143
2146
2148
2146
2148
2148
2140
2140
2148
2148
2143
2151
2160
2151
2133
2130
2139
2142
2139
2138
2139
2140
2139
2139
2143
2143
2144
2147
2135
2129
2147
2155
2145
2140
2139
2134
2137
2145
2132
2126
2155
2163
2130
2121
2132
2123
2120
2125
2120
2128
2140
