2160
2165
2158
2152
2152
2156
2158
2156
2151
2152
2156
2157
2149
2146
2158
2161
2151
2150
2151
2146
2146
2147
2143
2145
2150
2147
2144
2147
2148
2142
2136
2136
2139
2138
2136
2134
2129
2125
2123
2121
2122
2123
2121
2120
2123
2123
2125
2133
2133
2124
2127
2134
2127
2119
2122
2129
2128
2123
2126
2127
2125
2132
2140
2132
2127
2133
2137
2138
2141
2145
2147
2147
2143
2147
2162
2156
2136
2139
2151
2145
2149
2161
2152
2138
2141
2151
2153
2156
2158
2155
2154
2150
2145
2151
2154
2147
2149
2152
2150
2155
2150
2145
2160
2159
2138
2138
2150
2148
2144
2147
2151
2153
2154
2155
2153
2147
2146
2149
2153
2145
2136
2151
2158
2140
2133
2144
2146
2143
2147
2146
2147
2152
2153
2151
2148
2144
2145
2148
2148
2148
2148
2147
2146
2142
2138
2139
2140
2140
2140
2139
2140
2139
2131
2132
2139
2135
2129
2133
2138
2137
2136
2137
2135
2130
2129
2132
2131
2129
2129
2130
2134
2138
2134
2130
2136
2141
2136
2132
2133
2132
2129
2130
2132
2134
2137
2140
2137
2132
2131
2131
2130
2130
2132
2136
2137
2132
2129
2132
2135
2136
2130
2127
2130
2132
2131
2133
2130
2130
2136
2136
2128
2125
2132
2136
2131
2127
2132
2133
2128
2128
2129
2123
2122
2124
2123
2122
2130
2134
2127
2125
2128
2130
2134
2132
2124
2126
2133
2129
2130
2134
2128
2122
2127
2129
2129
2132
2129
2120
2121
2124
2124
2127
2127
2122
2124
2129
2132
2131
2131
2132
2130
2124
2119
2121
2125
2123
2123
2126
2128
2129
2132
2132
2127
2127
2131
2125
2114
2123
2133
2124
2120
2126
2125
2119
2120
2126
2126
2122
2120
2123
2129
2132
2135
2139
2127
2122
2133
2132
2138
2151
2139
2132
2140
2154
2162
2152
2138
2131
2127
2137
2138
2117
2138
2160
2122
2095
2101
2102
2110
2120
2114
2099
2088
2121
2149
2107
2070
2095
2107
2098
2106
2104
2090
2101
2126
2119
2091
2100
2118
2103
2090
2098
2109
2107
2097
2096
2095
2096
2105
2109
2108
2119
2117
2101
2098
2101
2106
2118
2123
2117
2109
2106
2114
2123
2122
2124
2127
2116
2110
2118
2124
2117
2105
2110
2116
2108
2113
2124
2113
2103
2115
2126
2124
2116
2124
2134
2128
2120
2120
2123
2123
2121
2121
2123
2124
2120
2126
2133
2129
2128
2134
2131
2121
2122
2131
2130
2128
2135
2131
2122
2123
2124
2125
2129
2126
2123
2129
2123
2117
2127
2134
2131
2129
2130
2129
2131
2132
2128
2132
2139
2134
2129
2135
2138
2131
2128
2136
2142
2136
2136
2147
2146
2130
2125
2131
2132
2130
2129
2127
2128
2134
2138
2135
2129
2129
2129
2130
2132
2130
2128
2135
2140
2139
2136
2139
2147
2146
2137
2140
2145
2137
2135
2143
2146
2148
2147
2142
2144
2147
2144
2142
2143
2140
2141
2147
2153
2154
2153
2151
2145
2139
2138
2148
2156
2144
2132
2148
2164
2152
2146
2154
2154
2145
2142
2145
2146
2149
2155
2157
2150
2145
2147
2146
2141
2140
2146
2149
2144
2142
2146
2147
2146
2146
2147
2146
2141
2138
2140
2148
2147
2142
2145
2149
2147
2144
2142
2142
2140
2138
2145
2146
2139
2143
2144
2140
2146
2147
2131
2127
2139
2136
2133
2149
2155
2137
2134
2145
2143
2139
2139
2143
2149
2141
2135
2142
2143
2138
2137
2139
2142
2147
2149
2149
2144
2142
2146
2145
2139
2139
2140
2142
2138
2132
2140
2147
2139
2134
2141
2138
2130
2129
2134
2139
2138
2135
2138
2145
2142
2138
2139
2139
2139
2136
2141
2149
2145
2139
2139
2137
2136
2136
2131
2126
2128
2133
2139
2139
2131
2133
2136
2131
2134
2138
2130
2128
2135
2137
2136
2138
2137
2138
2140
2134
2131
2138
2142
2135
2133
2137
2138
2137
2139
2140
2143
2141
2136
2138
2138
2141
2147
2143
2134
2136
2142
2140
2136
2138
2139
2133
2132
2138
2140
2136
2138
2141
2137
2129
2133
2141
2141
2136
2138
2137
2135
2136
2135
2129
2136
2148
2136
2121
2127
2132
2129
2129
2132
2136
2142
2139
2135
2141
2142
2133
2129
2132
2133
2134
2137
2134
2131
2136
2139
2140
2139
2134
2143
2157
2148
2135
2138
2141
2136
2138
2141
2139
2137
2143
2148
2139
2130
2136
2140
2138
2136
2139
2143
2145
2136
2128
2128
2130
2130
2132
2138
2141
2136
2131
2129
2129
2130
2130
2128
2129
2131
2130
2128
2128
2136
2139
2131
2128
2134
2133
2131
2139
2138
2130
2133
2139
2134
2132
2136
2133
2130
2132
2130
2129
2133
2133
2129
2129
2127
2129
2131
2129
2127
2131
2135
2133
2131
2132
2134
2137
2137
2133
2129
2129
2131
2134
2137
2139
2137
2135
2137
2137
2132
2130
2133
2133
2131
2132
2133
2132
2130
2131
2131
2129
2128
2125
2123
2123
2123
2122
2123
2123
2121
2128
2135
2127
2119
2124
2126
2124
2128
2134
2131
2125
2127
2132
2133
2132
2133
2130
2130
2136
2139
2133
2129
2134
2134
2129
2128
2129
2129
2129
2132
2130
2130
2136
2139
2133
2133
2139
2139
2134
2132
2130
2131
2133
2132
2126
2123
2125
2124
2121
2125
2131
2128
2123
2128
2134
2132
2124
2126
2129
2126
2121
2122
2127
2127
2123
2123
2125
2124
2121
2126
2130
2126
2122
2123
2123
2122
2123
2124
2124
2124
2120
2122
2126
2132
2130
2123
2126
2132
2133
2130
2131
2131
2131
2131
2131
2130
2129
2129
2131
2131
2129
2127
2130
2130
2125
2123
2124
2126
2130
2130
2130
2130
2125
2126
2130
2130
2129
2129
2129
2133
2137
2133
2130
2131
2132
2131
2131
2132
2133
2132
2130
2131
2132
2130
2131
2133
2131
2132
2133
2132
2131
2130
2129
2130
2130
2126
2122
2126
2130
2126
2121
2121
2123
2123
2127
2131
2131
2132
2131
2131
2133
2134
2133
2129
2126
2128
2131
2126
2124
2126
2123
2123
2131
2130
2127
2131
2131
2124
2124
2129
2129
2129
2132
2132
2130
2130
2130
2128
2126
2129
2132
2130
2130
2130
2129
2130
2130
2128
2130
2127
2125
2130
2130
2124
2128
2133
2130
2129
2132
2130
2130
2131
2131
2131
2132
2129
2127
2126
2122
2123
2126
2127
2125
2123
2123
2122
2121
2122
2125
2123
2122
2123
2122
2123
2124
2121
2121
2124
2120
2116
2120
2123
2122
2121
2122
2121
2122
2120
2122
2126
2124
2120
2120
2122
2123
2123
2122
2127
2131
2126
2120
2120
2121
2123
2127
2122
2115
2115
2117
2117
2122
2125
2121
2122
2126
2125
2122
2125
2129
2126
2123
2122
2116
2114
2122
2125
2122
2127
2131
2127
2122
2123
2124
2123
2122
2122
2121
2124
2128
2126
2122
2122
2122
2127
2130
2123
2118
2122
2121
2114
2118
2124
2123
2121
2116
2115
2122
2125
2120
2121
2128
2131
2132
2132
2129
2122
2123
2133
2133
2123
2122
2129
2132
2130
2130
2133
2132
2128
2130
2123
2118
2129
2142
2141
2129
2123
2123
2123
2126
2129
2126
2123
2123
2123
2123
2122
2123
2131
2136
2129
2123
2122
2121
2121
2123
2124
2124
2123
2124
2123
2124
2143
2143
2121
2127
2138
2122
2124
2138
2125
2116
2127
2134
2134
2126
2151
2207
2220
2202
2201
2184
2143
2122
2116
2111
2115
2117
2118
2116
2109
2110
2115
2115
2123
2127
2116
2112
2117
2116
2113
2119
2130
2134
2131
2125
2126
2139
2151
2141
2128
2134
2141
2141
2139
2145
2152
2150
2140
2146
2157
2149
2141
2150
2155
2152
2153
2153
2162
2170
2150
2145
2173
2174
2158
2162
2147
2125
2139
2152
2143
2144
2141
2130
2132
2136
2143
2152
2144
2133
2138
2142
2136
2137
2145
2145
2143
2142
2140
2145
2148
2143
2146
2149
2146
2145
2137
2130
2136
2141
2139
2141
2150
2147
2139
2144
2148
2139
2138
2146
2149
2144
2133
2132
2144
2146
2137
2138
2143
2140
2137
2139
2139
2141
2149
2153
2147
2137
2128
2125
2130
2133
2130
2131
2135
2138
2138
2135
2130
2125
2125
2132
2132
2122
2119
2125
2129
2131
2132
2130
2128
2126
2122
2120
2124
2125
2115
2110
2117
2123
2123
2121
2119
2121
2124
2121
2115
2115
2114
2113
2116
2114
2108
2106
2105
2108
2113
2111
2108
2114
2116
2112
2119
2125
2116
2110
2116
2119
2112
2113
2115
2109
2105
2109
2114
2109
2106
2112
2116
2119
2119
2115
2117
2122
2115
2111
2118
2114
2108
2114
2114
2111
2113
2115
2115
2116
2108
2108
2117
2116
2112
2114
2117
2115
2113
2113
2119
2118
2107
2104
2110
2115
2116
2114
2113
2118
2116
2109
2108
2110
2111
2114
2117
2113
2108
2105
2105
2113
2115
2107
2103
2108
2106
2099
2103
2105
2100
2099
2102
2104
2106
2105
2104
2105
2100
2095
2094
2093
2092
2092
2096
2096
2092
2096
2096
2087
2087
2098
2097
2092
2093
2094
2093
2091
2092
2097
2102
2097
2094
2096
2095
2095
2101
2100
2092
2088
2090
2098
2101
2097
2101
2107
2102
2097
2100
2101
2100
2099
2101
2107
2108
2100
2096
2099
2101
2100
2097
2100
2107
2107
2100
2099
2101
2101
2100
2101
2100
2099
2098
2100
2104
2108
2105
2100
2100
2099
2097
2099
2101
2100
2097
2098
2100
2102
2105
2101
2096
2096
2099
2105
2104
2096
2097
2102
2100
2100
2103
2098
2097
2105
2106
2097
2101
2110
2106
2104
2107
2102
2098
2103
2105
2102
2107
2111
2106
2104
2107
2106
2107
2110
2108
2103
2104
2107
2107
2107
2107
2106
2107
2107
2109
2109
2108
2107
2108
2110
2115
2116
2113
2110
2111
2114
2115
2115
2115
2114
2115
2114
2110
2106
2105
2107
2110
2112
2114
2110
2106
2109
2111
2107
2108
2110
2107
2106
2108
2107
2105
2109
2115
2114
2107
2104
2108
2109
2110
2113
2111
2108
2104
2101
2104
2107
2109
2114
2114
2110
2109
2109
2110
2109
2112
2114
2109
2109
2116
2116
2114
2120
2125
2123
2121
2125
2129
2126
2122
2122
2124
2124
2125
2124
2123
2126
2131
2129
2127
2130
2130
2128
2130
2131
2129
2132
2133
2131
2130
2131
2131
2128
2125
2128
2133
2134
2133
2130
2131
2132
2130
2130
2128
2121
2122
2129
2126
2123
2127
2126
2122
2123
2126
2124
2121
2123
2127
2126
2126
2129
2130
2130
2130
2126
2122
2123
2123
2122
2122
2123
2123
2123
2123
2122
2122
2124
2124
2123
2123
2122
2122
2123
2122
2122
2124
2124
2124
2127
2125
2124
2122
2117
2114
2118
2118
2114
2117
2123
2123
2119
2123
2132
2131
2124
2120
2120
2119
2121
2124
2123
2125
2129
2131
2130
2130
2130
2130
2131
2131
2129
2129
2136
2139
2133
2129
2131
2130
2128
2126
2122
2125
2131
2130
2129
2132
2131
2123
2124
2131
2127
2121
2123
2128
2129
2126
2124
2126
2123
2122
2128
2131
2125
2122
2126
2126
2124
2130
2134
2133
2128
2122
2124
2132
2134
2130
2129
2130
2131
2132
2133
2136
2138
2135
2134
2137
2139
2139
2140
2141
2140
2139
2135
2132
2132
2130
2132
2138
2135
2133
2139
2140
2131
2128
2134
2141
2140
2132
2133
2139
2138
2136
2139
2140
2140
2141
2138
2142
2148
2142
2135
2138
2140
2138
2139
2139
2138
2138
2136
2134
2138
2147
2147
2139
2139
2142
2141
2138
2138
2138
2137
2137
2138
2139
2137
2137
2139
2137
2131
2133
2139
2138
2138
2139
2133
2130
2134
2134
2130
2131
2136
2138
2134
2130
2130
2130
2131
2133
2132
2133
2139
2139
2132
2130
2133
2133
2132
2132
2131
2131
2132
2130
2130
2132
2133
2132
2132
2137
2138
2131
2128
2133
2139
2138
2133
2134
2137
2135
2130
2130
2134
2135
2130
2127
2130
2133
2132
2130
2130
2131
2127
2126
2129
2131
2130
2131
2132
2130
2132
2132
2131
2132
2131
2131
2133
2135
2133
2129
2134
2137
2132
2133
2139
2135
2129
2133
2134
2130
2130
2133
2135
2136
2138
2137
2137
2140
2139
2134
2134
2136
2132
2130
2134
2138
2138
2141
2139
2138
2142
2143
2139
2140
2144
2143
2139
2138
2138
2138
2139
2140
2138
2139
2139
2136
2138
2140
2141
2141
2139
2139
2140
2139
2139
2138
2137
2138
2136
2131
2130
2131
2130
2130
2131
2131
2131
2131
2132
2132
2132
2135
2140
2139
2134
2137
2139
2133
2132
2139
2142
2138
2140
2133
2131
2137
2139
2136
2136
2137
2137
2134
2133
2137
2138
2132
2130
2131
2134
2138
2139
2139
2140
2139
2134
2133
2133
2134
2136
2138
2139
2139
2138
2137
2139
2140
2138
2134
2132
2130
2128
2129
2130
2129
2129
2131
2132
2131
2131
2131
2130
2129
2132
2132
2132
2134
2133
2130
2130
2129
2129
2130
2131
2129
2128
2129
2129
2126
2124
2123
2125
2131
2129
2121
2121
2124
2123
2123
2122
2121
2123
2125
2123
2123
2129
2136
2136
2134
2133
2134
2133
2130
2131
2131
2129
2129
2131
2131
2130
2130
2130
2131
2131
2130
2132
2133
2133
2132
2128
2128
2134
2134
2131
2134
2134
2130
2131
2131
2127
2129
2132
2129
2129
2133
2130
2128
2134
2138
2134
2133
2135
2138
2139
2138
2138
2137
2137
2138
2135
2134
2139
2137
2129
2129
2132
2131
2134
2136
2134
2132
2132
2131
2129
2128
2132
2130
2122
2126
2132
2127
2122
2125
2126
2123
2122
2121
2121
2121
2125
2126
2123
2122
2124
2122
2117
2118
2122
2123
2118
2119
2123
2118
2115
2122
2127
2123
2121
2127
2130
2130
2129
2132
2129
2124
2130
2132
2125
2125
2130
2124
2121
2127
2130
2130
2129
2128
2129
2131
2129
2128
2131
2131
2131
2133
2135
2134
2131
2132
2133
2133
2132
2131
2133
2137
2135
2130
2130
2133
2135
2139
2140
2138
2138
2139
2143
2142
2141
2145
2147
2145
2146
2153
2154
2149
2146
2146
2145
2145
2147
2148
2146
2141
2140
2144
2145
2141
2138
2147
2149
2142
2138
2146
2147
2139
2142
2148
2145
2145
2149
2145
2138
2140
2147
2147
2140
2141
2143
2138
2137
2140
2139
2137
2139
2141
2140
2139
2144
2147
2145
2145
2147
2142
2135
2135
2139
2139
2138
2143
2147
2146
2145
2146
2145
2141
2136
2134
2135
2136
2140
2143
2146
2151
2146
2138
2138
2141
2134
2128
2129
2134
2138
2139
2141
2148
2148
2139
2135
2138
2138
2135
2131
2127
2131
2138
2140
2140
2140
2138
2138
2143
2143
2138
2142
2152
2152
2141
2136
2139
2139
2139
2140
2139
2141
2142
2140
2137
2132
2129
2130
2133
2137
2139
2133
2131
2137
2136
2128
2123
2124
2123
2123
2124
2126
2127
2126
2126
2130
2133
2131
2130
2132
2131
2130
2132
2133
2130
2129
2123
2126
2132
2131
2129
2131
2131
2129
2126
2121
2123
2125
2122
2121
2123
2123
2122
2122
2122
2120
2116
2117
2123
2127
2123
2122
2125
2132
2135
2128
2126
2128
2127
2126
2130
2132
2128
2128
2131
2131
2130
2133
2138
2138
2135
2133
2132
2132
2130
2129
2131
2131
2132
2132
2130
2131
2133
2129
2128
2128
2127
2128
2128
2124
2122
2122
2124
2127
2124
2126
2130
2123
2119
2129
2129
2120
2126
2132
2130
2129
2132
2130
2132
2132
2127
2124
2126
2125
2122
2122
2123
2121
2122
2124
2123
2121
2121
2122
2116
2114
2121
2121
2116
2116
2117
2117
2116
2117
2119
2119
2117
2121
2123
2116
2114
2115
2115
2111
2111
2114
2114
2112
2113
2114
2114
2115
2116
2116
2117
2116
2116
2121
2124
2123
2123
2120
2119
2124
2121
2115
2121
2125
2122
2121
2123
2122
2122
2125
2125
2123
2124
2124
2122
2126
2127
2123
2125
2130
2127
2125
2128
2128
2128
2133
2130
2123
2123
2127
2128
2128
2127
2123
2119
2118
2120
2122
2123
2124
2122
2123
2125
2122
2121
2127
2126
2121
2123
2125
2123
2126
2130
2128
2130
2132
2131
2130
2131
2130
2130
2131
2129
2127
2126
2127
2127
2124
2125
2130
2129
2129
2130
2130
2130
2129
2125
2124
2126
2125
2123
2124
2125
2127
2130
2132
2131
2129
2128
2131
2132
2130
2129
2132
2133
2132
2132
2133
2132
2132
2131
2128
2130
2131
2131
2135
2137
2135
2136
2139
2139
2140
2143
2141
2139
2138
2134
2136
2133
2128
2132
2133
2132
2137
2137
2134
2138
2138
2137
2139
2135
2130
2135
2137
2130
2129
2136
2138
2132
2130
2135
2138
2135
2131
2129
2130
2133
2132
2128
2128
2131
2129
2127
2129
2133
2132
2133
2136
2134
2131
2132
2133
2129
2127
2129
2132
2131
2130
2131
2133
2130
2127
2129
2129
2126
2126
2132
2133
2132
2132
2132
2131
2133
2136
2137
2137
2139
2138
2132
2128
2130
2132
2132
2133
2136
2138
2133
2131
2137
2137
2132
2132
2134
2132
2130
2131
2130
2132
2135
2138
2140
2140
2140
2138
2132
2132
2138
2140
2134
2130
2130
2132
2132
2131
2129
2133
2138
2135
2130
2129
2130
2130
2129
2130
2134
2137
2136
2136
2138
2138
2133
2132
2136
2137
2137
2135
2135
2134
2129
2129
2134
2139
2140
2139
2139
2140
2138
2139
2137
2132
2134
2137
2134
2134
2141
2143
2136
2132
2137
2140
2139
2138
2139
2139
2139
2138
2138
2138
2138
2139
2139
2138
2138
2138
2137
2135
2132
2130
2129
2132
2137
2138
2133
2130
2130
2131
2130
2128
2132
2136
2133
2123
2123
2129
2130
2129
2128
2127
2128
2131
2131
2128
2129
2131
2131
2130
2128
2128
2129
2131
2133
2129
2123
2124
2126
2123
2126
2131
2130
2127
2125
2123
2124
2123
2123
2127
2126
2120
2125
2129
2122
2125
2132
2124
2119
2126
2127
2122
2123
2126
2124
2122
2123
2125
2126
2129
2132
2128
2126
2130
2131
2130
2132
2132
2129
2129
2131
2132
2131
2130
2132
2132
2125
2125
2131
2133
2129
2126
2128
2132
2129
2123
2123
2125
2124
2123
2123
2125
2126
2124
2123
2120
2116
2118
2124
2124
2122
2122
2127
2130
2130
2130
2130
2127
2123
2122
2128
2130
2125
2122
2124
2129
2130
2129
2129
2130
2131
2130
2130
2128
2130
2137
2138
2134
2135
2140
2139
2138
2137
2135
2139
2140
2136
2137
2140
2140
2139
2138
2137
2137
2137
2136
2136
2134
2131
2131
2131
2131
2133
2132
2129
2129
2132
2132
2131
2133
2137
2137
2135
2136
2135
2131
2130
2135
2138
2133
2129
2131
2131
2129
2130
2128
2124
2126
2130
2129
2126
2124
2123
2123
2123
2121
2122
2123
2122
2121
2123
2122
2121
2122
2122
2122
2124
2124
2120
2122
2129
2128
2122
2125
2126
2123
2124
2125
2124
2122
2120
2123
2123
2121
2121
2122
2123
2123
2120
2118
2121
2124
2124
2124
2123
2122
2123
2124
2124
2125
2124
2122
2121
2122
2123
2121
2122
2125
2124
2123
2123
2123
2126
2131
2131
2128
2128
2130
2129
2129
2131
2133
2134
2133
2132
2130
2129
2129
2131
2130
2125
2123
2124
2125
2127
2131
2132
2128
2124
2127
2129
2125
2126
2132
2130
2127
2129
2128
2123
2122
2127
2130
2126
2123
2126
2125
2122
2121
2122
2125
2126
2123
2125
2125
2122
2122
2124
2123
2123
2125
2123
2123
2128
2132
2128
2125
2129
2132
2130
2134
2138
2134
2134
2139
2140
2137
2138
2140
2137
2132
2131
2134
2133
2132
2134
2137
2138
2139
2138
2132
2130
2131
2120
2125
2131
2126
2120
2123
2124
2122
2125
2126
2122
2120
2122
2122
2121
2122
2125
2126
2125
2123
2123
2125
2124
2122
2122
2121
2117
2115
2117
2116
2115
2120
2123
2124
2123
2124
2123
2123
2122
2121
2121
2122
2123
2121
2121
2123
2118
2113
2119
2124
2121
2121
2119
2115
2119
2124
2121
2117
2118
2120
2122
2122
2122
2126
2129
2127
2129
2132
2131
2130
2129
2132
2135
2134
2134
2135
2133
2129
2130
2130
2127
2124
2121
2123
2126
2123
2121
2122
2123
2123
2125
2125
2123
2124
2124
2123
2123
2123
2123
2124
2123
2122
2122
2122
2123
2123
2124
2124
2123
2121
2122
2123
2122
2122
2123
2123
2123
2123
2124
2129
2129
2123
2122
2127
2128
2124
2123
2125
2123
2124
2124
2122
2123
2122
2122
2122
2122
2123
2126
2125
2124
2124
2124
2124
2124
2123
2122
2121
2123
2126
2126
2126
2129
2132
2130
2130
2130
2130
2128
2125
2126
2131
2132
2127
2125
2127
2127
2129
2130
2125
2125
2128
2124
2123
2131
2136
2132
2129
2131
2130
2124
2124
2130
2129
2123
2124
2128
2131
2132
2133
2135
2135
2131
2130
2129
2127
2126
2124
2124
2124
2124
2125
2131
2134
2131
2131
2132
2130
2129
2130
2130
2128
2129
2130
2129
2128
2127
2128
2129
2129
2130
2132
2133
2131
2130
2132
2133
2132
2131
2132
2132
2131
2129
2129
2130
2130
2133
2138
2136
2132
2134
2135
2132
2130
2130
2131
2131
2130
2131
2135
2137
2135
2133
2132
2131
2133
2135
2129
2130
2132
2131
2130
2132
2133
2135
2134
2132
2132
2132
2129
2130
2133
2132
2130
2129
2130
2135
2139
2140
2138
2138
2138
2138
2141
2144
2146
2146
2147
2147
2145
2145
2146
2146
2147
2145
2140
2140
2142
2140
2138
2139
2140
2138
2138
2137
2136
2138
2138
2135
2131
2130
2133
2136
2135
2131
2131
2131
2131
2131
2129
2129
2130
2132
2135
2137
2134
2134
2138
2141
2142
2144
2145
2142
2138
2138
2139
2138
2137
2139
2137
2130
2133
2141
2139
2133
2133
2133
2131
2132
2135
2139
2136
2131
2133
2133
2132
2133
2134
2130
2128
2130
2132
2132
2130
2130
2134
2134
2130
2130
2135
2136
2131
2128
2131
2134
2132
2130
2129
2128
2124
2121
2125
2130
2130
2123
2123
2122
2122
2122
2121
2120
2121
2122
2124
2125
2122
2122
2126
2124
2121
2122
2124
2124
2123
2126
2129
2128
2130
2130
2127
2127
2125
2120
2121
2125
2122
2121
2126
2126
2122
2122
2123
2122
2120
2116
2115
2120
2120
2115
2114
2116
2115
2116
2119
2120
2122
2123
2122
2123
2124
2124
2124
2124
2127
2130
2126
2123
2125
2124
2122
2122
2121
2122
2124
2124
2122
2123
2126
2129
2131
2131
2129
2130
2130
2127
2123
2121
2122
2123
2124
2123
2123
2123
2125
2125
2123
2122
2123
2123
2122
2121
2122
2123
2121
2117
2118
2121
2122
2122
2124
2124
2121
2122
2122
2115
2113
2120
2123
2120
2120
2122
2118
2115
2114
2121
2144
2173
2192
2203
2209
2211
2213
2216
2216
2219
2224
2220
2216
2219
2224
2224
2223
2226
2224
2218
2214
2215
2217
2218
2222
2225
2225
2226
2224
2222
2224
2225
2224
2222
2220
2219
2222
2222
2219
2217
2218
2218
2220
2220
2217
2219
2220
2213
2210
2212
2212
2211
2210
2209
2206
2203
2203
2205
2203
2204
2207
2203
2200
2204
2202
2198
2197
2200
2203
2200
2194
2193
2194
2193
2193
2193
2191
2192
2193
2191
2190
2194
2193
2188
2185
2186
2186
2183
2185
2196
2201
2190
2185
2186
2181
2180
2184
2186
2187
2183
2178
2173
2171
2174
2177
2172
2168
2172
2168
2162
2166
2170
2166
2163
2164
2165
2168
2168
2165
2162
2163
2166
2161
2155
2157
2158
2154
2155
2156
2153
2155
2153
2148
2153
2153
2149
2153
2150
2152
2153
2148
2145
2147
2147
2147
2145
2144
2146
2146
2145
2146
2147
2146
2145
2146
2148
2147
2146
2143
2141
2143
2143
2140
2142
2146
2142
2137
2138
2138
2134
2137
2144
2143
2137
2137
2140
2139
2139
2143
2140
2133
2134
2137
2135
2133
2132
2131
2131
2132
2130
2130
2135
2138
2134
2128
2130
2136
2132
2124
2124
2125
2123
2127
2130
2127
2126
2124
2125
2129
2125
2121
2122
2121
2120
2121
2121
2122
2122
2122
2123
2122
2116
2112
2114
2116
2115
2114
2117
2117
2116
2120
2121
2115
2113
2115
2114
2114
2115
2117
2118
2116
2117
2119
2115
2115
2121
2123
2121
2121
2122
2121
2117
2114
2114
2119
2123
2126
2126
2122
2118
2117
2116
2115
2115
2114
2113
2114
2114
2113
2114
2115
2112
2111
2116
2117
2115
2117
2117
2111
2116
2126
2119
2114
2120
2119
2114
2115
2112
2107
2108
2112
2114
2114
2114
2110
2106
2111
2117
2114
2113
2115
2115
2116
2116
2116
2117
2117
2114
2113
2116
2122
2122
2122
2127
2128
2122
2122
2125
2123
2121
2124
2126
2125
2127
2129
2131
2132
2130
2125
2119
2115
2118
2124
2123
2119
2121
2124
2121
2122
2129
2130
2124
2121
2122
2121
2123
2124
2122
2123
2124
2124
2123
2123
2127
2129
2127
2124
2123
2122
2122
2127
2130
2129
2128
2129
2129
2125
2123
2121
2116
2112
2119
2124
2123
2122
2120
2116
2111
2114
2119
2119
2117
2116
2116
2115
2114
2113
2114
2116
2115
2114
2115
2110
2105
2109
2116
2114
2107
2108
2115
2117
2114
2113
2114
2112
2108
2111
2116
2114
2111
2116
2113
2105
2110
2115
2107
2105
2113
2114
2114
2121
2120
2114
2112
2115
2115
2115
2114
2115
2118
2117
2114
2113
2115
2115
2113
2114
2113
2109
2109
2115
2117
2114
2111
2109
2112
2114
2108
2105
2107
2108
2106
2105
2107
2108
2106
2105
2110
2114
2113
2112
2115
2115
2115
2117
2117
2115
2116
2116
2113
2114
2112
2110
2113
2111
2106
2111
2116
2110
2110
2117
2116
2115
2117
2115
2108
2106
2110
2114
2111
2108
2109
2114
2115
2111
2108
2109
2112
2114
2109
2104
2109
2113
2108
2108
2110
2109
2109
2108
2108
2114
2117
2115
2115
2116
2115
2115
2116
2115
2114
2117
2114
2114
2118
2117
2113
2116
2120
2117
2118
2120
2117
2115
2116
2115
2114
2115
2114
2112
2114
2118
2122
2121
2122
2124
2121
2118
2123
2128
2121
2115
2120
2123
2120
2120
2122
2124
2121
2117
2116
2120
2123
2121
2116
2114
2115
2116
2115
2114
2113
2109
2109
2110
2111
2110
2113
2114
2110
2106
2107
2111
2114
2113
2113
2115
2115
2113
2115
2117
2116
2115
2114
2114
2113
2108
2104
2108
2116
2115
2110
2112
2117
2116
2113
2113
2114
2115
2114
2115
2116
2115
2114
2116
2115
2113
2114
2116
2115
2113
2114
2112
2112
2113
2108
2106
2114
2117
2113
2114
2114
2113
2119
2116
2105
2104
2109
2111
2113
2113
2114
2114
2111
2113
2115
2114
2114
2115
2115
2116
2116
2116
2114
2107
2104
2112
2117
2109
2107
2115
2115
2112
2120
2126
2123
2123
2122
2122
2128
2129
2124
2127
2133
2131
2128
2132
2134
2133
2129
2126
2126
2130
2130
2125
2121
2122
2126
2131
2131
2127
2124
2123
2123
2121
2117
2115
2118
2123
2124
2124
2124
2123
2124
2125
2122
2121
2123
2121
2116
2114
2122
2128
2125
2125
2127
2123
2122
2125
2123
2121
2121
2117
2115
2117
2119
2116
2117
2123
2124
2118
2119
2123
2121
2122
2123
2122
2120
2118
2115
2115
2116
2116
2117
2117
2115
2119
2124
2124
2119
2121
2124
2117
2113
2120
2126
2122
2120
2122
2124
2126
2124
2120
2122
2123
2123
2124
2123
2122
2120
2116
2116
2122
2126
2119
2116
2122
2124
2121
2124
2122
2117
2117
2119
2114
2115
2123
2122
2116
2115
2115
2114
2112
2111
2110
2107
2106
2115
2119
2116
2119
2121
2118
2117
2121
2124
2123
2123
2123
2121
2119
2121
2125
2121
2120
2128
2129
2123
2124
2130
2132
2130
2128
2128
2130
2127
2127
2133
2129
2122
2124
2125
2123
2129
2132
2124
2120
2126
2130
2127
2119
2117
2122
2123
2120
2121
2123
2123
2121
2121
2124
2132
2131
2121
2123
2130
2127
2121
2121
2126
2132
2133
2128
2129
2132
2130
2127
2133
2136
2131
2130
2132
2131
2134
2135
2131
2128
2126
2122
2122
2128
2128
2120
2117
2123
2124
2122
2124
2126
2125
2124
2123
2122
2123
2126
2123
2124
2132
2129
2119
2122
2128
2124
2129
2142
2121
2124
2139
2136
2127
2130
2134
2131
2132
2136
2137
2137
2137
2133
2129
2127
2134
2140
2133
2130
2139
2139
2128
2124
2124
2121
2124
2128
2131
2129
2123
2125
2133
2133
2125
2122
2123
2121
2117
2113
2108
2106
2108
2111
2114
2116
2116
2112
2111
2110
2108
2111
2110
2106
2108
2113
2114
2115
2116
2114
2113
2115
2113
2110
2116
2126
2125
2112
2107
2113
2117
2114
2113
2120
2122
2118
2116
2117
2117
2117
2116
2114
2120
2125
2122
2120
2123
2127
2129
2129
2129
2131
2132
2134
2134
2130
2130
2132
2129
2130
2139
2138
2125
2122
2135
2136
2125
2125
2133
2128
2120
2131
2138
2123
2116
2123
2122
2119
2122
2122
2121
2124
2127
2126
2120
2122
2130
2130
2123
2124
2123
2124
2125
2125
2124
2120
2120
2123
2122
2121
2128
2136
2124
2107
2110
2121
2122
2117
2114
2115
2114
2111
2118
2123
2116
2117
2121
2107
2109
2130
2131
2126
2130
2125
2117
2123
2128
2115
2119
2156
2156
2114
2111
2130
2120
2115
2124
2120
2125
2130
