2148
2154
2155
2151
2147
2148
2154
2158
2155
2152
2156
2165
2162
2156
2167
2175
2169
2170
2170
2161
2164
2173
2172
2175
2186
2190
2186
2187
2191
2190
2186
2186
2187
2187
2189
2187
2179
2178
2181
2178
2173
2172
2176
2179
2174
2166
2175
2192
2190
2181
2185
2189
2182
2175
2175
2182
2181
2168
2170
2184
2186
2184
2185
2181
2175
2176
2184
2192
2189
2182
2182
2180
2167
2171
2194
2194
2170
2167
2173
2160
2160
2170
2156
2136
2141
2152
2153
2154
2154
2149
2143
2137
2135
2141
2143
2136
2136
2138
2137
2142
2140
2135
2144
2143
2125
2121
2132
2131
2128
2135
2135
2131
2136
2142
2135
2128
2132
2130
2126
2122
2119
2127
2131
2122
2119
2124
2123
2120
2131
2129
2130
2132
2132
2136
2140
2133
2129
2136
2141
2140
2140
2141
2141
2136
2129
2128
2135
2140
2139
2134
2132
2134
2132
2128
2134
2142
2138
2137
2150
2155
2148
2148
2151
2147
2147
2153
2155
2153
2155
2161
2162
2162
2163
2164
2172
2181
2175
2168
2171
2172
2167
2162
2163
2167
2172
2172
2169
2169
2167
2162
2164
2169
2170
2171
2175
2172
2168
2173
2178
2175
2170
2167
2167
2169
2166
2165
2168
2171
2173
2174
2171
2162
2160
2168
2172
2171
2169
2167
2161
2161
2158
2153
2158
2165
2159
2157
2167
2171
2160
2153
2158
2164
2163
2161
2161
2165
2165
2158
2159
2164
2159
2156
2164
2160
2151
2161
2162
2143
2139
2150
2148
2142
2145
2145
2143
2146
2148
2145
2144
2147
2147
2139
2130
2131
2133
2127
2126
2131
2130
2126
2129
2134
2130
2121
2123
2128
2123
2121
2127
2119
2112
2124
2124
2106
2106
2122
2127
2120
2112
2114
2123
2128
2129
2129
2117
2112
2122
2122
2124
2132
2128
2124
2127
2141
2150
2139
2129
2121
2110
2121
2128
2113
2133
2159
2130
2112
2118
2117
2130
2142
2138
2129
2125
2153
2177
2138
2104
2124
2138
2137
2148
2146
2130
2132
2151
2148
2118
2120
2138
2129
2116
2123
2130
2132
2131
2124
2115
2115
2129
2133
2128
2138
2139
2123
2119
2116
2111
2128
2142
2137
2131
2131
2133
2139
2139
2138
2138
2128
2121
2128
2136
2125
2110
2114
2118
2106
2105
2116
2116
2112
2111
2115
2121
2115
2118
2124
2114
2112
2113
2114
2119
2114
2107
2115
2121
2113
2111
2115
2116
2122
2125
2124
2121
2115
2110
2117
2121
2122
2122
2115
2109
2113
2117
2116
2113
2107
2104
2104
2105
2109
2115
2116
2112
2108
2107
2111
2113
2109
2102
2105
2114
2114
2109
2108
2108
2107
2109
2117
2119
2104
2099
2111
2107
2089
2085
2095
2101
2097
2096
2097
2098
2111
2113
2094
2092
2109
2109
2102
2104
2106
2107
2104
2110
2122
2116
2106
2110
2117
2115
2103
2100
2118
2129
2116
2110
2117
2119
2112
2107
2113
2116
2109
2103
2106
2116
2125
2130
2130
2123
2109
2103
2103
2110
2124
2120
2111
2129
2147
2138
2129
2131
2135
2132
2121
2126
2137
2133
2133
2145
2136
2119
2124
2116
2109
2112
2121
2127
2125
2122
2127
2133
2131
2124
2124
2126
2116
2113
2125
2130
2122
2121
2124
2126
2124
2120
2121
2127
2125
2119
2123
2122
2117
2122
2123
2119
2124
2126
2115
2113
2120
2119
2120
2135
2135
2119
2125
2134
2122
2120
2132
2135
2132
2129
2133
2137
2132
2133
2137
2133
2127
2129
2142
2151
2143
2133
2139
2144
2136
2130
2135
2140
2130
2130
2152
2156
2137
2136
2141
2128
2123
2133
2134
2136
2141
2135
2126
2133
2137
2132
2132
2129
2129
2127
2137
2143
2130
2129
2137
2124
2116
2125
2119
2104
2109
2121
2125
2122
2115
2112
2109
2102
2112
2125
2112
2099
2110
2111
2106
2113
2108
2102
2114
2112
2105
2123
2130
2113
2112
2126
2131
2132
2140
2148
2153
2147
2137
2136
2141
2149
2149
2135
2126
2134
2142
2140
2134
2130
2129
2130
2128
2128
2133
2136
2141
2149
2144
2136
2140
2148
2148
2148
2150
2142
2141
2147
2142
2135
2147
2145
2123
2120
2132
2130
2129
2136
2135
2134
2133
2125
2129
2136
2123
2109
2119
2118
2104
2114
2129
2120
2110
2117
2129
2134
2127
2120
2137
2160
2156
2137
2128
2136
2141
2134
2128
2132
2135
2137
2143
2143
2138
2138
2139
2138
2142
2148
2144
2135
2133
2132
2127
2132
2132
2124
2138
2151
2136
2123
2132
2131
2123
2126
2130
2125
2116
2113
2114
2117
2125
2129
2123
2120
2121
2121
2126
2130
2132
2131
2128
2127
2130
2137
2141
2140
2137
2137
2130
2123
2132
2137
2122
2122
2116
2113
2119
2122
2122
2123
2124
2127
2135
2133
2118
2115
2126
2124
2112
2112
2118
2116
2116
2121
2116
2113
2119
2123
2126
2125
2119
2117
2116
2117
2122
2119
2113
2114
2110
2103
2105
2109
2105
2099
2098
2098
2100
2108
2107
2107
2120
2125
2118
2115
2116
2118
2126
2133
2133
2127
2122
2127
2133
2132
2128
2127
2133
2143
2140
2130
2129
2133
2128
2119
2117
2121
2123
2120
2120
2127
2134
2138
2139
2137
2136
2138
2139
2139
2135
2130
2134
2142
2141
2137
2138
2137
2132
2128
2132
2142
2140
2132
2139
2149
2141
2133
2138
2139
2131
2127
2126
2127
2129
2130
2132
2131
2128
2126
2133
2141
2138
2129
2127
2127
2123
2128
2137
2133
2122
2118
2120
2124
2135
2132
2125
2128
2132
2130
2129
2127
2127
2130
2127
2121
2121
2121
2124
2134
2132
2118
2115
2125
2124
2113
2116
2122
2116
2116
2127
2128
2118
2112
2119
2127
2127
2127
2134
2137
2131
2129
2130
2128
2120
2120
2129
2123
2116
2122
2122
2115
2119
2124
2120
2123
2126
2121
2126
2133
2129
2123
2122
2122
2123
2125
2122
2120
2124
2125
2118
2112
2109
2109
2114
2120
2122
2123
2129
2129
2122
2121
2123
2123
2122
2118
2120
2123
2116
2113
2115
2108
2110
2125
2127
2120
2122
2123
2115
2110
2111
2114
2114
2118
2122
2117
2111
2114
2117
2115
2121
2126
2121
2118
2121
2123
2127
2126
2120
2123
2132
2126
2121
2126
2130
2130
2130
2131
2129
2129
2133
2131
2130
2129
2130
2133
2130
2124
2122
2123
2123
2127
2131
2131
2132
2132
2130
2130
2137
2140
2134
2132
2133
2133
2136
2140
2133
2127
2130
2133
2127
2119
2123
2132
2130
2123
2121
2127
2128
2126
2132
2136
2131
2127
2130
2137
2139
2138
2142
2142
2134
2125
2118
2116
2128
2135
2124
2116
2122
2122
2115
2122
2128
2122
2125
2134
2129
2120
2126
2131
2124
2119
2122
2127
2130
2130
2133
2140
2141
2133
2131
2134
2132
2124
2121
2126
2127
2121
2123
2131
2129
2121
2119
2120
2124
2126
2120
2116
2120
2126
2124
2117
2118
2123
2124
2120
2117
2120
2125
2125
2126
2132
2138
2140
2139
2136
2132
2130
2138
2142
2134
2126
2132
2140
2138
2129
2132
2137
2120
2125
2121
2114
2127
2144
2139
2124
2120
2119
2116
2114
2119
2122
2121
2121
2122
2123
2120
2119
2127
2132
2123
2116
2117
2112
2112
2121
2119
2116
2121
2126
2123
2126
2142
2145
2137
2148
2155
2137
2138
2162
2152
2129
2143
2165
2160
2149
2154
2153
2135
2136
2157
2155
2135
2137
2145
2138
2148
2165
2159
2146
2141
2140
2141
2138
2135
2141
2141
2135
2137
2133
2120
2116
2132
2148
2140
2123
2122
2132
2138
2132
2121
2119
2124
2124
2120
2127
2134
2127
2116
2123
2130
2117
2117
2133
2129
2121
2134
2142
2137
2140
2133
2129
2154
2158
2134
2136
2145
2132
2134
2158
2168
2169
2164
2154
2152
2149
2152
2169
2181
2169
2155
2162
2169
2172
2177
2174
2176
2182
2178
2179
2182
2179
2177
2180
2182
2171
2159
2163
2165
2164
2170
2172
2170
2170
2164
2164
2171
2163
2151
2162
2181
2174
2153
2151
2165
2167
2157
2155
2161
2164
2158
2154
2157
2160
2162
2161
2161
2149
2122
2116
2129
2132
2131
2139
2142
2141
2143
2141
2140
2131
2126
2135
2137
2122
2116
2127
2133
2131
2134
2136
2133
2125
2116
2115
2123
2120
2106
2103
2109
2112
2111
2113
2120
2117
2103
2094
2097
2100
2096
2090
2088
2093
2089
2074
2067
2076
2085
2084
2078
2082
2085
2084
2090
2095
2085
2077
2085
2091
2087
2088
2091
2087
2085
2092
2096
2089
2081
2082
2093
2099
2100
2098
2101
2109
2109
2106
2105
2099
2095
2103
2107
2099
2097
2101
2099
2101
2098
2100
2108
2107
2105
2109
2111
2107
2100
2102
2109
2107
2099
2101
2110
2116
2114
2115
2122
2125
2119
2113
2114
2114
2113
2119
2124
2118
2115
2117
2113
2117
2127
2117
2102
2107
2115
2110
2104
2106
2111
2107
2097
2097
2101
2105
2114
2116
2106
2103
2103
2098
2094
2097
2105
2102
2093
2097
2101
2097
2103
2110
2107
2108
2108
2107
2107
2106
2104
2110
2121
2120
2111
2107
2108
2112
2117
2115
2108
2105
2106
2115
2126
2124
2121
2123
2122
2118
2116
2114
2116
2115
2117
2128
2130
2122
2121
2123
2123
2121
2114
2119
2138
2142
2132
2129
2132
2133
2130
2124
2126
2132
2133
2133
2138
2139
2134
2136
2141
2136
2132
2134
2135
2134
2125
2122
2140
2128
2129
2141
2132
2121
2128
2140
2142
2135
2139
2150
2147
2139
2140
2139
2135
2141
2138
2128
2136
2143
2132
2134
2142
2131
2127
2137
2135
2131
2140
2142
2137
2138
2140
2136
2138
2142
2137
2133
2138
2135
2130
2132
2134
2134
2138
2138
2139
2143
2140
2138
2141
2146
2152
2155
2148
2142
2146
2148
2146
2148
2151
2151
2152
2150
2147
2151
2153
2149
2152
2157
2155
2150
2151
2155
2151
2145
2152
2158
2147
2139
2147
2148
2138
2136
2141
2140
2137
2138
2140
2139
2138
2138
2136
2130
2127
2126
2129
2132
2131
2128
2134
2140
2137
2129
2128
2132
2131
2127
2123
2124
2131
2133
2133
2141
2143
2138
2143
2148
2140
2129
2128
2134
2135
2132
2133
2137
2131
2132
2133
2130
2133
2141
2136
2131
2138
2136
2128
2135
2143
2136
2134
2140
2137
2125
2123
2138
2149
2153
2162
2166
2155
2145
2146
2147
2144
2145
2147
2146
2145
2147
2147
2142
2139
2138
2137
2137
2137
2136
2138
2140
2142
2147
2147
2142
2142
2142
2139
2136
2134
2132
2130
2131
2132
2131
2121
2117
2124
2125
2119
2119
2124
2121
2115
2112
2113
2117
2121
2126
2124
2112
2114
2129
2127
2112
2113
2119
2111
2104
2111
2117
2113
2112
2119
2124
2129
2127
2112
2106
2110
2109
2110
2114
2114
2120
2126
2115
2106
2117
2125
2120
2118
2122
2122
2123
2125
2126
2123
2122
2122
2123
2121
2116
2121
2128
2125
2127
2135
2129
2117
2124
2133
2125
2121
2125
2125
2128
2121
2117
2120
2118
2116
2124
2126
2113
2108
2116
2116
2109
2112
2119
2115
2106
2101
2104
2109
2108
2107
2106
2108
2107
2103
2103
2107
2111
2108
2104
2106
2113
2118
2115
2110
2111
2110
2106
2106
2104
2097
2096
2101
2100
2096
2102
2107
2098
2092
2103
2112
2107
2104
2108
2105
2096
2101
2110
2112
2118
2124
2116
2109
2121
2126
2115
2116
2126
2123
2120
2124
2120
2119
2123
2114
2113
2130
2134
2128
2129
2125
2122
2125
2122
2123
2129
2122
2117
2126
2130
2123
2123
2125
2124
2124
2123
2123
2124
2122
2121
2120
2115
2113
2120
2128
2126
2123
2120
2114
2117
2124
2122
2120
2122
2124
2127
2124
2114
2112
2119
2122
2123
2120
2116
2115
2115
2118
2114
2113
2120
2121
2117
2121
2126
2124
2117
2117
2129
2132
2120
2115
2123
2129
2124
2116
2125
2136
2131
2131
2139
2132
2121
2126
2131
2124
2120
2124
2126
2121
2122
2130
2124
2110
2116
2128
2121
2114
2118
2119
2116
2119
2124
2122
2120
2123
2123
2121
2127
2132
2127
2122
2124
2123
2120
2125
2128
2129
2132
2128
2122
2124
2124
2115
2112
2115
2114
2112
2117
2126
2132
2132
2132
2136
2141
2140
2136
2136
2139
2138
2140
2143
2142
2139
2142
2138
2131
2132
2133
2134
2138
2140
2140
2141
2139
2136
2139
2143
2146
2144
2140
2141
2138
2131
2134
2142
2143
2139
2139
2142
2144
2145
2149
2154
2156
2156
2158
2157
2153
2147
2148
2147
2139
2141
2155
2146
2147
2145
2138
2140
2146
2143
2141
2147
2146
2140
2142
2148
2149
2146
2148
2152
2155
2155
2158
2165
2162
2155
2154
2155
2153
2151
2153
2155
2154
2154
2150
2146
2146
2150
2146
2139
2140
2137
2129
2132
2137
2133
2133
2140
2140
2138
2139
2136
2134
2136
2139
2135
2135
2138
2135
2130
2131
2132
2130
2130
2130
2126
2122
2125
2133
2139
2140
2136
2136
2140
2135
2124
2124
2132
2130
2123
2122
2122
2122
2122
2116
2116
2126
2134
2133
2132
2134
2135
2133
2128
2127
2126
2121
2121
2126
2129
2125
2122
2122
2122
2123
2122
2122
2124
2125
2120
2114
2116
2127
2128
2124
2130
2133
2124
2121
2123
2122
2121
2124
2123
2123
2124
2117
2115
2121
2123
2120
2130
2127
2128
2128
2126
2126
2125
2122
2125
2126
2121
2122
2125
2119
2117
2122
2124
2123
2124
2127
2130
2131
2130
2129
2130
2134
2133
2125
2127
2130
2122
2118
2123
2120
2113
2114
2115
2114
2117
2125
2127
2122
2125
2132
2128
2121
2120
2125
2125
2116
2112
2116
2110
2102
2109
2118
2116
2113
2115
2120
2122
2123
2123
2120
2118
2123
2127
2121
2117
2117
2114
2113
2116
2116
2114
2115
2113
2114
2117
2112
2109
2114
2117
2117
2121
2127
2126
2122
2122
2123
2121
2125
2129
2134
2141
2138
2127
2128
2136
2139
2142
2147
2147
2146
2147
2147
2141
2138
2145
2146
2138
2138
2146
2145
2139
2139
2139
2138
2139
2140
2139
2137
2133
2130
2133
2137
2134
2127
2131
2135
2124
2120
2131
2127
2113
2122
2134
2130
2132
2139
2136
2130
2133
2144
2145
2137
2140
2144
2140
2149
2156
2147
2145
2148
2143
2140
2141
2146
2150
2152
2153
2152
2143
2131
2129
2131
2131
2133
2138
2138
2139
2139
2133
2132
2134
2129
2125
2126
2128
2137
2148
2152
2155
2153
2147
2147
2147
2141
2137
2135
2140
2152
2151
2149
2160
2162
2146
2133
2135
2138
2130
2120
2121
2123
2123
2135
2142
2133
2129
2140
2149
2150
2152
2159
2167
2168
2162
2157
2152
2148
2152
2155
2152
2155
2157
2149
2141
2136
2133
2132
2134
2139
2143
2134
2124
2128
2132
2126
2116
2113
2115
2113
2107
2115
2126
2116
2102
2115
2134
2134
2129
2132
2133
2129
2134
2142
2130
2129
2130
2130
2130
2130
2135
2140
2138
2138
2137
2130
2134
2142
2137
2134
2140
2139
2132
2129
2127
2124
2121
2121
2123
2122
2116
2113
2111
2115
2123
2124
2121
2122
2122
2123
2126
2128
2128
2129
2131
2132
2134
2138
2139
2138
2135
2133
2130
2126
2123
2122
2119
2121
2131
2131
2121
2124
2131
2126
2123
2125
2123
2123
2124
2123
2122
2119
2118
2123
2126
2124
2123
2117
2112
2121
2122
2113
2114
2122
2123
2123
2126
2124
2122
2122
2117
2111
2107
2107
2108
2105
2100
2102
2109
2114
2111
2106
2106
2109
2108
2104
2107
2105
2098
2097
2099
2099
2097
2094
2092
2091
2094
2099
2104
2097
2088
2091
2100
2098
2096
2100
2100
2098
2101
2104
2107
2108
2109
2113
2111
2106
2104
2111
2119
2118
2113
2109
2109
2114
2113
2104
2109
2117
2112
2110
2114
2109
2106
2111
2111
2111
2114
2114
2112
2116
2116
2111
2112
2116
2116
2117
2121
2119
2122
2130
2130
2122
2122
2126
2127
2130
2129
2121
2122
2132
2133
2129
2132
2132
2126
2122
2123
2119
2113
2114
2116
2111
2109
2111
2110
2111
2113
2116
2123
2124
2116
2114
2118
2116
2115
2116
2115
2114
2113
2114
2112
2106
2107
2114
2115
2115
2116
2116
2118
2114
2108
2112
2118
2115
2113
2114
2112
2116
2122
2123
2122
2123
2123
2123
2126
2125
2123
2124
2124
2122
2122
2126
2131
2132
2127
2123
2123
2123
2124
2129
2129
2123
2123
2126
2127
2132
2136
2132
2129
2130
2127
2132
2137
2136
2137
2138
2133
2130
2135
2143
2146
2142
2139
2140
2141
2136
2133
2134
2132
2133
2140
2142
2138
2136
2138
2138
2140
2138
2138
2144
2146
2141
2134
2132
2134
2136
2132
2129
2132
2131
2132
2138
2135
2131
2135
2136
2130
2131
2138
2139
2132
2128
2136
2142
2137
2131
2132
2134
2130
2132
2139
2140
2134
2134
2138
2139
2137
2139
2141
2140
2139
2140
2137
2131
2129
2135
2142
2144
2139
2137
2137
2135
2138
2144
2141
2140
2147
2148
2140
2135
2138
2144
2148
2152
2155
2154
2156
2155
2148
2145
2149
2147
2140
2137
2137
2138
2139
2137
2131
2128
2133
2140
2140
2133
2131
2131
2124
2126
2135
2133
2128
2133
2133
2128
2133
2141
2138
2132
2136
2129
2133
2140
2130
2124
2134
2139
2137
2134
2129
2134
2142
2138
2129
2126
2127
2125
2122
2126
2133
2134
2129
2128
2133
2138
2134
2130
2133
2139
2139
2131
2128
2136
2138
2132
2128
2130
2136
2139
2133
2127
2130
2126
2120
2129
2139
2134
2128
2128
2122
2118
2114
2109
2115
2122
2116
2111
2115
2117
2114
2114
2115
2114
2116
2124
2123
2115
2117
2124
2124
2124
2125
2122
2121
2125
2121
2116
2121
2123
2116
2113
2120
2123
2123
2121
2117
2115
2117
2118
2115
2115
2115
2112
2115
2122
2122
2121
2123
2118
2115
2123
2126
2123
2123
2123
2120
2121
2125
2124
2122
2127
2130
2123
2120
2123
2122
2127
2136
2135
2129
2127
2129
2126
2120
2123
2128
2120
2115
2122
2123
2121
2119
2115
2117
2124
2123
2120
2121
2119
2114
2115
2116
2114
2115
2116
2113
2108
2103
2103
2115
2122
2116
2117
2126
2124
2120
2122
2118
2110
2105
2105
2111
2113
2109
2105
2100
2102
2107
2104
2100
2104
2110
2105
2098
2102
2109
2110
2108
2107
2108
2109
2110
2111
2108
2105
2111
2114
2108
2105
2109
2110
2107
2106
2106
2108
2108
2103
2098
2099
2104
2106
2105
2106
2109
2108
2105
2110
2116
2114
2113
2114
2110
2109
2115
2116
2114
2116
2119
2119
2122
2121
2115
2114
2118
2118
2115
2116
2120
2123
2124
2123
2122
2123
2125
2123
2117
2113
2114
2118
2122
2122
2121
2122
2123
2121
2119
2119
2121
2120
2121
2126
2127
2123
2121
2126
2129
2123
2126
2133
2132
2123
2121
2126
2132
2133
2127
2121
2127
2135
2129
2123
2129
2134
2131
2130
2130
2127
2126
2130
2131
2130
2129
2125
2120
2122
2124
2124
2129
2133
2133
2132
2131
2132
2139
2144
2141
2138
2136
2133
2134
2136
2136
2139
2141
2139
2139
2141
2137
2133
2133
2132
2125
2121
2125
2128
2130
2136
2137
2131
2126
2129
2132
2131
2130
2130
2136
2138
2135
2131
2130
2128
2130
2131
2125
2122
2124
2124
2120
2117
2118
2123
2124
2125
2130
2129
2126
2129
2130
2128
2132
2136
2130
2128
2136
2141
2138
2135
2138
2143
2146
2151
2152
2148
2144
2144
2148
2149
2148
2145
2142
2137
2133
2134
2136
2138
2140
2145
2148
2147
2143
2137
2133
2129
2117
2127
2135
2129
2126
2129
2130
2127
2130
2133
2126
2120
2124
2127
2122
2125
2135
2138
2132
2128
2131
2131
2124
2121
2122
2124
2122
2116
2116
2121
2126
2129
2133
2138
2141
2141
2139
2135
2132
2131
2130
2130
2132
2132
2130
2130
2125
2118
2119
2126
2131
2133
2128
2123
2126
2128
2121
2120
2123
2122
2121
2122
2126
2131
2130
2127
2133
2138
2135
2141
2149
2153
2155
2156
2153
2152
2149
2146
2145
2142
2137
2139
2145
2146
2142
2136
2132
2133
2137
2138
2137
2136
2135
2135
2134
2132
2128
2126
2132
2139
2132
2127
2130
2129
2124
2126
2131
2134
2132
2129
2130
2132
2128
2124
2130
2133
2132
2134
2138
2139
2136
2130
2130
2138
2139
2131
2128
2131
2123
2129
2129
2125
2128
2133
2130
2124
2124
2131
2133
2130
2129
2126
2121
2120
2123
2123
2116
2113
2119
2124
2126
2127
2126
2128
2130
2128
2128
2127
2124
2126
2130
2131
2133
2129
2124
2126
2130
2131
2129
2126
2123
2125
2124
2123
2130
2136
2134
2128
2129
2130
2124
2120
2123
2122
2115
2116
2126
2136
2145
2152
2153
2151
2147
2146
2146
2147
2144
2142
2144
2143
2139
2139
2146
2147
2139
2137
2141
2137
2130
2131
2131
2124
2124
2131
2128
2121
2124
2132
2133
2129
2128
2134
2139
2134
2127
2129
2133
2130
2129
2131
2131
2124
2116
2113
2113
2115
2116
2118
2119
2117
2118
2122
2123
2117
2117
2124
2121
2113
2115
2119
2116
2119
2123
2117
2118
2126
2122
2120
2118
2115
2115
2116
2111
2110
2116
2116
2112
2114
2111
2100
2099
2108
2111
2102
2099
2111
2118
2114
2111
2114
2120
2126
2127
2129
2138
2141
2139
2143
2149
2146
2142
2147
2151
2149
2146
2144
2145
2142
2138
2141
2143
2139
2133
2132
2132
2132
2129
2126
2123
2120
2117
2119
2124
2125
2124
2124
2117
2114
2114
2108
2109
2120
2119
2116
2129
2135
2127
2133
2148
2150
2145
2146
2148
2148
2146
2143
2144
2147
2148
2143
2136
2137
2144
2144
2138
2137
2139
2138
2140
2139
2136
2137
2135
2128
2126
2134
2138
2132
2126
2119
2112
2121
2130
2122
2122
2136
2146
2142
2136
2142
2150
2147
2143
2148
2153
2153
2147
2140
2139
2136
2130
2129
2133
2131
2130
2124
2121
2121
2116
2114
2119
2128
2133
2134
2137
2142
2141
2137
2139
2139
2138
2142
2146
2146
2146
2148
2151
2155
2152
2145
2145
2143
2138
2139
2140
2137
2136
2142
2144
2141
2140
2139
2133
2129
2128
2127
2129
2134
2128
2118
2116
2116
2114
2111
2107
2108
2113
2112
2108
2105
2106
2114
2115
2109
2111
2110
2106
2109
2110
2106
2107
2106
2106
2111
2111
2106
2106
2107
2112
2119
2115
2109
2113
2115
2109
2106
2105
2106
2110
2114
2114
2113
2115
2120
2121
2118
2115
2117
2120
2117
2116
2120
2122
2118
2117
2117
2114
2113
2119
2124
2125
2123
2123
2121
2112
2108
2113
2116
2115
2120
2126
2121
2116
2120
2123
2121
2121
2128
2131
2130
2129
2127
2124
2121
2115
2115
2115
2112
2112
2115
2118
2120
2121
2117
2108
2101
2098
2099
2107
2116
2119
2119
2123
2121
2114
2118
2125
2121
2114
2114
2115
2116
2122
2123
2122
2123
2125
2124
2123
2122
2121
2122
2118
2117
2122
2123
2123
2124
2123
2123
2120
2116
2120
2124
2126
2131
2130
2126
2129
2129
2122
2122
2126
2127
2127
2126
2122
2120
2123
2126
2124
2123
2127
2130
2130
2133
2141
2139
2132
2129
2130
2129
2127
2135
2151
2153
2141
2136
2138
2136
2136
2139
2140
2141
2138
2130
2128
2129
2129
2131
2129
2123
2130
2133
2124
2126
2138
2136
2131
2135
2138
2139
2141
2136
2130
2136
2142
2134
2126
2126
2123
2119
2120
2121
2122
2127
2128
2123
2123
2124
2124
2124
2121
2127
2132
2126
2119
2119
2122
2119
2116
2122
2131
2132
2126
2126
2132
2132
2127
2129
2133
2132
2129
2125
2125
2130
2133
2129
2131
2138
2139
2135
2136
2139
2135
2139
2152
2151
2139
2138
2143
2145
2144
2141
2138
2138
2139
2143
2146
2147
2149
2148
2144
2143
2142
2142
2148
2148
2141
2140
2148
2150
2146
2144
2146
2143
2137
2138
2141
2136
2134
2140
2145
2142
2138
2141
2139
2133
2134
2135
2132
2134
2135
2130
2130
2134
2130
2123
2124
2130
2130
2129
2130
2131
2133
2137
2140
2138
2132
2129
2133
2137
2142
2146
2143
2139
2136
2134
2136
2139
2142
2145
2147
2146
2146
2146
2138
2133
2140
2149
2150
2147
2143
2137
2134
2138
2139
2131
2123
2126
2122
2120
2123
2125
2122
2121
2122
2121
2122
2122
2121
2124
2125
2120
2127
2137
2127
2122
2130
2129
2120
2117
2113
2113
2114
2112
2116
2123
2123
2118
2113
2117
2124
2124
2123
2124
2124
2123
2123
2121
2118
2116
2109
2103
2111
2118
2117
2123
2133
2130
2125
2129
2129
2124
2126
2131
2130
2129
2134
2138
2139
2137
2132
2129
2131
2130
2126
2128
2130
2128
2133
2140
2139
2137
2141
2140
2137
2137
2132
2127
2129
2132
2132
2133
2131
2134
2138
2138
2139
2138
2132
2132
2139
2138
2135
2138
2140
2140
2138
2136
2139
2140
2132
2124
2122
2122
2127
2128
2127
2129
2134
2132
2120
2121
2137
2141
2133
2135
2139
2137
2136
2133
2133
2143
2148
2139
2141
2138
2123
2126
2143
2141
2128
2128
2133
2133
2131
2130
2133
2134
2129
2124
2124
2124
2122
2127
2128
2120
2122
2128
2121
2120
2132
2136
2138
2142
2132
2120
2125
2134
2134
2134
2133
2135
2134
2129
2132
2140
2137
2131
2130
2133
2137
2133
2128
2136
2144
2138
2135
2138
2138
2134
2130
2129
2129
2127
2122
2118
2122
2124
2119
2117
2121
2122
2123
2124
2123
2122
2124
2126
2125
2125
2130
2130
2122
2121
2125
2122
2120
2122
2117
2116
2119
2115
2118
2128
2128
2122
2125
2125
2116
2114
2117
2115
2116
2121
2124
2122
2122
2123
2123
2119
2116
2120
2117
2108
2116
2127
2118
2111
2118
2120
2116
2113
2117
2123
2124
2128
2132
2130
2128
2130
2132
2130
2134
2139
2135
2139
2145
2140
2133
2136
2142
2143
2139
2135
2136
2138
2138
2139
2142
2144
2140
2136
2137
2143
2144
2137
2141
2149
2142
2134
2141
2141
2128
2129
2141
2139
2135
2142
2142
2140
2143
2140
2134
2137
2145
2143
2134
2126
2131
2134
2130
2128
2128
2122
2119
2127
2132
2129
2130
2132
2125
2119
2124
2128
2129
2128
2127
2127
2130
2130
2128
2131
2131
2125
2122
2123
2120
2111
2109
2116
2119
2116
2119
2121
2120
2120
2120
2117
2115
2113
2113
2116
2115
2112
2115
2116
2109
2106
2114
2119
2112
2109
2113
2110
2104
2106
2106
2100
2103
2111
2110
2105
2103
2105
2110
2105
2095
2091
2091
2097
2102
2094
2092
2103
2105
2100
2104
2109
2107
2106
2106
2109
2108
2106
2106
2101
2093
2097
2104
2099
2097
2107
2116
2119
2124
2130
2133
2131
2129
2133
2143
2148
2146
2144
2147
2146
2143
2148
2146
2140
2145
2144
2138
2143
2149
2141
2130
2132
2147
2151
2140
2137
2142
2139
2130
2125
2124
2128
2133
2137
2142
2145
2147
2152
2154
2147
2140
2145
2150
2145
2139
2141
2148
2153
2156
2157
2150
2143
2150
2155
2148
2141
2140
2137
2136
2131
2128
2134
2138
2141
2144
2140
2133
2132
2134
2135
2132
2127
2131
2132
2124
2123
2132
2138
2140
2139
2131
2130
2139
2137
2128
2124
2125
2127
2125
2125
2131
2130
2122
2116
2121
2125
2118
2113
2121
2127
2119
2116
2120
2120
2115
2115
2112
2109
2113
2114
2112
2112
2119
2119
2113
2116
2118
2110
2109
2107
2106
2113
2120
2117
2105
2099
2107
2108
2097
2095
2100
2098
2100
2108
2110
2107
2108
2114
2117
2119
2122
2124
2124
2128
2129
2126
2129
2128
2121
2125
2130
2129
2135
2140
2136
2137
2136
2130
2131
2133
2128
2127
2130
2127
2126
2130
2128
2124
2130
2134
2126
2121
2120
2120
2120
2117
2115
2117
2116
2114
2114
2113
2118
2126
2123
2118
2128
2140
2135
2128
2134
2138
2130
2127
2135
2143
2142
2142
2141
2137
2134
2137
2140
2137
2140
2148
2139
2129
2144
2147
2126
2125
2131
2122
2119
2125
2128
2123
2116
2117
2123
2123
2112
2108
2120
2130
2121
2112
2115
2116
2113
2116
2124
2124
2116
2113
2115
2113
2116
2121
2117
2122
2128
2127
2118
2115
2124
2133
2126
2113
2115
2133
2142
2131
2116
2115
2124
2126
2120
2125
2135
2130
2118
2114
2118
2120
2117
2119
2129
2133
2123
2124
2138
2138
2124
2115
2108
2108
2114
2106
2091
2092
2099
2097
2095
2103
2107
2095
2089
2095
2096
2100
2102
2092
2092
2101
2099
2098
2104
2100
2097
2104
2103
2097
2098
2106
2111
2110
2104
2105
2114
2113
2107
2106
2110
2113
2110
2114
2122
2123
2106
2091
2117
2153
2143
2125
2146
2161
2145
2157
2189
2187
2171
2177
2179
2167
2170
2182
2174
2170
2183
2186
2175
2175
2177
2171
2166
2161
2165
2171
2161
2161
2173
2168
2151
2141
2144
2154
2160
2153
2146
2154
2165
2161
2151
2153
2163
2158
2158
2160
2154
2153
2156
2160
2159
2145
2136
2144
2143
2145
2156
2151
2133
2128
2133
2129
2123
2122
2117
2111
2114
2119
2115
2114
2115
2114
2106
2086
2088
2116
2119
2103
2106
2115
2107
2102
2112
2104
2096
2127
2138
2102
2093
2111
2106
2098
2104
2094
2091
2104
