2099
2104
2119
2129
2135
2132
2124
2125
2114
2118
2109
2110
2105
2107
2095
2102
2108
2106
2109
2110
2118
2116
2117
2108
2110
2130
2133
2118
2109
2109
2106
2105
2115
2101
2112
2108
2106
2117
2108
2112
2112
2119
2104
2095
2092
2099
2096
2098
2090
2085
2089
2084
2082
2083
2100
2109
2113
2117
2112
2105
2106
2098
2115
2117
2125
2118
2128
2125
2123
2115
2116
2115
2130
2136
2140
2147
2159
2142
2129
2117
2118
2123
2128
2122
2119
2114
2118
2121
2124
2114
2111
2114
2111
2116
2114
2106
2107
2104
2109
2108
2113
2115
2111
2101
2108
2109
2115
2122
2117
2123
2115
2119
2121
2114
2115
2113
2116
2114
2113
2116
2119
2115
2117
2111
2102
2108
2103
2111
2106
2107
2109
2103
2103
2092
2095
2096
2098
2103
2100
2112
2099
2107
2116
2113
2117
2114
2112
2109
2117
2104
2109
2115
2104
2104
2102
2101
2104
2101
2102
2099
2098
2095
2104
2106
2107
2106
2098
2108
2112
2136
2142
2146
2146
2131
2123
2117
2122
2110
2128
2122
2138
2122
2122
2106
2106
2099
2088
2095
2111
2108
2096
2111
2108
2102
2092
2093
2101
2098
2101
2091
2101
2092
2096
2085
2091
2095
2091
2101
2098
2100
2098
2090
2092
2091
2102
2109
2108
2112
2110
2124
2117
2117
2103
2102
2110
2109
2109
2103
2105
2104
2115
2123
2107
2112
2103
2108
2095
2119
2112
2115
2123
2115
2120
2118
2123
2115
2120
2121
2123
2121
2124
2130
2135
2141
2142
2149
2144
2145
2127
2129
2114
2120
2109
2113
2132
2118
2127
2116
2120
2128
2122
2128
2128
2128
2100
2111
2098
2118
2100
2109
2091
2091
2087
2082
2106
2087
2090
2087
2087
2094
2093
2098
2106
2076
2127
2117
2113
2135
2138
2141
2140
2136
2138
2135
2136
2120
2136
2135
2140
2147
2136
2141
2125
2132
2137
2159
2162
2179
2156
2156
2142
2148
2144
2138
2157
2136
2138
2128
2125
2138
2140
2135
2143
2130
2136
2133
2124
2128
2127
2136
2130
2130
2123
2125
2120
2107
2104
2109
2117
2104
2100
2099
2079
2106
2135
2147
2167
2140
2178
2173
2185
2178
2173
2173
2165
2170
2168
2164
2166
2167
2161
2152
2161
2160
2161
2154
2134
2135
2148
2150
2156
2164
2153
2136
2130
2115
2118
2114
2117
2122
2115
2130
2148
2132
2116
2116
2125
2119
2107
2097
2108
2098
2116
2118
2122
2119
2120
2110
2111
2103
2098
2103
2101
2102
2115
2103
2120
2115
2096
2117
2104
2123
2113
2110
2113
2108
2104
2096
2087
2084
2082
2085
2085
2090
2099
2088
2090
2083
2094
2074
2102
2086
2110
2096
2129
2115
2109
2120
2110
2124
2112
2128
2134
2146
2150
2143
2170
2155
2161
2146
2139
2137
2125
2131
2126
2119
2115
2083
2100
2128
2138
2136
2137
2149
2146
2138
2134
2128
2134
2139
2136
2134
2140
2138
2127
2145
2136
2142
2122
2123
2115
2123
2114
2110
2138
2136
2119
2116
2120
2130
2121
2125
2117
2112
2107
2103
2099
2102
2103
2106
2097
2116
2119
2134
2159
2155
2161
2139
2123
2121
2097
2102
2101
2104
2106
2095
2106
2123
2130
2122
2131
2132
2115
2119
2115
2134
2120
2126
2111
2120
2111
2121
2117
2121
2114
2102
2094
2100
2091
2097
2101
2107
2092
2085
2081
2085
2102
2123
2124
2107
2103
2114
2120
2134
2139
2120
2095
2083
2078
2040
2066
2086
2088
2101
2071
2085
2096
2088
2108
2108
2116
2107
2113
2107
2119
2117
2124
2136
2115
2120
2106
2108
2102
2099
2098
2101
2088
2091
2084
2100
2101
2095
2098
2110
2099
2100
2106
2101
2110
2109
2115
2133
2123
2114
2107
2114
2125
2111
2134
2124
2119
2107
2100
2082
2088
2095
2097
2104
2102
2101
2102
2121
2115
2115
2114
2115
2103
2112
2113
2103
2127
2107
2106
2116
2097
2109
2121
2119
2118
2113
2109
2103
2088
2093
2103
2107
2097
2097
2089
2072
2084
2090
2088
2081
2096
2090
2092
2098
2084
2083
2081
2071
2069
2074
2094
2112
2084
2116
2113
2120
2133
2129
2131
2124
2123
2122
2133
2131
2131
2138
2133
2131
2130
2137
2124
2112
2110
2100
2099
2097
2091
2084
2089
2110
2103
2105
2092
2101
2095
2102
2112
2117
2116
2120
2105
2118
2119
2108
2120
2095
2092
2092
2081
2058
2056
2065
2076
2098
2095
2094
2106
2124
2115
2110
2111
2120
2113
2117
2121
2109
2113
2119
2117
2115
2128
2124
2143
2140
2132
2129
2130
2130
2126
2107
2129
2120
2113
2115
2090
2097
2088
2111
2114
2139
2123
2097
2093
2105
2106
2095
2095
2095
2097
2096
2106
2089
2113
2092
2076
2080
2096
2089
2095
2100
2091
2117
2121
2116
2126
2146
2136
2133
2137
2150
2136
2131
2137
2135
2137
2131
2118
2127
2139
2118
2107
2116
2114
2121
2120
2124
2122
2129
2142
2131
2114
2128
2133
2126
2124
2102
2105
2101
2097
2104
2102
2098
2099
2098
2066
2073
2095
2098
2108
2104
2125
2111
2114
2116
2107
2114
2110
2128
2117
2119
2117
2103
2112
2119
2102
2120
2104
2117
2108
2115
2103
2117
2104
2116
2106
2105
2093
2104
2094
2102
2106
2099
2092
2126
2122
2120
2123
2113
2109
2127
2127
2132
2126
2109
2097
2091
2085
2057
2073
2087
2090
2131
2116
2110
2108
2126
2111
2122
2117
2137
2123
2127
2124
2114
2107
2119
2113
2112
2127
2115
2124
2129
2129
2128
2126
2121
2117
2113
2113
2098
2111
2112
2111
2097
2106
2098
2108
2111
2092
2102
2098
2104
2119
2116
2100
2106
2090
2109
2079
2077
2073
2077
2111
2111
2124
2130
2142
2134
2135
2146
2127
2117
2110
2120
2112
2115
2110
2111
2116
2118
2126
2133
2130
2128
2123
2118
2135
2115
2125
2125
2120
2114
2115
2101
2103
2091
2107
2084
2096
2087
2095
2101
2119
2122
2114
2113
2111
2122
2120
2127
2108
2114
2094
2100
2115
2115
2099
2094
2099
2093
2106
2109
2114
2093
2120
2127
2119
2122
2120
2114
2126
2122
2127
2133
2141
2144
2132
2130
2121
2118
2122
2120
2109
2107
2099
2106
2099
2098
2099
2099
2100
2111
2102
2099
2099
2124
2119
2123
2119
2107
2129
2128
2128
2132
2128
2118
2115
2125
2107
2080
2077
2082
2113
2127
2133
2124
2139
2133
2146
2127
2128
2122
2120
2123
2119
2146
2140
2136
2137
2132
2124
2104
2142
2121
2107
2113
2115
2117
2114
2093
2099
2091
2121
2094
2091
2092
2089
2086
2100
2089
2092
2075
2077
2065
2099
2102
2119
2110
2115
2128
2131
2135
2123
2135
2124
2135
2125
2132
2129
2138
2132
2140
2142
2123
2132
2126
2127
2123
2118
2101
2103
2094
2103
2093
2093
2082
2086
2086
2102
2109
2121
2123
2126
2120
2120
2136
2141
2139
2135
2121
2125
2105
2082
2061
2067
2095
2108
2101
2104
2109
2121
2116
2116
2114
2120
2127
2126
2126
2121
2121
2127
2144
2126
2144
2121
2132
2120
2114
2112
2102
2097
2101
2097
2096
2102
2108
2141
2127
2109
2097
2109
2114
2108
2098
2090
2088
2081
2062
2091
2106
2120
2126
2119
2144
2146
2149
2149
2159
2139
2144
2137
2136
2139
2144
2139
2141
2130
2134
2131
2130
2143
2128
2124
2113
2096
2087
2099
2093
2086
2099
2096
2104
2106
2110
2097
2097
2101
2121
2113
2112
2087
2098
2095
2096
2104
2098
2067
2083
2092
2112
2108
2099
2100
2108
2109
2111
2134
2127
2123
2128
2133
2135
2142
2138
2144
2162
2148
2179
2162
2151
2145
2150
2125
2118
2115
2108
2108
2104
2108
2102
2116
2100
2087
2074
2076
2079
2084
2062
2075
2072
2070
2066
2044
2069
2087
2098
2087
2100
2110
2103
2116
2111
2123
2128
2115
2123
2118
2122
2132
2129
2139
2136
2139
2148
2133
2126
2117
2097
2110
2065
2042
2042
2038
2070
2074
2089
2111
2155
2132
2108
2114
2103
2111
2113
2111
2121
2099
2086
2100
2130
2136
2097
2135
2135
2136
2119
2125
2121
2129
2127
2125
2135
2121
2132
2129
2118
2128
2123
2126
2119
2111
2124
2113
2104
2108
2103
2098
2104
2099
2111
2113
2115
2143
2141
2114
2145
2136
2111
2103
2099
2111
2105
2094
2075
2062
2081
2093
2111
2095
2114
2129
2133
2122
2130
2125
2121
2138
2133
2130
2123
2146
2135
2141
2132
2149
2165
2165
2156
2153
2149
2155
2134
2135
2128
2132
2141
2118
2114
2110
2097
2096
2110
2107
2093
2090
2073
2083
2060
2084
2079
2116
2086
2127
2113
2122
2113
2128
2121
2114
2131
2136
2138
2143
2127
2139
2124
2131
2119
2136
2127
2131
2130
2119
2126
2120
2118
2114
2110
2110
2102
2102
2109
2097
2108
2113
2082
2091
2093
2110
2095
2095
2097
2091
2085
2068
2058
2073
2086
2101
2088
2116
2125
2134
2142
2134
2134
2145
2149
2133
2127
2129
2137
2148
2163
2172
2123
2118
2110
2068
2072
2064
2075
2106
2124
2145
2174
2146
2114
2106
2099
2091
2100
2115
2116
2113
2107
2100
2075
2078
2076
2106
2108
2100
2126
2121
2125
2123
2127
2120
2132
2124
2130
2128
2134
2134
2133
2134
2137
2135
2126
2128
2129
2130
2109
2106
2102
2100
2117
2109
2110
2115
2121
2094
2107
2124
2127
2131
2099
2110
2092
2089
2078
2100
2103
2116
2126
2106
2131
2131
2140
2140
2149
2153
2144
2156
2143
2149
2136
2146
2140
2146
2148
2152
2141
2135
2122
2123
2107
2114
2113
2121
2114
2114
2125
2124
2145
2149
2152
2130
2120
2135
2140
2130
2133
2123
2113
2102
2077
2068
2089
2130
2128
2119
2135
2123
2125
2128
2124
2139
2119
2142
2137
2138
2138
2129
2139
2138
2149
2137
2147
2138
2119
2123
2111
2125
2106
2096
2091
2120
2113
2133
2113
2092
2096
2117
2132
2105
2099
2095
2076
2066
2080
2085
2105
2120
2111
2120
2121
2134
2140
2129
2138
2137
2142
2158
2148
2140
2141
2146
2142
2136
2133
2121
2113
2103
2096
2100
2086
2077
2079
2086
2093
2122
2114
2119
2087
2118
2117
2117
2117
2101
2115
2096
2080
2077
2084
2114
2113
2116
2107
2116
2106
2116
2127
2131
2128
2132
2134
2121
2120
2126
2128
2140
2135
2134
2120
2117
2123
2126
2119
2118
2109
2102
2100
2100
2109
2110
2101
2084
2100
2107
2096
2094
2096
2094
2073
2075
2082
2095
2106
2102
2110
2123
2113
2132
2118
2135
2120
2123
2125
2132
2127
2128
2132
2140
2133
2122
2137
2121
2131
2113
2114
2106
2103
2099
2085
2093
2101
2092
2109
2125
2130
2120
2127
2129
2145
2149
2144
2138
2115
2111
2088
2101
2119
2117
2141
2121
2128
2120
2118
2109
2124
2120
2129
2125
2119
2129
2127
2140
2138
2133
2134
2132
2126
2133
2122
2124
2112
2122
2106
2107
2101
2103
2099
2092
2103
2106
2118
2120
2103
2095
2100
2109
2113
2097
2094
2077
2052
2072
2087
2108
2110
2128
2114
2125
2130
2128
2131
2137
2143
2147
2137
2134
2129
2118
2130
2128
2133
2126
2130
2126
2119
2114
2126
2114
2106
2090
2100
2098
2096
2081
2089
2095
2085
2106
2116
2141
2119
2116
2127
2127
2113
2110
2108
2101
2071
2073
2100
2119
2128
2128
2132
2135
2139
2146
2146
2139
2130
2133
2125
2146
2144
2151
2149
2160
2151
2149
2138
2138
2155
2126
2123
2110
2119
2104
2102
2089
2087
2105
2111
2129
2095
2103
2112
2124
2103
2091
2091
2079
2066
2088
2115
2121
2123
2118
2127
2131
2132
2122
2128
2121
2133
2121
2120
2130
2130
2132
2134
2132
2136
2130
2122
2117
2098
2099
2100
2090
2090
2090
2082
2089
2097
2101
2120
2109
2106
2108
2106
2115
2122
2122
2130
2130
2127
2097
2106
2111
2126
2115
2107
2113
2108
2112
2106
2099
2105
2107
2116
2112
2117
2121
2121
2124
2106
2122
2123
2114
2119
2118
2116
2107
2102
2134
2127
2122
2115
2115
2119
2113
2104
2098
2102
2090
2091
2100
2098
2106
2109
2110
2126
2130
2126
2108
2084
2067
2120
2141
2131
2136
2144
2148
2150
2145
2143
2140
2147
2125
2133
2115
2132
2133
2136
2158
2164
2140
2145
2139
2127
2117
2122
2109
2119
2120
2123
2124
2129
2136
2129
2125
2122
2115
2117
2120
2109
2114
2109
2104
2100
2083
2049
2058
2073
2054
2042
2054
2077
2089
2119
2118
2127
2135
2136
2139
2139
2139
2141
2135
2135
2132
2132
2136
2133
2139
2142
2140
2149
2148
2140
2138
2125
2124
2105
2113
2108
2109
2120
2123
2144
2139
2120
2106
2128
2121
2123
2116
2111
2116
2106
2108
2101
2102
2079
2046
2041
2060
2091
2094
2099
2098
2117
2119
2133
2128
2132
2138
2148
2148
2153
2157
2159
2147
2156
2144
2146
2145
2134
2123
2124
2124
2127
2124
2128
2138
2149
2156
2145
2101
2093
2111
2109
2130
2101
2111
2103
2110
2113
2106
2117
2128
2140
2138
2138
2145
2133
2139
2142
2131
2141
2136
2138
2125
2125
2129
2135
2138
2144
2149
2140
2149
2142
2141
2129
2127
2127
2123
2084
2076
2089
2091
2121
2147
2117
2109
2113
2090
2096
2089
2087
2079
2079
2082
2067
2076
2094
2112
2119
2135
2148
2146
2147
2146
2147
2140
2149
2141
2143
2138
2134
2138
2133
2125
2125
2123
2131
2122
2120
2106
2093
2097
2101
2097
2103
2089
2100
2104
2102
2115
2112
2133
2127
2151
2147
2164
2122
2124
2132
2137
2136
2114
2115
2107
2089
2048
2076
2098
2127
2122
2108
2125
2125
2130
2142
2151
2155
2144
2152
2140
2138
2132
2136
2140
2139
2138
2130
2140
2138
2125
2102
2089
2103
2088
2081
2082
2088
2127
2102
2096
2133
2126
2109
2072
2086
2054
2051
2066
2097
2116
2105
2122
2129
2133
2132
2133
2132
2131
2123
2131
2128
2139
2136
2134
2148
2140
2150
2137
2142
2123
2121
2103
2119
2100
2113
2096
2100
2093
2095
2102
2115
2112
2114
2116
2116
2105
2101
2085
2071
2069
2083
2112
2120
2121
2122
2126
2121
2124
2118
2119
2121
2120
2124
2121
2132
2122
2128
2139
2142
2138
2128
2118
2101
2105
2107
2099
2094
2081
2081
2083
2081
2081
2099
2101
2091
2100
2113
2112
2095
2094
2071
2067
2065
2101
2121
2122
2121
2125
2136
2145
2123
2109
2113
2115
2124
2132
2132
2136
2130
2134
2129
2142
2136
2134
2113
2114
2104
2109
2094
2100
2097
2113
2114
2119
2111
2137
2161
2174
2172
2144
2154
2138
2146
2092
2043
2041
2079
2112
2113
2104
2131
2125
2132
2133
2139
2136
2139
2131
2133
2140
2123
2130
2129
2131
2129
2132
2125
2135
2121
2123
2122
2113
2117
2109
2101
2109
2102
2110
2103
2124
2131
2123
2102
2105
2126
2127
2145
2116
2120
2110
2095
2056
2057
2080
2086
2114
2131
2133
2134
2151
2152
2144
2137
2137
2134
2135
2131
2142
2148
2143
2138
2143
2140
2145
2152
2147
2087
2065
2072
2121
2163
2122
2103
2084
2085
2096
2095
2094
2085
2080
2078
2055
2064
2089
2100
2111
2128
2132
2128
2132
2129
2130
2139
2129
2141
2136
2147
2144
2146
2145
2147
2145
2139
2133
2133
2122
2108
2108
2103
2092
2105
2128
2107
2076
2093
2091
2087
2070
2053
2055
2031
2024
2041
2072
2100
2097
2126
2122
2132
2129
2141
2146
2139
2140
2137
2137
2142
2145
2143
2147
2140
2137
2140
2131
2125
2117
2107
2091
2099
2087
2092
2097
2103
2106
2108
2113
2117
2127
2145
2170
2163
2128
2147
2149
2137
2134
2112
2100
2085
2056
2064
2079
2107
2109
2100
2114
2128
2123
2121
2126
2121
2124
2116
2121
2124
2121
2120
2124
2121
2132
2119
2119
2124
2123
2116
2108
2109
2113
2111
2115
2110
2099
2097
2104
2105
2122
2122
2156
2128
2122
2128
2129
2134
2100
2105
2110
2107
2072
2081
2098
2108
2130
2132
2116
2120
2131
2131
2122
2132
2133
2128
2127
2131
2141
2133
2133
2136
2130
2133
2127
2127
2117
2123
2104
2107
2098
2089
2086
2087
2081
2080
2092
2085
2090
2104
2109
2112
2127
2135
2143
2139
2128
2117
2126
2112
2120
2112
2105
2116
2104
2104
2092
2094
2066
2030
2063
2089
2113
2121
2096
2118
2125
2129
2143
2144
2157
2157
2150
2139
2128
2133
2131
2147
2141
2134
2120
2126
2127
2114
2112
2103
2102
2102
2106
2109
2158
2125
2107
2117
2117
2094
2082
2089
2099
2091
2093
2084
2098
2103
2101
2113
2120
2110
2125
2133
2124
2129
2134
2134
2133
2141
2129
2149
2144
2140
2132
2133
2145
2130
2136
2127
2125
2120
2115
2116
2118
2120
2116
2118
2138
2115
2106
2099
2091
2099
2102
2110
2106
2109
2097
2088
2078
2102
2120
2116
2113
2125
2138
2126
2141
2142
2142
2134
2138
2126
2138
2134
2128
2127
2115
2126
2111
2107
2115
2125
2117
2109
2109
2122
2125
2135
2163
2176
2156
2132
2126
2121
2117
2120
2111
2104
2091
2080
2088
2092
2094
2089
2076
2079
2073
2079
2069
2083
2088
2115
2101
2114
2114
2120
2106
2117
2119
2120
2116
2116
2129
2121
2125
2118
2125
2123
2124
2120
2117
2102
2111
2115
2112
2124
2117
2120
2102
2113
2118
2107
2118
2107
2117
2129
2162
2124
2124
2113
2128
2126
2125
2129
2117
2108
2104
2096
2090
2090
2083
2073
2071
2082
2088
2087
2088
2068
2053
2086
2110
2127
2123
2128
2128
2126
2131
2122
2122
2131
2127
2122
2122
2133
2129
2119
2122
2122
2121
2115
2107
2117
2099
2098
2097
2099
2107
2112
2109
2111
2105
2124
2121
2122
2122
2131
2147
2156
2144
2156
2163
2142
2130
2125
2127
2119
2119
2102
2095
2069
2041
2042
2083
2103
2123
2099
2116
2143
2140
2147
2159
2148
2154
2148
2147
2130
2125
2127
2129
2140
2129
2144
2141
2157
2137
2134
2126
2118
2121
2109
2111
2117
2149
2138
2118
2104
2106
2081
2080
2090
2097
2095
2102
2103
2115
2122
2116
2104
2115
2120
2110
2111
2113
2122
2120
2125
2123
2129
2121
2113
2113
2111
2134
2131
2133
2126
2129
2123
2134
2135
2138
2132
2119
2120
2129
2120
2123
2122
2113
2111
2138
2125
2141
2135
2128
2109
2099
2086
2075
2063
2065
2069
2082
2081
2074
2051
2029
2032
2081
2106
2125
2136
2139
2134
2135
2136
2140
2152
2147
2156
2156
2161
2164
2158
2138
2137
2132
2127
2142
2133
2134
2125
2112
2115
2117
2120
2117
2115
2119
2113
2115
2107
2116
2104
2093
2094
2115
2116
2109
2113
2116
2109
2108
2101
2098
2111
2083
2090
2083
2096
2097
2094
2116
2117
2118
2123
2126
2130
2130
2126
2119
2128
2125
2125
2132
2129
2132
2126
2124
2127
2127
2123
2123
2119
2113
2112
2106
2110
2100
2097
2100
2100
2111
2114
2122
2121
2104
2108
2120
2128
2133
2128
2122
2122
2125
2115
2126
2106
2100
2108
2107
2115
2112
2115
2102
2121
2123
2114
2123
2120
2122
2121
2121
2130
2132
2141
2135
2138
2132
2127
2130
2128
2122
2126
2122
2118
2112
2113
2115
2119
2119
2113
2112
2104
2117
2111
2124
2110
2115
2114
2126
2117
2120
2101
2100
2088
2098
2081
2087
2098
2110
2109
2107
2112
2111
2114
2117
2120
2124
2122
2121
2129
2124
2116
2131
2120
2114
2122
2128
2131
2130
2125
2132
2121
2107
2110
2109
2112
2123
2119
2126
2138
2138
2128
2122
2120
2097
2095
2095
2097
2105
2107
2108
2100
2085
2079
2065
2085
2098
2104
2101
2115
2123
2123
2126
2132
2131
2130
2132
2135
2141
2149
2139
2141
2136
2139
2143
2134
2134
2128
2123
2122
2115
2119
2120
2119
2124
2119
2128
2126
2128
2121
2132
2116
2103
2099
2118
2128
2127
2126
2129
2133
2128
2133
2124
2127
2103
2097
2090
2094
2105
2096
2089
2115
2127
2124
2116
2115
2118
2116
2116
2114
2122
2122
2124
2122
2130
2133
2127
2133
2123
2117
2119
2115
2110
2106
2104
2097
2108
2109
2100
2113
2100
2114
2107
2109
2105
2115
2117
2130
2130
2112
2100
2100
2081
2085
2105
2109
2136
2112
2116
2128
2128
2125
2133
2130
2130
2122
2123
2132
2132
2130
2134
2133
2130
2138
2135
2136
2131
2124
2119
2115
2109
2096
2094
2102
2091
2100
2103
2117
2117
2117
2126
2120
2139
2127
2116
2126
2123
2134
2129
2122
2127
2122
2124
2117
2107
2098
2101
2111
2122
2130
2124
2125
2124
2123
2131
2126
2137
2119
2126
2121
2125
2118
2124
2128
2125
2124
2123
2127
2126
2131
2124
2125
2116
2114
2105
2112
2112
2110
2118
2110
2098
2109
2114
2115
2120
2121
2116
2101
2120
2125
2120
2113
2110
2110
2115
2114
2100
2088
2085
2096
2098
2103
2096
2116
2100
2119
2128
2127
2123
2123
2121
2122
2123
2127
2129
2124
2121
2140
2138
2140
2146
2142
2144
2129
2129
2112
2120
2115
2119
2117
2107
2122
2118
2138
2122
2119
2108
2103
2109
2107
2114
2109
2113
2103
2102
2109
2106
2104
2090
2100
2107
2116
2115
2120
2131
2133
2140
2133
2137
2124
2136
2139
2131
2142
2140
2143
2125
2138
2125
2127
2126
2125
2130
2120
2133
2136
2123
2116
2116
2124
2110
2123
2117
2114
2116
2115
2124
2124
2124
2122
2123
2122
2116
2122
2120
2123
2113
2113
2115
2120
2099
2078
2076
2084
2097
2100
2093
2098
2088
2114
2123
2114
2114
2123
2114
2119
2120
2122
2133
2124
2134
2129
2131
2129
2124
2123
2115
2115
2115
2114
2115
2110
2107
2111
2106
2091
2110
2094
2099
2097
2106
2117
2122
2110
2121
2123
2133
2136
2122
2130
2122
2124
2115
2113
2095
2089
2102
2113
2129
2124
2124
2133
2144
2143
2139
2136
2137
2129
2134
2131
2135
2132
2140
2139
2133
2140
2140
2139
2132
2128
2127
2127
2124
2130
2123
2118
2114
2108
2106
2112
2127
2125
2109
2096
2101
2107
2123
2106
2114
2107
2101
2092
2079
2084
2107
2124
2133
2119
2143
2145
2137
2138
2139
2133
2123
2131
2124
2130
2132
2129
2133
2136
2132
2138
2136
2119
2095
2100
2087
2083
2094
2093
2107
2111
2110
2106
2081
2094
2092
2098
2092
2095
2098
2104
2090
2100
2091
2085
2099
2101
2101
2088
2108
2110
2109
2109
2109
2108
2117
2115
2122
2124
2117
2123
2123
2119
2121
2122
2123
2126
2123
2117
2114
2106
2116
2116
2116
2116
2126
2132
2128
2127
2123
2142
2121
2114
2110
2117
2097
2087
2090
2109
2110
2109
2096
2085
2082
2074
2085
2100
2099
2115
2128
2121
2124
2119
2138
2124
2130
2128
2132
2134
2144
2142
2140
2137
2140
2136
2132
2126
2128
2124
2114
2114
2115
2113
2116
2115
2117
2123
2124
2139
2132
2123
2119
2134
2139
2140
2128
2141
2128
2134
2117
2127
2119
2105
2095
2090
2079
2087
2085
2091
2086
2094
2091
2093
2095
2101
2098
2098
2082
2073
2068
2081
2086
2093
2118
2121
2126
2126
2141
2133
2139
2130
2130
2131
2128
2122
2119
2122
2110
2112
2116
2114
2110
2112
2113
2120
2129
2139
2141
2136
2148
2133
2143
2149
2134
2145
2146
2135
2120
2109
2104
2090
2079
2060
2064
2064
2074
2063
2052
2061
2064
2093
2095
2094
2095
2100
2119
2119
2124
2117
2122
2114
2124
2123
2121
2121
2126
2132
2131
2131
2129
2126
2132
2121
2133
2118
2132
2128
2139
2137
2136
2181
2153
2135
2106
2087
2071
2028
2062
2072
2081
2082
2069
2051
2083
2101
2111
2130
2138
2143
2137
2142
2117
2113
2351
2114
2158
2082
2096
2097
2110
2108
2125
2104
2108
2104
2104
2104
2109
2111
2114
2119
2115
2117
2113
2119
2104
2111
2109
2108
2098
2092
2083
2075
2081
2083
2095
2082
2082
2074
2064
2057
2035
2062
2056
2102
2119
2119
2123
2124
2123
2129
2134
2140
2141
2133
2138
2135
2147
2140
2137
2121
2136
2134
2139
2142
2132
2124
2124
2121
2126
2130
2136
2137
2162
2182
2143
2134
2112
2101
2100
2100
2102
2102
2126
2124
2122
2101
2065
2039
2062
2078
2086
2092
2119
2123
2141
2130
2133
2138
2141
2141
2146
2141
2145
2137
2139
2129
2126
2126
2116
2123
2112
2121
2111
2123
2112
2113
2116
2108
2106
2108
2124
2124
2126
2111
2102
2098
2098
2102
2101
2100
2099
2093
2089
2083
2062
2080
2126
2121
2126
2120
2129
2122
2125
2128
2126
2133
2127
2129
2131
2141
2128
2131
2127
2138
2146
2143
2138
2139
2149
2128
2111
2114
2094
2077
2103
2114
2112
2104
2098
2098
2111
2105
2128
2130
2122
2124
2133
2124
2133
2137
2147
2153
2156
2145
2117
2091
2080
2100
2113
2117
2114
2121
2122
2121
2123
2122
2132
2128
2126
2132
2123
2132
2136
2137
2138
2129
2136
2126
2124
2124
2123
2119
2110
2110
2114
2108
2096
2104
2107
2112
2109
2108
2097
2095
2098
2108
2129
2113
2107
2103
2096
2069
2055
2072
2094
2113
2132
2119
2144
2134
2135
2135
2129
2123
2144
2140
2132
2131
2132
2127
2133
2127
2129
2131
2132
2120
2134
2125
2109
2113
2114
2109
2113
2108
2111
2103
2116
2103
2118
2113
2126
2114
2122
2131
2129
2135
2131
2123
2115
2115
2092
2075
2075
2097
2121
2124
2112
2125
2129
2121
2128
2129
2124
2130
2140
2137
2151
2138
2140
2141
2139
2136
2148
2154
2157
2145
2146
2133
2121
2120
2117
2118
2116
2126
2117
2128
2095
2088
2096
2111
2100
2101
2109
2100
2088
2060
2067
2085
2094
2103
2099
2099
2125
2124
2133
2129
2136
2134
2130
2132
2137
2139
2132
2139
2140
2143
2135
2129
2138
2140
2124
2128
2119
2127
2136
2132
2147
2142
2159
2135
2123
2128
2135
2103
2061
2083
2084
2096
2101
2099
2084
2068
2080
2100
2096
2102
2121
2132
2128
2144
2141
2157
2141
2140
2128
2147
2138
2112
2130
2132
2131
2132
2120
2111
2115
2121
2105
2106
2096
2107
2121
2123
2115
2092
2123
2113
2122
2126
2119
2102
2082
2083
2097
2105
2095
2072
2068
2075
2081
2057
2053
2063
2099
2118
2105
2131
2140
2154
2155
2153
2156
2157
2151
2139
2146
2137
2144
2152
2148
2142
2140
2146
2141
2137
2140
2128
2128
2128
2122
2120
2127
2122
2114
2126
2122
2121
2119
2121
2147
2130
2117
2116
2117
2115
2121
2111
2115
2105
2107
2119
2120
2100
2092
2083
2101
2099
2108
2106
2119
2130
2137
2139
2146
2149
2135
2138
2141
2137
2130
2135
2127
2124
2121
2141
2124
2119
2105
2116
2120
2105
2088
2092
2107
2107
2104
2105
2100
2110
2119
2122
2091
2078
2081
2078
2086
2077
2083
2081
2083
2056
2057
2046
2061
2086
2079
2073
2116
2122
2122
2122
2129
2138
2130
2132
2127
2133
2150
2142
2149
2137
2141
2149
2140
2133
2127
2130
2121
2126
2117
2122
2128
2127
2122
2138
2140
2139
2130
2119
2124
2110
2106
2099
2105
2108
2113
2113
2117
2106
2099
2091
2100
2118
2111
2115
2114
2116
2122
2113
2114
2111
2117
2107
2126
2130
2133
2138
2132
2130
2127
2132
2136
2132
2129
2117
2122
2117
2117
2122
2114
2109
2107
2105
2116
2124
2108
2090
2092
2092
2104
2096
2096
2098
2107
2105
2108
2110
2124
2141
2123
2147
2138
2139
2138
2138
2132
2137
2133
2121
2138
2131
2141
2146
2134
2137
2139
2128
2131
2129
2131
2118
2119
2132
2132
2135
2142
2147
2147
2146
2161
2153
2149
2140
2120
2119
2123
2132
2137
2135
2133
2120
2110
2100
2100
2107
2105
2105
2096
2104
2115
2126
2115
2126
2121
2122
2121
2123
2122
2118
2104
2104
2118
2121
2124
2125
2116
2116
2130
2119
2124
2109
2102
2099
2096
2106
2108
2107
2105
2107
2114
2110
2108
2101
2098
2110
2108
2090
2093
2094
2107
2111
2119
2125
2116
2117
2106
2100
2088
2071
2084
2092
2102
2105
2105
2105
2114
2120
2111
2113
2117
2125
2132
2132
2136
2134
2127
2121
2122
2122
2130
2137
2140
2139
2129
2126
2128
2114
2111
2097
2100
2110
2112
2113
2112
2114
2136
2153
2141
2138
2130
2133
2124
2090
2082
2087
2072
2075
2081
2079
2094
2082
2078
2070
2088
2075
2049
2037
2065
2099
2114
2108
2114
2113
2120
2131
2132
2120
2125
2150
2155
2145
2126
2120
2129
2144
2143
2135
2131
2134
2140
2124
2123
2123
2128
2131
2124
2125
2128
2146
2147
2151
2128
2123
2129
2119
2097
2092
2094
2104
2111
2119
2115
2101
2095
2091
2117
2128
2123
2125
2127
2127
2136
2138
2134
2129
2136
2140
2144
2133
2127
2132
2139
2134
2132
2134
2130
2126
2120
2122
2117
2111
2106
2108
2108
2111
2105
2103
2103
2109
2102
2099
2101
2107
2109
2114
2129
2135
2145
2127
2137
2148
2143
2135
2128
2120
2124
2120
2115
2122
2126
2101
2083
2072
2082
2096
2104
2112
2103
2108
2121
2123
2121
2125
2131
2131
2131
2132
2122
2122
2128
2124
2129
2112
2119
2112
2124
2116
2119
2116
2129
2117
2108
2116
2118
2130
2116
2128
2115
2117
2110
2111
2109
2108
2109
2097
2094
2108
2116
2128
2126
2122
2121
2114
2105
2114
2094
2077
2076
2085
2101
2113
2107
2112
2126
2135
2129
2137
2140
2149
2141
2139
2143
2154
2153
2150
2144
2142
2133
2141
2127
2125
2115
2078
2068
2064
2079
2085
2110
2135
2113
2106
2102
2110
2119
2118
2108
2108
2115
2118
2115
2113
2106
2119
2122
2111
2141
2146
2145
2137
2148
2163
2168
2174
2158
2160
2149
2138
2146
2138
2149
2142
2133
2128
2139
2129
2120
2114
2110
2106
2094
2096
2089
2107
2101
2101
2105
2103
2127
2124
2101
2106
2127
2147
2109
2111
2101
2090
2077
2075
2099
2113
2116
2106
2133
2136
2139
2139
2135
2140
2124
2131
2122
2124
2124
2125
2122
2129
2134
2135
2129
2128
2120
2111
2114
2118
2123
2115
2114
2116
2124
2124
2127
2126
2125
2125
2139
2145
2133
2108
2103
2118
2108
2120
2100
2094
2093
2096
2094
2091
2070
2087
2086
2108
2121
2114
2134
2130
2139
2137
2132
2132
2133
2139
2132
2134
2133
2137
2143
2138
2138
2139
2131
2130
2124
2113
2116
2121
2126
2120
2115
2101
2109
2106
2110
2113
2119
2127
2129
2140
2121
2117
2102
2133
2124
2117
2101
2096
2097
2086
2049
2061
2065
2087
2094
2105
2094
2110
2110
2125
2119
2131
2118
2121
2128
2130
2131
2146
2137
2133
2133
2133
2126
2126
2124
2131
2121
2117
2112
2123
2112
2113
2113
2116
2115
2111
2130
2142
2163
2165
2156
2147
2151
2161
2146
2148
2122
2118
2121
2104
2100
2066
2066
2097
2107
2123
2105
2130
2113
2118
2122
2124
2122
2113
2122
2109
2101
2103
2116
2118
2113
2113
2114
2118
2116
2119
2112
2116
2123
2117
2123
2114
2114
2120
2126
2127
2125
2122
2123
2117
2123
2125
2121
2122
2140
2145
2122
2095
2116
2110
2114
2114
2103
2098
2091
2092
2077
2077
2079
2093
2105
2113
2130
2116
2116
2123
2113
2116
2114
2120
2122
2117
2107
2114
2106
2117
2114
2116
2108
2097
2103
2106
2119
2117
2116
2110
2107
2107
2116
2110
2119
2118
2107
2105
2102
2103
2104
2112
2113
2115
2122
2108
2117
2125
2132
2125
2120
2116
2115
2117
2118
2120
2110
2097
2098
2106
2121
2133
2123
2139
2141
2139
2138
2131
2134
2138
2143
2147
2146
2145
2135
2131
2133
2140
2135
2129
2128
2122
2122
2126
2122
2124
2121
2125
2134
2145
2140
2149
2157
2156
2161
2162
2166
2142
2129
2127
2138
2142
2146
2140
2113
2105
2100
2090
2091
2098
2107
2111
2105
2107
2119
2110
2127
2128
2125
2112
2113
2110
2103
2116
2124
2130
2128
2130
2123
2121
2123
2135
2136
2139
2111
2090
2076
2092
2085
2077
2084
2077
2075
2075
2090
2112
2128
2106
2096
2087
2102
2104
2109
2114
2110
2102
2091
2093
2104
2111
2104
2086
2075
2065
2085
2099
2104
2103
2117
2108
2100
2106
2116
2126
2125
2116
2117
2112
2113
2117
2129
2122
2115
2109
2107
2106
2104
2111
2116
2105
2096
2088
2096
2119
2120
2111
2094
2100
2106
2119
2132
2119
2106
2106
2101
2111
2096
2099
2102
2086
2079
2071
2089
2099
2116
2111
2109
2092
2106
2117
2124
2126
2125
2110
2109
2120
2135
2142
2136
2124
2124
2121
2138
2147
2157
2143
2116
2092
2113
2102
2088
2087
2090
2096
2095
2103
2121
2149
2149
2117
2090
2097
2123
2134
2139
2117
2105
2105
2109
2106
2113
2088
2081
2085
2105
2115
2139
2146
2131
2122
2119
2135
2137
2148
2146
2126
2123
2131
2143
2152
2149
2131
2118
2122
2118
2139
2142
2129
2121
2108
2111
2126
2123
2127
2111
2096
2102
2112
2120
2122
2100
2090
2089
2110
2126
2126
2140
2130
2120
2095
2130
2141
2151
2123
2105
2108
2122
2106
2063
2074
2079
2101
2105
2123
2135
2136
2118
2106
2107
2124
2140
2143
2131
2123
2121
2126
2136
2136
2132
2113
2107
2100
2120
2127
2132
2124
2112
2112
2110
2119
2121
2117
2103
2089
2088
2093
2114
2124
2144
2135
2113
2103
2114
2129
2141
2132
2125
2121
2123
2131
2121
2109
2084
2091
2102
2119
2127
2104
2112
2127
2117
2107
2113
2131
2131
2117
2125
2115
2117
2118
2127
2130
2115
2123
2108
2114
2121
2127
2135
2125
2123
2105
2099
2104
2106
2109
2106
2106
2096
2096
2109
2107
2128
2124
2128
2120
2107
2112
2122
2130
2141
2134
2124
2117
2117
2115
2115
2106
2102
2098
2078
2071
2086
2103
2118
2107
2117
2116
2109
2123
2127
2137
2129
2133
2123
2117
2120
2129
2131
2129
2126
2120
2124
2122
2121
2119
2114
2120
2123
2123
2111
2107
2104
2113
2126
2134
2126
2135
2132
2132
2143
2132
2109
2089
2090
2104
2106
2121
2124
2108
2089
2088
2082
2099
2103
2110
2110
2113
2123
2126
2130
2121
2125
2126
2120
2117
2115
2112
2113
2121
2126
2125
2120
2119
2119
2124
2125
2127
2117
2120
2113
2123
2126
2129
2129
2138
2126
2132
2123
2126
2137
2134
2113
2121
2123
2123
2112
2106
2108
2117
2107
2101
2101
2110
2127
2121
2119
2113
2117
2114
2142
2142
2140
2134
2120
2116
2106
2079
2051
2072
2093
2116
2135
2141
2140
2126
2133
2134
2149
2130
2116
2113
2113
2124
2128
2122
2116
2120
2122
2129
2134
2130
2125
2121
2124
2130
2130
2123
2116
2123
2136
2138
2137
2123
2134
2132
2138
2150
2142
2133
2123
2124
2121
2110
2105
2104
2115
2123
2134
2133
2137
2122
2132
2129
2130
2111
2113
2107
2094
2119
2140
2127
2136
2137
2136
2130
2131
2124
2121
2122
2126
2131
2115
2115
2120
2119
2123
2119
2114
2106
2104
2120
2122
2123
2117
2116
2109
2107
2117
2107
2108
2106
2109
2108
2116
2116
2114
2126
2121
2148
2157
2143
2128
2134
2141
2140
2136
2112
2108
2107
2110
2126
2123
2110
2106
2105
2099
2093
2095
2087
2093
2114
2126
2123
2116
2133
2126
2146
2143
2144
2132
2120
2130
2130
2133
2129
2128
2123
2133
2145
2140
2135
2120
2115
2129
2137
2139
2144
2135
2131
2129
2136
2132
2129
2137
2128
2133
2133
2144
2116
2113
2124
2108
2106
2081
2075
2089
2100
2117
2109
2108
2091
2091
2096
2086
2075
2083
2090
2110
2106
2113
2116
2112
2123
2131
2127
2150
2141
2132
2120
2120
2130
2133
2140
2128
2109
2108
2106
2117
2120
2121
2108
2107
2104
2117
2113
2115
2117
2123
2137
2146
2133
2114
2119
2115
2124
2122
2124
2106
2098
2096
2108
2113
2107
2115
2098
2092
2098
2116
2127
2143
2132
2135
2146
2155
2153
2162
2162
2166
2156
2154
2145
2144
2157
2169
2163
2154
2141
2138
2137
2149
2151
2140
2130
2110
2125
2113
2120
2117
2104
2101
2087
2088
2087
2102
2120
2120
2129
2115
2117
2113
2132
2142
2158
2148
2141
2131
2127
2128
2121
2119
2113
2103
2083
2087
2089
2109
2115
2119
2109
2122
2113
2120
2124
2136
2139
2150
2137
2129
2126
2137
2138
2143
2146
2131
2133
2120
2120
2108
2128
2124
2131
2121
2111
2108
2106
2114
2116
2115
2109
2102
2095
2107
2118
2139
2142
2118
2106
2115
2125
2147
2154
2147
2147
2146
2146
2144
2135
2137
2140
2139
2133
2128
2124
2139
2142
2147
2146
2137
2127
2140
2145
2154
2151
2134
2122
2107
2110
2122
2134
2133
2121
2103
2094
2092
2102
2104
2106
2095
2099
2106
2099
2127
2121
2117
2108
2096
2104
2108
2128
2145
2159
2140
2122
2114
2122
2123
2142
2141
2136
2123
2125
2124
2125
2118
2101
2080
2074
2093
2111
2117
2106
2096
2093
2091
2102
2117
2123
2114
2114
2098
2100
2099
2110
2116
2098
2103
2089
2108
2104
2114
2107
2102
2089
2085
2081
2095
2101
2098
2094
2089
2083
2093
2102
2111
2101
2098
2085
2084
2093
2103
2109
2116
2089
2080
2082
2093
2091
2085
2066
2065
2074
2089
2120
2122
2116
2127
2134
2140
2140
2140
2133
2132
2111
2118
2115
2128
2132
2134
2121
2114
2114
2120
2122
2116
2107
2097
2091
2094
2100
2107
2104
2098
2091
2090
2091
2103
2114
2110
2090
2091
2116
2133
2123
2118
2105
2093
2083
2085
2077
2085
2072
2077
2088
2102
2090
2115
2117
2128
2129
2126
2125
2131
2128
2133
2140
2146
2138
2140
2146
2149
2147
2139
2134
2124
2122
2131
2128
2122
2118
2110
2097
2103
2098
2093
2104
2110
2114
2104
2105
2124
2126
2124
2107
2114
2108
2118
2129
2120
2121
2115
2102
2084
2077
2081
2090
2104
2133
2128
2147
2147
2152
2152
2160
2153
2155
2149
2147
2148
2147
2146
2155
2151
2141
2140
2140
2145
2152
2152
2145
2139
2140
2130
2138
2128
2136
2140
2135
2136
2137
2149
2140
2128
2124
2120
2099
2103
2091
2098
2111
2115
2116
2113
2107
2113
2118
2120
2113
2124
2130
2133
2129
2132
2135
2137
2134
2129
2129
2128
2130
2133
2128
2130
2124
2121
2116
2134
2132
2131
2128
2114
2121
2116
2116
2115
2121
2121
2128
2118
2114
2112
2122
2113
2108
2116
2141
2134
2133
2116
2121
2114
2094
2089
2098
2108
2095
2094
2096
2104
2103
2100
2106
2102
2100
2096
2101
2108
2083
2102
2101
2102
2112
2118
2116
2119
2113
2120
2116
2112
2113
2112
2115
2106
2098
2101
2101
2104
2111
2107
2106
2109
2109
2110
2113
2111
2123
2120
2114
2116
2106
2112
2113
2120
2127
2134
2127
2126
2124
2117
2128
2126
2124
2121
2125
2110
2111
2103
2108
2102
2100
2078
2086
2106
2114
2116
2139
2146
2148
2151
2156
2147
2151
2142
2133
2132
2145
2139
2138
2143
2143
2137
2143
2138
2139
2136
2136
2141
2142
2132
2125
2123
2123
2126
2130
2123
2131
2122
2132
2130
2134
2139
2139
2131
2129
2133
2135
2136
2138
2130
2128
2131
2124
2115
2111
2107
2103
2091
2086
2088
2098
2099
2107
2101
2115
2116
2118
2119
2119
2125
2122
2126
2131
2124
2116
2115
2121
2120
2122
2123
2127
2129
2128
2128
2129
2126
2124
2126
2124
2121
2116
2111
2114
2124
2117
2114
2120
2105
2102
2099
2097
2106
2111
2115
2110
2109
2116
2120
2107
2111
2106
2110
2104
2114
2125
2127
2127
2135
2143
2136
2125
2107
2104
2112
2123
2122
2116
2113
2128
2131
2128
2122
2127
2114
2129
2117
2125
2130
2125
2125
2136
2138
2129
2140
2139
2136
2138
2124
2127
2119
2124
2120
2118
2120
2119
2119
2120
2113
2120
2129
2137
2168
2122
2133
2099
2095
2101
2090
2089
2098
2100
2107
2111
2115
2111
2113
2118
2129
2141
2140
2149
2147
2145
2145
2130
2128
2117
2102
2096
2083
2084
2082
2090
2098
2116
2107
2125
2131
2133
2132
2151
2151
2149
2149
2149
2144
2145
2138
2138
2143
2149
2138
2141
2148
2141
2121
2107
2099
2100
2100
2106
2118
2127
2149
2146
2142
2146
2141
2133
2132
2129
2124
2118
2119
2128
2112
2118
2122
2120
2109
2106
2074
2062
2061
2087
2109
2110
2116
2127
2135
2137
2145
2136
2153
2148
2157
2150
2145
2130
2136
2128
2133
2134
2129
2136
2135
2140
2130
2109
2108
2117
2121
2125
2136
2136
2124
2123
2121
2110
2104
2099
2099
2101
2100
2101
2106
2114
2100
2092
2100
2099
2089
2071
2074
2085
2093
2095
2109
2116
2114
2123
2117
2119
2120
2124
2140
2129
2145
2126
2138
2125
2120
2136
2127
2127
2122
2126
2113
2130
2116
2120
2115
2126
2124
2127
2131
2133
2124
2126
2129
2108
2096
2092
2096
2106
2111
2104
2110
2117
2114
2106
2106
2106
2105
2101
2106
2117
2119
2116
2112
2116
2122
2129
2124
2119
2117
2121
2116
2118
2121
2122
2109
2124
2115
2111
2117
2111
2110
2103
2095
2104
2097
2104
2104
2103
2101
2105
2108
2103
2107
2106
2109
2107
2111
2118
2121
2118
2105
2104
2111
2103
2103
2112
2114
2115
2114
2117
2121
2098
2081
2067
2088
2092
2102
2111
2104
2094
2110
2112
2121
2124
2122
2123
2122
2130
2130
2137
2136
2135
2131
2132
2139
2148
2138
2142
2128
2129
2123
2117
2118
2112
2109
2107
2106
2105
2107
2110
2107
2107
2102
2110
2116
2121
2140
2135
2147
2125
2127
2127
2129
2126
2122
2115
2124
2119
2115
2098
2100
2116
2135
2146
2139
2143
2150
2145
2147
2143
2142
2144
2137
2147
2146
2133
2130
2139
2145
2140
2138
2139
2129
2122
2121
2117
2116
2122
2121
2125
2116
2121
2123
2132
2131
2115
2116
2103
2103
2109
2106
2118
2117
2114
2105
2104
2104
2092
2078
2078
2100
2107
2113
2106
2130
2142
2142
2147
2152
2154
2153
2161
2166
2158
2155
2148
2146
2149
2151
2149
2145
2142
2129
2130
2135
2126
2124
2116
2124
2125
2116
2125
2121
2130
2140
2130
2124
2110
2119
2126
2115
2104
2108
2110
2112
2115
2115
2100
2108
2094
2074
2082
2093
2108
2101
2105
2118
2116
2117
2114
2115
2120
2115
2123
2128
2128
2133
2128
2131
2130
2138
2135
2133
2138
2129
2123
2120
2110
2109
2106
2110
2110
2117
2112
2126
2126
2105
2095
2106
2104
2104
2106
2090
2100
2101
2098
2093
2079
2074
2072
2072
2090
2113
2102
2120
2133
2132
2140
2133
2130
2125
2131
2132
2121
2134
2125
2133
2121
2123
2122
2121
2115
2118
2115
2115
2114
2107
2104
2108
2105
2105
2101
2099
2108
2104
2111
2111
2120
2122
2134
2124
2141
2123
2127
2127
2126
2135
2126
2127
2130
2141
2141
2134
2143
2132
2124
2121
2118
2104
2109
2105
2120
2097
2094
2105
2116
2114
2110
2120
2115
2122
2122
2123
2122
2122
2112
2110
2104
2097
2109
2097
2100
2108
2091
2102
2108
2105
2115
2109
2113
2111
2114
2102
2116
2107
2113
2107
2113
2119
2112
2123
2108
2128
2119
2116
2139
2127
2133
2115
2128
2127
2132
2130
2131
2141
2138
2132
2117
2094
2111
2095
2098
2104
2097
2098
2101
2096
2090
2097
2087
2097
2100
2101
2107
2104
2112
2094
2096
2077
2082
2065
2072
2094
2099
2112
2103
2120
2121
2124
2126
2128
2132
2130
2133
2138
2130
2145
2127
2129
2122
2125
2126
2161
2145
2139
2133
2110
2099
2107
2112
2110
2111
