2106
2117
2139
2167
2187
2190
2178
2168
2144
2134
2114
2109
2101
2106
2097
2101
2108
2099
2100
2096
2097
2096
2103
2106
2101
2123
2128
2109
2095
2088
2091
2104
2109
2102
2116
2108
2108
2112
2108
2114
2113
2129
2113
2105
2104
2104
2106
2106
2103
2091
2107
2103
2100
2087
2100
2110
2122
2127
2121
2118
2121
2111
2114
2119
2115
2112
2119
2122
2124
2119
2118
2117
2124
2142
2169
2195
2209
2191
2169
2147
2138
2128
2132
2124
2125
2122
2126
2136
2137
2122
2117
2116
2120
2122
2127
2123
2123
2120
2120
2111
2117
2118
2115
2102
2109
2116
2121
2121
2115
2115
2103
2114
2116
2114
2116
2113
2114
2103
2104
2104
2113
2109
2116
2115
2107
2114
2103
2113
2108
2106
2113
2113
2113
2098
2096
2090
2088
2092
2093
2099
2095
2106
2110
2108
2101
2097
2097
2096
2108
2100
2102
2107
2098
2097
2089
2089
2091
2098
2102
2102
2098
2091
2095
2098
2097
2102
2098
2115
2135
2172
2178
2176
2175
2147
2130
2115
2117
2106
2120
2110
2133
2113
2114
2103
2101
2094
2089
2095
2101
2100
2090
2108
2106
2109
2101
2099
2097
2094
2094
2087
2093
2084
2091
2072
2082
2073
2074
2092
2096
2096
2097
2089
2092
2086
2100
2109
2121
2137
2130
2142
2129
2126
2103
2100
2116
2114
2110
2106
2107
2103
2111
2113
2106
2117
2106
2113
2097
2119
2109
2110
2113
2113
2120
2121
2127
2120
2119
2116
2112
2115
2133
2158
2172
2175
2179
2186
2174
2175
2147
2146
2130
2132
2120
2119
2132
2125
2133
2126
2131
2136
2131
2136
2134
2130
2106
2121
2111
2129
2112
2119
2090
2090
2084
2081
2105
2087
2098
2083
2077
2080
2073
2081
2095
2063
2132
2126
2121
2138
2137
2141
2150
2150
2157
2149
2159
2136
2149
2147
2153
2162
2154
2161
2143
2155
2166
2187
2193
2210
2181
2177
2155
2144
2139
2122
2143
2119
2131
2123
2124
2132
2132
2125
2134
2126
2134
2138
2127
2136
2132
2144
2129
2121
2122
2125
2120
2103
2089
2093
2087
2075
2073
2094
2077
2116
2146
2161
2186
2151
2199
2195
2207
2195
2176
2172
2163
2159
2170
2159
2172
2177
2164
2158
2164
2169
2185
2169
2152
2161
2165
2175
2185
2239
2238
2223
2199
2177
2161
2147
2141
2136
2136
2145
2156
2127
2099
2093
2103
2090
2082
2069
2081
2063
2081
2083
2094
2098
2103
2087
2086
2068
2066
2072
2076
2083
2094
2084
2098
2093
2069
2094
2079
2106
2098
2099
2101
2093
2094
2088
2087
2083
2079
2088
2083
2091
2098
2089
2098
2089
2099
2073
2099
2075
2100
2120
2160
2157
2138
2144
2129
2145
2125
2143
2146
2149
2146
2139
2190
2174
2171
2143
2125
2118
2096
2103
2097
2097
2090
2051
2075
2103
2119
2106
2112
2143
2143
2130
2125
2114
2122
2132
2130
2129
2141
2133
2120
2133
2126
2144
2126
2130
2128
2133
2116
2112
2151
2161
2148
2150
2143
2157
2143
2152
2143
2142
2141
2130
2115
2108
2113
2136
2134
2176
2201
2231
2258
2249
2248
2225
2194
2177
2127
2121
2116
2126
2135
2128
2143
2152
2146
2136
2151
2160
2149
2148
2138
2149
2133
2142
2135
2151
2141
2141
2128
2129
2129
2126
2118
2132
2113
2110
2107
2118
2108
2106
2102
2102
2109
2136
2141
2135
2153
2179
2190
2196
2186
2148
2119
2100
2091
2037
2062
2074
2081
2107
2076
2094
2099
2086
2094
2098
2108
2105
2114
2112
2120
2107
2110
2121
2109
2114
2104
2100
2093
2088
2082
2088
2081
2088
2077
2088
2089
2077
2087
2111
2103
2110
2114
2104
2113
2121
2125
2158
2147
2132
2127
2140
2162
2160
2197
2185
2177
2152
2132
2095
2102
2107
2110
2120
2124
2115
2118
2138
2128
2128
2132
2137
2123
2130
2129
2112
2135
2121
2124
2138
2120
2135
2139
2135
2137
2128
2131
2127
2107
2114
2118
2126
2109
2117
2100
2083
2107
2116
2105
2094
2107
2096
2107
2114
2095
2097
2095
2082
2085
2094
2127
2149
2114
2148
2144
2150
2153
2157
2161
2151
2151
2161
2186
2193
2201
2202
2194
2181
2170
2167
2150
2128
2112
2102
2101
2092
2087
2084
2085
2106
2100
2107
2089
2101
2095
2106
2116
2133
2126
2124
2110
2118
2107
2106
2109
2083
2082
2084
2065
2044
2040
2049
2072
2102
2095
2098
2120
2131
2117
2122
2121
2125
2124
2128
2123
2115
2116
2117
2122
2126
2146
2164
2196
2196
2177
2179
2158
2148
2144
2109
2132
2120
2107
2107
2093
2091
2079
2110
2115
2131
2122
2094
2097
2097
2106
2094
2084
2081
2092
2087
2097
2090
2104
2076
2064
2068
2079
2083
2095
2096
2088
2128
2119
2120
2135
2147
2139
2146
2138
2145
2149
2141
2138
2138
2142
2126
2118
2123
2128
2121
2115
2109
2106
2126
2126
2147
2158
2156
2158
2152
2114
2124
2148
2127
2115
2096
2100
2085
2095
2097
2085
2089
2097
2079
2042
2049
2093
2085
2111
2122
2133
2117
2125
2123
2106
2126
2114
2131
2131
2132
2113
2120
2117
2114
2120
2119
2110
2135
2112
2119
2119
2119
2104
2127
2103
2113
2104
2104
2095
2117
2111
2104
2103
2125
2129
2131
2134
2111
2127
2143
2142
2159
2139
2106
2104
2097
2071
2059
2085
2103
2121
2185
2140
2144
2128
2133
2124
2134
2114
2134
2129
2142
2128
2119
2125
2122
2116
2126
2130
2115
2136
2130
2128
2142
2133
2116
2124
2121
2106
2108
2121
2111
2121
2108
2103
2108
2126
2113
2088
2104
2094
2096
2132
2114
2097
2113
2085
2095
2076
2066
2052
2083
2142
2147
2170
2184
2191
2173
2168
2163
2140
2138
2118
2120
2131
2124
2115
2126
2126
2119
2140
2147
2132
2132
2135
2136
2143
2122
2141
2130
2126
2124
2117
2102
2115
2095
2106
2093
2099
2088
2104
2118
2129
2140
2126
2123
2133
2148
2140
2148
2138
2125
2117
2129
2149
2136
2128
2101
2102
2101
2114
2109
2126
2095
2129
2140
2135
2130
2135
2128
2127
2130
2134
2136
2146
2154
2145
2132
2138
2127
2124
2119
2113
2105
2092
2109
2100
2100
2092
2099
2100
2106
2103
2108
2098
2129
2127
2128
2119
2114
2138
2126
2132
2130
2119
2114
2111
2119
2100
2067
2065
2085
2147
2169
2177
2171
2189
2171
2181
2155
2137
2139
2136
2130
2130
2148
2142
2135
2146
2136
2133
2111
2148
2123
2119
2111
2110
2111
2113
2088
2100
2091
2123
2098
2092
2088
2085
2088
2097
2092
2098
2077
2069
2059
2099
2105
2121
2110
2113
2133
2143
2143
2135
2145
2133
2140
2130
2143
2137
2149
2147
2147
2150
2138
2147
2137
2134
2130
2119
2100
2104
2091
2100
2096
2087
2079
2085
2084
2102
2117
2123
2128
2136
2125
2140
2172
2181
2184
2180
2160
2152
2124
2086
2046
2060
2097
2119
2116
2115
2127
2139
2135
2131
2136
2135
2143
2133
2135
2139
2139
2143
2154
2135
2154
2135
2148
2129
2117
2116
2103
2103
2107
2103
2101
2101
2111
2162
2143
2121
2099
2114
2119
2119
2101
2094
2084
2073
2045
2081
2110
2126
2140
2135
2184
2194
2208
2210
2212
2181
2178
2157
2161
2156
2156
2153
2155
2144
2151
2141
2136
2147
2120
2124
2115
2101
2079
2086
2083
2087
2095
2097
2110
2109
2115
2104
2105
2107
2124
2114
2120
2097
2098
2094
2099
2099
2088
2052
2077
2087
2110
2117
2104
2101
2119
2119
2118
2132
2129
2135
2138
2136
2137
2149
2158
2174
2206
2198
2230
2207
2196
2181
2187
2145
2131
2124
2114
2117
2104
2121
2106
2128
2109
2086
2068
2066
2070
2078
2055
2067
2065
2059
2046
2023
2060
2088
2101
2086
2104
2109
2107
2119
2112
2124
2119
2106
2115
2115
2117
2128
2123
2132
2133
2135
2142
2124
2112
2103
2089
2104
2036
2005
2003
2007
2051
2055
2073
2100
2162
2136
2107
2121
2109
2120
2126
2134
2148
2119
2085
2118
2151
2153
2100
2132
2136
2135
2118
2122
2120
2124
2122
2117
2129
2110
2128
2129
2120
2127
2121
2126
2114
2109
2121
2104
2097
2098
2096
2088
2097
2097
2111
2116
2114
2159
2152
2113
2151
2142
2103
2098
2091
2102
2095
2080
2047
2031
2046
2074
2107
2087
2113
2133
2139
2131
2142
2130
2129
2151
2149
2140
2125
2148
2142
2152
2145
2169
2198
2210
2200
2191
2189
2185
2160
2156
2143
2143
2154
2118
2118
2108
2095
2092
2112
2109
2091
2085
2068
2073
2054
2081
2081
2119
2087
2137
2132
2145
2129
2146
2133
2124
2143
2146
2154
2164
2149
2160
2147
2154
2138
2150
2146
2148
2144
2134
2137
2129
2123
2118
2108
2107
2100
2108
2113
2103
2117
2117
2074
2093
2099
2127
2102
2097
2101
2091
2075
2053
2043
2066
2089
2112
2088
2128
2137
2146
2152
2144
2146
2152
2160
2145
2140
2146
2156
2166
2187
2200
2134
2120
2110
2050
2065
2065
2079
2135
2162
2181
2223
2177
2123
2114
2103
2083
2102
2116
2119
2116
2110
2104
2070
2074
2079
2115
2125
2108
2139
2139
2141
2145
2148
2138
2154
2150
2152
2147
2158
2157
2158
2156
2160
2155
2144
2143
2144
2142
2118
2111
2106
2104
2121
2120
2130
2132
2136
2101
2115
2139
2147
2144
2102
2110
2090
2078
2067
2090
2103
2121
2134
2109
2139
2135
2147
2145
2155
2154
2153
2164
2154
2156
2147
2160
2151
2156
2162
2162
2153
2143
2122
2119
2095
2103
2106
2116
2107
2118
2143
2154
2186
2192
2193
2155
2126
2149
2145
2132
2131
2123
2106
2092
2054
2049
2081
2130
2135
2121
2141
2132
2131
2138
2133
2146
2123
2144
2140
2146
2144
2142
2148
2153
2158
2152
2155
2145
2129
2128
2114
2122
2108
2096
2087
2119
2108
2138
2104
2082
2091
2127
2144
2106
2097
2090
2070
2049
2065
2081
2102
2134
2117
2143
2148
2161
2171
2164
2178
2167
2154
2174
2162
2155
2142
2155
2148
2146
2136
2122
2112
2103
2097
2084
2072
2071
2065
2083
2084
2130
2118
2120
2082
2112
2117
2113
2113
2096
2107
2088
2054
2066
2071
2111
2119
2114
2114
2119
2116
2125
2135
2145
2132
2144
2140
2133
2130
2134
2141
2147
2147
2145
2130
2133
2123
2134
2118
2111
2111
2091
2104
2107
2121
2138
2112
2092
2107
2120
2094
2093
2096
2084
2063
2049
2071
2092
2099
2111
2115
2120
2120
2129
2116
2138
2123
2128
2123
2135
2134
2133
2145
2145
2140
2127
2140
2127
2131
2109
2114
2092
2098
2088
2081
2096
2096
2100
2115
2133
2152
2134
2158
2168
2177
2193
2173
2160
2129
2107
2079
2084
2112
2123
2147
2116
2136
2124
2125
2111
2133
2123
2138
2129
2122
2135
2129
2150
2148
2145
2141
2140
2133
2136
2122
2123
2110
2118
2106
2098
2102
2102
2098
2096
2107
2115
2127
2129
2102
2093
2108
2109
2118
2097
2088
2064
2027
2057
2080
2108
2120
2135
2119
2140
2144
2146
2158
2168
2179
2177
2169
2149
2151
2136
2136
2136
2143
2131
2139
2133
2128
2122
2128
2118
2105
2096
2097
2101
2096
2087
2093
2099
2091
2111
2128
2154
2126
2121
2132
2136
2121
2115
2106
2100
2058
2059
2093
2127
2142
2137
2147
2151
2155
2156
2158
2153
2143
2150
2135
2172
2172
2191
2189
2198
2184
2170
2158
2150
2170
2129
2130
2112
2118
2107
2099
2087
2086
2106
2113
2136
2089
2103
2122
2130
2109
2087
2086
2074
2066
2104
2140
2147
2149
2135
2155
2153
2153
2145
2148
2145
2156
2143
2128
2142
2146
2146
2145
2150
2146
2145
2130
2124
2102
2110
2107
2092
2093
2086
2090
2090
2110
2111
2143
2117
2117
2123
2115
2126
2144
2161
2186
2192
2192
2145
2136
2149
2156
2135
2118
2124
2109
2118
2108
2100
2104
2099
2118
2114
2120
2123
2119
2114
2109
2121
2124
2113
2115
2115
2103
2096
2090
2134
2121
2114
2107
2106
2111
2104
2093
2086
2088
2077
2076
2086
2090
2097
2109
2110
2140
2150
2153
2131
2090
2074
2143
2167
2156
2143
2147
2141
2148
2141
2138
2138
2142
2124
2129
2113
2131
2129
2134
2160
2171
2142
2147
2148
2131
2116
2113
2101
2113
2121
2127
2127
2130
2140
2128
2128
2122
2116
2117
2125
2111
2116
2117
2103
2104
2075
2024
2044
2068
2042
2023
2036
2072
2081
2132
2134
2144
2151
2153
2153
2160
2155
2156
2147
2142
2138
2138
2143
2140
2142
2146
2154
2170
2180
2179
2172
2152
2134
2111
2112
2103
2101
2119
2119
2154
2147
2115
2090
2127
2116
2133
2110
2103
2112
2098
2102
2089
2083
2056
2013
2002
2037
2083
2091
2095
2094
2118
2121
2134
2127
2138
2139
2154
2152
2160
2166
2173
2154
2165
2153
2150
2147
2133
2117
2121
2118
2124
2122
2122
2136
2152
2157
2145
2086
2072
2101
2103
2128
2089
2095
2089
2106
2124
2120
2135
2154
2172
2165
2151
2164
2146
2150
2148
2137
2148
2137
2144
2130
2132
2138
2147
2146
2156
2165
2154
2160
2147
2146
2130
2128
2128
2118
2066
2059
2078
2088
2125
2161
2120
2101
2108
2077
2084
2070
2074
2065
2061
2060
2041
2055
2083
2113
2122
2159
2186
2186
2194
2188
2181
2166
2172
2157
2157
2146
2140
2144
2137
2131
2132
2129
2138
2126
2122
2108
2087
2091
2096
2093
2098
2089
2098
2100
2100
2112
2111
2135
2131
2157
2154
2177
2117
2123
2135
2133
2136
2113
2111
2096
2071
2014
2056
2093
2129
2128
2114
2135
2137
2143
2174
2196
2200
2195
2199
2177
2163
2148
2152
2153
2146
2142
2134
2145
2140
2125
2093
2083
2094
2078
2070
2073
2083
2138
2098
2088
2140
2122
2095
2048
2064
2024
2016
2047
2084
2115
2099
2123
2130
2131
2132
2128
2129
2125
2118
2130
2123
2139
2135
2140
2145
2142
2152
2135
2147
2119
2111
2094
2106
2093
2107
2087
2093
2076
2093
2098
2121
2107
2114
2124
2119
2107
2090
2075
2050
2051
2073
2112
2127
2115
2133
2130
2134
2133
2127
2133
2131
2138
2135
2136
2142
2137
2142
2150
2161
2147
2142
2124
2109
2108
2113
2105
2096
2089
2076
2085
2079
2089
2104
2111
2090
2107
2147
2140
2123
2116
2095
2075
2079
2110
2120
2139
2128
2125
2136
2138
2124
2105
2113
2122
2135
2136
2135
2138
2135
2151
2140
2155
2148
2142
2123
2119
2109
2109
2107
2102
2102
2121
2120
2133
2131
2174
2219
2244
2227
2197
2180
2161
2166
2089
2013
2002
2063
2103
2117
2108
2142
2141
2137
2141
2145
2139
2144
2134
2137
2140
2128
2133
2137
2134
2126
2135
2125
2136
2120
2115
2116
2106
2110
2104
2092
2109
2093
2109
2101
2133
2140
2128
2095
2101
2128
2128
2149
2112
2109
2101
2080
2028
2022
2053
2070
2118
2155
2156
2166
2182
2186
2168
2150
2148
2134
2141
2137
2143
2153
2146
2145
2147
2150
2155
2165
2158
2065
2036
2048
2128
2189
2129
2099
2066
2067
2081
2079
2086
2075
2071
2064
2031
2043
2081
2094
2113
2136
2144
2139
2145
2138
2143
2149
2136
2153
2150
2155
2154
2157
2165
2181
2178
2182
2177
2175
2145
2135
2123
2105
2085
2106
2143
2104
2066
2090
2092
2078
2055
2033
2035
1996
1989
2018
2065
2104
2095
2135
2135
2144
2142
2157
2164
2157
2158
2148
2153
2160
2162
2162
2164
2160
2156
2156
2145
2135
2124
2108
2086
2098
2084
2087
2094
2100
2104
2110
2118
2123
2142
2180
2218
2208
2164
2179
2184
2155
2146
2117
2100
2079
2032
2045
2075
2119
2126
2106
2129
2143
2138
2133
2140
2134
2137
2124
2128
2135
2128
2129
2136
2128
2140
2124
2125
2128
2126
2115
2108
2109
2108
2110
2114
2112
2100
2098
2103
2107
2131
2129
2181
2138
2118
2132
2136
2140
2099
2116
2131
2129
2085
2091
2109
2119
2142
2144
2120
2122
2140
2137
2129
2136
2138
2136
2133
2141
2145
2141
2141
2147
2138
2143
2134
2131
2122
2128
2106
2096
2090
2080
2075
2074
2064
2063
2080
2074
2078
2093
2104
2111
2133
2136
2147
2146
2133
2123
2130
2112
2115
2111
2102
2116
2105
2102
2090
2089
2051
2001
2041
2086
2125
2133
2104
2129
2138
2149
2173
2186
2205
2200
2190
2165
2152
2149
2145
2161
2153
2144
2133
2135
2130
2117
2111
2104
2108
2099
2108
2109
2173
2122
2095
2106
2109
2086
2074
2073
2082
2077
2082
2076
2074
2094
2099
2114
2118
2103
2118
2128
2122
2130
2130
2127
2126
2134
2126
2143
2138
2145
2136
2139
2147
2140
2147
2135
2122
2119
2124
2126
2120
2126
2120
2124
2149
2132
2119
2113
2097
2107
2103
2118
2113
2125
2106
2086
2077
2115
2138
2135
2133
2145
2160
2151
2169
2168
2167
2162
2166
2151
2160
2161
2151
2150
2136
2144
2135
2130
2131
2135
2136
2126
2122
2137
2156
2187
2225
2243
2201
2176
2156
2137
2138
2134
2120
2100
2082
2075
2084
2090
2090
2090
2080
2083
2067
2081
2069
2091
2093
2126
2113
2126
2121
2133
2119
2126
2121
2132
2124
2122
2133
2123
2132
2120
2129
2121
2130
2123
2127
2107
2114
2109
2107
2116
2113
2117
2099
2106
2113
2097
2112
2094
2107
2124
2177
2123
2123
2112
2128
2124
2126
2132
2107
2098
2090
2087
2077
2073
2068
2048
2056
2069
2079
2083
2081
2056
2038
2077
2114
2137
2133
2142
2139
2140
2139
2136
2133
2135
2136
2132
2127
2139
2133
2123
2125
2124
2126
2118
2108
2118
2100
2098
2096
2103
2109
2112
2116
2113
2107
2126
2120
2121
2127
2145
2172
2197
2187
2200
2204
2159
2137
2123
2128
2110
2109
2091
2077
2039
2003
2006
2073
2103
2130
2099
2118
2152
2160
2167
2178
2168
2172
2162
2159
2142
2135
2139
2135
2147
2134
2148
2150
2157
2133
2126
2120
2112
2122
2110
2105
2123
2164
2152
2124
2114
2108
2073
2074
2088
2098
2100
2106
2119
2141
2154
2148
2135
2138
2139
2127
2120
2129
2136
2134
2137
2135
2142
2136
2127
2134
2135
2155
2152
2155
2147
2148
2142
2153
2152
2155
2142
2127
2129
2138
2132
2130
2133
2124
2127
2163
2148
2172
2160
2149
2123
2100
2081
2067
2043
2047
2052
2070
2063
2055
2020
1992
1996
2085
2124
2149
2160
2161
2158
2159
2160
2174
2190
2198
2211
2212
2215
2209
2204
2172
2152
2149
2130
2147
2136
2130
2129
2117
2124
2122
2127
2128
2127
2128
2125
2117
2107
2112
2096
2085
2088
2111
2112
2101
2105
2108
2104
2104
2096
2088
2098
2067
2068
2064
2087
2093
2086
2117
2123
2121
2125
2126
2129
2132
2127
2122
2133
2123
2124
2131
2129
2128
2130
2124
2128
2126
2124
2125
2118
2115
2114
2114
2115
2101
2098
2100
2103
2119
2122
2130
2129
2103
2111
2133
2154
2165
2163
2154
2152
2145
2127
2133
2105
2095
2100
2101
2111
2110
2117
2096
2125
2124
2114
2127
2119
2125
2127
2131
2134
2136
2140
2139
2139
2138
2132
2136
2130
2124
2126
2117
2116
2107
2115
2117
2124
2119
2112
2110
2101
2122
2117
2130
2107
2118
2112
2128
2113
2118
2097
2097
2083
2093
2073
2077
2096
2112
2121
2111
2119
2118
2120
2129
2131
2145
2140
2134
2139
2131
2129
2144
2137
2128
2126
2133
2133
2140
2144
2152
2140
2123
2135
2136
2140
2152
2156
2171
2176
2184
2157
2143
2134
2095
2085
2090
2097
2108
2107
2101
2095
2080
2062
2052
2074
2098
2104
2100
2124
2132
2132
2134
2141
2140
2139
2146
2144
2154
2155
2149
2153
2146
2145
2149
2135
2138
2127
2126
2122
2122
2118
2125
2122
2128
2121
2138
2132
2136
2134
2140
2127
2105
2102
2127
2154
2161
2164
2161
2164
2146
2148
2139
2137
2103
2087
2078
2088
2102
2096
2094
2132
2142
2139
2136
2131
2131
2127
2133
2126
2132
2134
2134
2139
2140
2145
2139
2144
2134
2125
2127
2130
2113
2107
2106
2099
2111
2105
2098
2117
2106
2123
2110
2117
2106
2120
2131
2156
2166
2139
2115
2104
2077
2073
2099
2109
2142
2117
2118
2134
2135
2133
2139
2137
2136
2128
2135
2139
2143
2138
2143
2148
2140
2150
2144
2145
2138
2128
2124
2114
2104
2095
2088
2100
2089
2095
2098
2110
2114
2115
2133
2128
2145
2130
2113
2132
2126
2142
2146
2130
2138
2127
2125
2118
2098
2094
2108
2137
2154
2168
2154
2140
2148
2138
2149
2137
2142
2134
2132
2128
2128
2120
2128
2134
2135
2131
2132
2136
2129
2137
2124
2134
2109
2108
2100
2103
2111
2099
2110
2104
2090
2104
2104
2119
2118
2127
2112
2100
2124
2120
2129
2114
2110
2111
2112
2113
2090
2081
2065
2093
2093
2097
2098
2111
2102
2117
2133
2131
2128
2129
2126
2131
2122
2138
2127
2130
2131
2161
2178
2180
2176
2177
2159
2145
2133
2117
2116
2114
2124
2118
2117
2120
2123
2143
2121
2117
2101
2102
2111
2113
2110
2109
2112
2097
2108
2109
2113
2103
2089
2096
2111
2127
2116
2132
2141
2154
2154
2144
2145
2133
2144
2142
2144
2145
2149
2149
2134
2144
2136
2136
2132
2138
2138
2136
2142
2142
2135
2121
2127
2123
2117
2127
2119
2116
2113
2119
2135
2149
2159
2148
2155
2141
2142
2146
2145
2134
2124
2120
2110
2119
2091
2065
2053
2068
2088
2094
2092
2092
2079
2117
2120
2115
2113
2125
2115
2126
2120
2130
2135
2130
2142
2132
2139
2131
2134
2129
2121
2118
2121
2121
2116
2117
2107
2110
2107
2089
2110
2096
2104
2101
2117
2133
2145
2139
2154
2165
2174
2167
2153
2144
2134
2130
2116
2108
2081
2072
2090
2109
2121
2116
2116
2127
2142
2141
2143
2138
2137
2128
2130
2129
2132
2131
2138
2142
2138
2143
2146
2138
2133
2130
2124
2127
2126
2128
2122
2120
2116
2114
2110
2117
2132
2125
2106
2089
2094
2109
2126
2103
2107
2100
2090
2073
2055
2075
2111
2142
2164
2148
2182
2182
2167
2159
2152
2141
2135
2135
2133
2134
2135
2133
2138
2138
2140
2142
2145
2117
2085
2098
2079
2076
2090
2095
2110
2117
2120
2096
2064
2078
2073
2082
2081
2088
2088
2096
2084
2086
2081
2074
2093
2100
2103
2083
2115
2121
2122
2123
2124
2122
2136
2130
2134
2136
2131
2138
2140
2133
2133
2134
2136
2137
2130
2124
2117
2107
2116
2118
2121
2129
2143
2147
2143
2135
2124
2142
2113
2110
2103
2108
2083
2066
2073
2094
2095
2091
2078
2058
2053
2042
2061
2091
2083
2115
2126
2123
2129
2127
2144
2131
2140
2136
2144
2153
2163
2161
2158
2155
2156
2153
2145
2142
2141
2135
2124
2128
2134
2139
2155
2162
2166
2176
2172
2181
2165
2152
2136
2152
2152
2155
2145
2161
2150
2154
2125
2141
2132
2115
2096
2089
2077
2081
2083
2083
2081
2087
2088
2089
2087
2092
2093
2095
2078
2062
2055
2078
2080
2098
2134
2156
2165
2167
2188
2178
2184
2170
2164
2169
2165
2155
2149
2151
2139
2140
2137
2133
2127
2130
2136
2147
2177
2192
2197
2192
2200
2177
2181
2183
2156
2168
2160
2141
2115
2102
2094
2077
2059
2033
2032
2038
2050
2038
2024
2038
2045
2085
2097
2095
2099
2102
2118
2119
2125
2119
2120
2117
2128
2125
2124
2119
2129
2134
2137
2132
2127
2129
2134
2128
2132
2123
2135
2133
2145
2148
2147
2206
2165
2144
2104
2076
2045
1990
2035
2055
2069
2069
2053
2040
2092
2125
2141
2167
2176
2166
2162
2163
2137
2129
2417
2132
2166
2075
2095
2096
2116
2121
2139
2112
2113
2104
2102
2099
2108
2111
2119
2125
2125
2130
2122
2131
2110
2126
2116
2117
2106
2094
2082
2071
2076
2075
2090
2078
2076
2068
2056
2044
2023
2050
2052
2109
2127
2128
2132
2139
2136
2138
2144
2148
2154
2147
2149
2146
2164
2151
2153
2137
2150
2148
2154
2152
2146
2135
2134
2126
2139
2142
2150
2152
2180
2208
2163
2162
2142
2139
2133
2129
2124
2110
2132
2131
2124
2096
2051
2016
2049
2079
2094
2085
2126
2132
2156
2146
2151
2153
2156
2156
2161
2151
2154
2150
2155
2139
2138
2137
2129
2132
2119
2128
2121
2127
2117
2115
2118
2110
2108
2115
2129
2124
2130
2111
2094
2090
2096
2103
2104
2098
2105
2109
2105
2096
2075
2102
2164
2144
2152
2143
2143
2137
2138
2138
2137
2143
2133
2134
2138
2144
2137
2140
2135
2140
2151
2151
2142
2146
2157
2128
2097
2099
2076
2054
2089
2104
2103
2100
2087
2089
2105
2097
2127
2132
2121
2121
2133
2124
2142
2157
2178
2192
2198
2180
2143
2099
2072
2095
2118
2127
2115
2124
2130
2129
2129
2127
2139
2136
2131
2132
2129
2143
2139
2148
2147
2137
2143
2132
2129
2129
2127
2121
2115
2110
2112
2108
2097
2103
2106
2112
2114
2116
2089
2083
2097
2109
2137
2103
2100
2096
2087
2047
2038
2063
2109
2141
2171
2152
2184
2160
2162
2148
2147
2138
2150
2147
2139
2138
2134
2132
2141
2132
2130
2130
2133
2120
2130
2125
2110
2106
2104
2098
2100
2094
2095
2095
2108
2103
2121
2121
2135
2114
2115
2130
2122
2125
2120
2113
2107
2101
2071
2050
2054
2091
2122
2133
2111
2132
2134
2129
2134
2133
2130
2133
2143
2140
2154
2142
2145
2145
2147
2144
2158
2173
2190
2180
2178
2163
2143
2132
2117
2116
2114
2122
2114
2120
2080
2066
2083
2107
2089
2083
2096
2085
2075
2036
2042
2069
2089
2109
2100
2099
2128
2129
2141
2133
2139
2141
2138
2139
2146
2148
2147
2149
2150
2156
2148
2142
2149
2146
2132
2130
2118
2126
2135
2133
2152
2146
2174
2145
2125
2127
2133
2088
2023
2057
2067
2089
2093
2097
2081
2060
2072
2095
2096
2110
2130
2145
2151
2177
2180
2195
2180
2182
2161
2166
2157
2132
2148
2137
2139
2146
2134
2119
2122
2121
2111
2110
2103
2105
2108
2116
2109
2096
2116
2108
2118
2130
2121
2105
2075
2073
2086
2098
2094
2065
2060
2059
2055
2039
2030
2049
2094
2127
2113
2152
2172
2195
2204
2195
2191
2186
2177
2163
2159
2147
2154
2157
2153
2144
2142
2148
2146
2141
2140
2133
2129
2134
2123
2122
2135
2127
2120
2134
2129
2124
2119
2121
2146
2132
2115
2116
2119
2121
2123
2107
2107
2101
2098
2111
2110
2097
2074
2066
2089
2097
2113
2106
2134
2160
2177
2186
2196
2199
2171
2170
2158
2143
2140
2142
2129
2134
2127
2142
2132
2121
2111
2115
2121
2114
2091
2095
2107
2111
2105
2107
2106
2118
2125
2128
2086
2074
2076
2072
2084
2070
2077
2071
2074
2042
2039
2033
2051
2084
2080
2083
2123
2130
2132
2132
2136
2143
2139
2141
2138
2138
2156
2151
2156
2143
2147
2155
2150
2140
2131
2130
2120
2130
2121
2122
2130
2138
2137
2151
2154
2153
2140
2120
2115
2100
2097
2096
2105
2118
2138
2142
2151
2140
2127
2114
2119
2141
2124
2128
2129
2131
2133
2123
2124
2120
2127
2112
2139
2141
2147
2149
2145
2143
2137
2146
2151
2141
2137
2122
2126
2122
2122
2122
2113
2116
2117
2117
2125
2135
2104
2085
2082
2083
2101
2086
2095
2105
2132
2130
2131
2132
2150
2167
2135
2164
2151
2153
2148
2151
2138
2143
2138
2127
2141
2138
2147
2152
2138
2142
2148
2136
2142
2132
2139
2114
2120
2149
2167
2173
2173
2177
2174
2171
2187
2177
2182
2162
2135
2134
2145
2162
2176
2179
2172
2148
2130
2113
2111
2123
2124
2128
2119
2131
2141
2161
2136
2140
2129
2122
2121
2120
2111
2114
2096
2103
2116
2111
2116
2117
2107
2113
2116
2109
2117
2100
2088
2085
2083
2092
2093
2089
2085
2091
2098
2097
2095
2089
2087
2106
2107
2076
2082
2090
2111
2128
2147
2149
2132
2125
2108
2096
2066
2039
2052
2062
2078
2079
2075
2079
2094
2109
2096
2102
2109
2116
2122
2124
2132
2129
2123
2116
2116
2108
2121
2127
2132
2134
2123
2120
2117
2106
2101
2090
2091
2101
2106
2112
2118
2123
2149
2180
2184
2186
2165
2167
2153
2106
2089
2079
2070
2072
2083
2074
2087
2077
2076
2079
2083
2062
2023
2018
2053
2095
2103
2102
2122
2123
2133
2132
2136
2123
2132
2152
2159
2155
2135
2123
2127
2143
2145
2143
2145
2147
2148
2138
2128
2129
2127
2131
2132
2140
2146
2168
2167
2176
2142
2135
2132
2116
2088
2079
2082
2095
2113
2136
2140
2127
2113
2105
2138
2142
2132
2133
2131
2123
2140
2137
2139
2130
2139
2140
2144
2132
2126
2132
2135
2134
2131
2129
2126
2125
2122
2118
2117
2107
2101
2103
2106
2108
2101
2101
2098
2110
2103
2105
2105
2112
2119
2125
2147
2149
2167
2155
2176
2194
2187
2175
2164
2136
2140
2125
2125
2125
2124
2102
2071
2059
2077
2093
2103
2116
2100
2111
2121
2125
2121
2129
2136
2135
2133
2132
2124
2126
2134
2130
2134
2119
2119
2106
2122
2113
2113
2109
2126
2117
2109
2120
2116
2132
2119
2130
2117
2117
2110
2112
2110
2111
2111
2092
2083
2103
2122
2157
2156
2148
2145
2136
2116
2116
2087
2058
2057
2072
2094
2107
2103
2113
2133
2137
2133
2136
2140
2153
2143
2143
2147
2159
2160
2156
2153
2152
2143
2151
2134
2128
2113
2063
2052
2044
2068
2085
2124
2155
2126
2116
2114
2117
2124
2122
2110
2111
2120
2124
2117
2110
2104
2122
2129
2113
2140
2148
2154
2153
2171
2191
2210
2212
2194
2186
2175
2155
2162
2148
2156
2143
2135
2130
2141
2132
2118
2111
2095
2094
2080
2086
2082
2097
2100
2106
2115
2109
2133
2133
2101
2108
2125
2152
2100
2103
2090
2069
2053
2053
2082
2101
2104
2097
2133
2132
2141
2138
2138
2140
2129
2131
2122
2126
2123
2124
2120
2129
2134
2138
2134
2130
2125
2116
2117
2122
2121
2120
2117
2123
2143
2151
2165
2163
2161
2161
2176
2181
2157
2114
2109
2133
2117
2125
2101
2092
2089
2101
2096
2088
2063
2080
2094
2120
2135
2126
2148
2147
2154
2150
2146
2146
2146
2152
2142
2143
2145
2147
2149
2144
2143
2140
2136
2129
2120
2109
2116
2114
2119
2107
2101
2088
2093
2089
2095
2096
2104
2125
2138
2154
2130
2133
2117
2148
2138
2123
2099
2092
2093
2075
2038
2051
2061
2092
2108
2123
2108
2135
2136
2153
2147
2157
2145
2149
2153
2156
2159
2176
2164
2157
2155
2155
2149
2143
2138
2139
2129
2120
2103
2115
2104
2107
2101
2098
2101
2102
2131
2152
2188
2196
2181
2169
2158
2157
2136
2138
2105
2090
2092
2076
2075
2037
2028
2069
2097
2117
2099
2132
2113
2126
2130
2133
2136
2132
2143
2137
2130
2133
2146
2151
2154
2153
2152
2159
2160
2163
2142
2141
2141
2132
2131
2123
2119
2117
2120
2114
2108
2100
2092
2089
2097
2101
2099
2101
2126
2135
2106
2070
2098
2093
2100
2106
2093
2087
2102
2115
2103
2102
2107
2117
2131
2146
2160
2149
2151
2154
2141
2145
2142
2147
2154
2151
2139
2139
2134
2149
2146
2146
2139
2134
2139
2137
2149
2147
2149
2142
2141
2137
2144
2137
2140
2136
2128
2124
2125
2125
2117
2126
2126
2128
2142
2123
2132
2140
2141
2137
2124
2128
2128
2130
2127
2125
2110
2088
2085
2109
2142
2168
2148
2174
2170
2164
2155
2145
2142
2143
2146
2144
2133
2136
2132
2133
2132
2138
2124
2118
2113
2112
2111
2118
2111
2114
2101
2100
2117
2149
2164
2184
2187
2184
2185
2183
2186
2162
2147
2141
2149
2142
2152
2143
2109
2098
2084
2075
2073
2082
2100
2119
2119
2112
2115
2090
2106
2110
2118
2109
2117
2110
2096
2102
2110
2119
2133
2140
2128
2124
2119
2128
2137
2154
2125
2099
2068
2076
2059
2057
2079
2081
2091
2081
2087
2108
2134
2116
2115
2104
2113
2103
2103
2112
2121
2125
2117
2110
2105
2105
2097
2091
2091
2086
2101
2107
2100
2103
2136
2141
2141
2131
2127
2132
2131
2143
2157
2133
2129
2121
2132
2134
2145
2143
2135
2114
2095
2106
2121
2135
2129
2105
2094
2109
2120
2134
2129
2135
2133
2127
2142
2129
2141
2159
2157
2143
2101
2098
2108
2111
2109
2089
2091
2087
2111
2127
2140
2126
2123
2116
2118
2127
2144
2142
2138
2136
2128
2135
2140
2153
2157
2149
2140
2139
2153
2156
2147
2115
2125
2074
2058
2085
2113
2125
2112
2096
2111
2154
2186
2174
2139
2128
2142
2143
2170
2159
2146
2124
2101
2079
2093
2079
2096
2107
2099
2095
2121
2151
2163
2158
2141
2136
2120
2143
2162
2161
2158
2140
2131
2134
2151
2160
2150
2142
2112
2112
2128
2139
2145
2131
2108
2095
2095
2115
2125
2121
2107
2090
2089
2094
2106
2118
2108
2091
2095
2110
2159
2176
2150
2086
2118
2141
2180
2174
2149
2140
2126
2092
2044
2081
2098
2116
2097
2101
2124
2146
2141
2134
2114
2116
2124
2140
2146
2149
2142
2132
2129
2128
2136
2138
2135
2117
2116
2114
2119
2124
2133
2133
2116
2105
2099
2106
2115
2110
2104
2085
2092
2102
2145
2159
2142
2119
2121
2132
2161
2171
2184
2170
2150
2136
2117
2108
2089
2104
2108
2113
2119
2099
2121
2143
2139
2126
2117
2123
2127
2122
2134
2132
2130
2124
2120
2121
2112
2131
2123
2124
2121
2109
2116
2114
2129
2122
2109
2103
2084
2090
2098
2108
2108
2106
2108
2096
2119
2122
2140
2131
2113
2113
2131
2146
2172
2164
2150
2137
2131
2117
2112
2090
2090
2079
2067
2063
2076
2085
2098
2094
2122
2132
2123
2122
2119
2126
2126
2140
2133
2127
2120
2123
2130
2129
2133
2123
2129
2126
2123
2115
2112
2113
2115
2124
2115
2109
2102
2109
2120
2143
2143
2162
2146
2135
2156
2155
2138
2123
2123
2122
2106
2114
2120
2117
2091
2082
2064
2086
2104
2117
2118
2122
2129
2134
2140
2131
2130
2123
2120
2127
2127
2120
2116
2113
2115
2124
2131
2130
2116
2114
2112
2123
2120
2133
2120
2113
2114
2124
2130
2155
2130
2131
2114
2123
2149
2150
2110
2115
2116
2118
2112
2100
2098
2106
2100
2101
2106
2113
2115
2111
2115
2124
2141
2137
2153
2153
2164
2178
2171
2157
2116
2070
2032
2078
2114
2134
2139
2146
2154
2144
2146
2130
2140
2131
2130
2131
2118
2113
2123
2127
2138
2131
2125
2124
2130
2142
2148
2138
2124
2121
2125
2127
2132
2129
2132
2138
2147
2145
2158
2140
2143
2158
2164
2159
2138
2121
2109
2100
2116
2123
2125
2123
2138
2160
2188
2183
2182
2172
2155
2135
2138
2141
2112
2133
2159
2156
2168
2158
2152
2140
2145
2147
2146
2138
2131
2132
2132
2139
2138
2122
2117
2120
2120
2126
2116
2113
2112
2115
2124
2126
2116
2103
2108
2109
2121
2114
2109
2104
2117
2128
2133
2140
2130
2148
2175
2167
2152
2148
2140
2137
2143
2129
2127
2109
2095
2105
2113
2117
2116
2102
2074
2063
2067
2075
2093
2108
2120
2115
2113
2142
2135
2141
2138
2144
2144
2131
2125
2113
2122
2131
2143
2130
2120
2124
2128
2144
2143
2132
2135
2141
2152
2174
2170
2160
2139
2138
2127
2130
2135
2124
2131
2135
2158
2119
2113
2108
2085
2091
2083
2084
2074
2068
2084
2094
2120
2103
2085
2075
2050
2045
2072
2092
2113
2103
2110
2125
2120
2130
2131
2128
2149
2140
2147
2142
2144
2135
2128
2133
2133
2129
2132
2114
2112
2114
2122
2113
2123
2120
2131
2122
2123
2117
2123
2143
2180
2175
2159
2150
2127
2117
2115
2126
2123
2117
2100
2097
2097
2101
2117
2106
2089
2088
2097
2113
2134
2127
2127
2140
2146
2135
2139
2134
2146
2150
2161
2155
2147
2148
2157
2162
2166
2172
2164
2153
2147
2141
2138
2141
2129
2135
2115
2113
2107
2097
2106
2098
2101
2097
2102
2120
2119
2140
2132
2143
2149
2170
2168
2186
2178
2179
2167
2156
2141
2119
2112
2110
2109
2091
2098
2095
2114
2115
2126
2109
2147
2143
2151
2139
2139
2136
2154
2154
2158
2156
2153
2143
2140
2148
2146
2158
2143
2140
2113
2127
2117
2134
2131
2134
2125
2111
2103
2099
2108
2114
2117
2108
2112
2109
2133
2154
2133
2128
2136
2143
2156
2166
2180
2204
2221
2227
2211
2178
2161
2171
2185
2190
2171
2152
2149
2147
2156
2174
2172
2161
2153
2143
2142
2149
2146
2135
2110
2098
2093
2101
2108
2108
2104
2091
2074
2072
2074
2079
2083
2091
2094
2066
2078
2067
2076
2083
2077
2077
2062
2072
2098
2129
2130
2111
2097
2102
2095
2126
2148
2172
2158
2144
2123
2111
2107
2100
2079
2069
2070
2086
2098
2100
2107
2123
2114
2113
2114
2123
2124
2139
2128
2126
2109
2108
2119
2116
2132
2124
2129
2116
2116
2112
2125
2124
2122
2106
2102
2105
2111
2120
2123
2113
2106
2107
2111
2122
2131
2125
2115
2105
2103
2116
2137
2119
2110
2103
2098
2090
2085
2074
2086
2098
2116
2136
2150
2163
2194
2205
2199
2181
2172
2164
2173
2155
2156
2136
2136
2140
2161
2161
2154
2145
2131
2127
2122
2131
2125
2121
2107
2101
2106
2110
2119
2123
2113
2104
2103
2117
2125
2110
2123
2148
2154
2126
2116
2109
2108
2106
2101
2083
2077
2063
2084
2108
2132
2108
2130
2131
2145
2149
2160
2156
2162
2149
2149
2171
2191
2198
2201
2193
2189
2175
2163
2167
2156
2149
2152
2138
2124
2122
2123
2115
2116
2106
2084
2094
2103
2116
2104
2113
2131
2122
2111
2088
2098
2098
2113
2119
2101
2087
2082
2073
2049
2038
2042
2052
2076
2119
2125
2164
2173
2171
2162
2154
2143
2140
2136
2138
2131
2124
2119
2127
2128
2124
2127
2124
2122
2124
2129
2119
2116
2121
2109
2107
2096
2103
2111
2110
2115
2113
2134
2120
2098
2090
2088
2065
2062
2047
2053
2072
2078
2085
2082
2076
2082
2084
2093
2083
2099
2110
2114
2112
2106
2109
2115
2116
2111
2113
2108
2112
2117
2108
2111
2108
2104
2098
2108
2107
2105
2107
2094
2105
2097
2098
2096
2102
2102
2114
2106
2102
2093
2098
2095
2101
2124
2156
2148
2149
2116
2108
2098
2088
2080
2083
2097
2081
2085
2079
2086
2088
2093
2098
2083
2081
2079
2087
2103
2080
2100
2107
2105
2114
2118
2119
2120
2120
2122
2120
2118
2120
2123
2122
2114
2109
2110
2108
2113
2121
2116
2110
2114
2111
2115
2112
2110
2121
2118
2114
2119
2106
2116
2116
2130
2133
2137
2127
2138
2145
2137
2148
2135
2125
2115
2110
2091
2091
2080
2084
2078
2075
2054
2061
2083
2090
2092
2122
2132
2133
2134
2138
2129
2137
2131
2124
2121
2138
2129
2131
2130
2130
2121
2127
2123
2124
2120
2117
2125
2125
2119
2112
2114
2113
2119
2117
2113
2121
2111
2123
2123
2136
2141
2142
2138
2141
2162
2168
2171
2181
2169
2163
2163
2148
2137
2130
2124
2115
2101
2096
2098
2103
2111
2117
2105
2129
2127
2131
2131
2129
2135
2130
2133
2133
2126
2115
2111
2118
2113
2114
2114
2116
2116
2121
2115
2115
2112
2115
2116
2112
2116
2110
2109
2112
2123
2118
2118
2120
2114
2110
2109
2107
2117
2126
2132
2125
2117
2119
2126
2111
2111
2106
2107
2100
2112
2129
2143
2150
2167
2177
2164
2143
2111
2104
2111
2120
2129
2119
2118
2140
2142
2143
2136
2140
2125
2137
2122
2127
2129
2126
2129
2135
2139
2129
2138
2135
2128
2126
2120
2120
2113
2125
2119
2118
2123
2122
2119
2123
2117
2128
2143
2159
2203
2126
2143
2094
2089
2096
2090
2084
2086
2089
2094
2097
2103
2103
2106
2111
2126
2136
2138
2146
2146
2145
2151
2135
2133
2124
2109
2097
2081
2075
2077
2089
2106
2124
2110
2141
2144
2152
2157
2183
2181
2184
2177
2173
2155
2148
2140
2144
2148
2152
2141
2143
2151
2147
2120
2098
2095
2093
2101
2111
2130
2140
2173
2171
2157
2160
2158
2146
2141
2139
2127
2119
2118
2124
2110
2120
2120
2122
2107
2097
2057
2035
2043
2076
2106
2113
2115
2132
2143
2152
2166
2165
2185
2190
2199
2187
2177
2159
2164
2155
2153
2151
2142
2149
2151
2154
2137
2109
2108
2115
2122
2130
2150
2154
2136
2130
2122
2103
2095
2091
2088
2092
2097
2095
2104
2115
2102
2096
2105
2106
2088
2064
2065
2081
2101
2097
2121
2130
2129
2135
2130
2130
2133
2135
2152
2140
2161
2138
2147
2137
2134
2147
2140
2140
2134
2138
2129
2146
2132
2133
2128
2140
2138
2145
2148
2154
2136
2137
2139
2109
2088
2083
2094
2108
2118
2114
2130
2142
2142
2131
2130
2129
2126
2110
2113
2134
2129
2124
2127
2128
2135
2138
2132
2131
2128
2133
2129
2129
2134
2134
2120
2136
2130
2125
2127
2121
2120
2106
2098
2108
2101
2109
2111
2112
2107
2107
2109
2109
2113
2115
2114
2118
2116
2130
2131
2130
2103
2106
2118
2108
2108
2115
2120
2112
2116
2122
2126
2102
2074
2052
2079
2088
2107
2117
2106
2098
2120
2121
2127
2130
2129
2135
2136
2140
2138
2146
2143
2147
2145
2146
2166
2183
2172
2179
2157
2149
2138
2129
2126
2120
2113
2114
2105
2106
2108
2114
2112
2114
2109
2113
2123
2129
2151
2147
2159
2120
2128
2130
2128
2121
2117
2114
2122
2115
2109
2091
2104
2137
2173
2186
2175
2181
2184
2167
2163
2160
2152
2153
2143
2148
2152
2141
2138
2147
2151
2151
2145
2148
2139
2129
2130
2120
2121
2123
2122
2126
2116
2123
2127
2134
2138
2119
2118
2096
2098
2106
2098
2117
2118
2113
2099
2098
2099
2078
2064
2064
2089
2107
2115
2103
2146
2163
2180
2185
2198
2203
2198
2200
2189
2176
2166
2159
2153
2153
2154
2148
2153
2143
2134
2132
2134
2130
2122
2113
2127
2124
2119
2126
2127
2135
2148
2134
2126
2105
2118
2127
2113
2101
2108
2108
2112
2110
2114
2095
2105
2090
2064
2078
2088
2110
2097
2113
2124
2125
2129
2122
2128
2132
2124
2138
2135
2140
2144
2137
2148
2155
2164
2164
2160
2159
2146
2137
2130
2118
2113
2114
2114
2117
2125
2121
2132
2134
2108
2093
2108
2107
2117
2108
2098
2101
2103
2105
2092
2084
2071
2072
2076
2096
2121
2102
2124
2131
2139
2140
2147
2138
2138
2136
2142
2135
2142
2138
2143
2135
2132
2127
2122
2123
2127
2118
2119
2120
2113
2113
2105
2116
2106
2111
2105
2114
2100
2114
2120
2120
2130
2141
2140
2156
2130
2134
2135
2139
2128
2136
2130
2148
2163
2177
2169
2180
2164
2136
2144
2117
2114
2107
2112
2121
2105
2099
2104
2133
2120
2124
2127
2124
2128
2130
2131
2125
2133
2111
2119
2109
2110
2113
2107
2104
2110
2101
2098
2116
2100
2121
2114
2107
2114
2111
2103
2111
2102
2117
2099
2115
2108
2116
2118
2111
2119
2119
2119
2140
2142
2136
2122
2130
2133
2142
2140
2157
2171
2184
2168
2150
2117
2132
2119
2106
2112
2097
2102
2099
2094
2097
2091
2095
2095
2102
2103
2101
2107
2098
2089
2081
2068
2065
2042
2058
2086
2106
2110
2110
2130
2122
2142
2127
2141
2138
2135
2141
2147
2134
2155
2138
2145
2139
2138
2149
2184
2169
2152
2141
2116
2100
2119
2122
2136
2143
