2096
2114
2143
2188
2207
2203
2196
2168
2142
2135
2113
2110
2097
2103
2093
2098
2105
2099
2102
2105
2104
2111
2116
2111
2111
2123
2135
2117
2105
2100
2099
2111
2116
2106
2119
2113
2111
2121
2117
2128
2125
2135
2119
2108
2110
2114
2116
2121
2117
2107
2114
2100
2095
2080
2089
2103
2120
2133
2126
2121
2112
2112
2119
2123
2128
2128
2133
2134
2132
2127
2127
2128
2142
2162
2198
2218
2234
2211
2189
2156
2150
2144
2142
2134
2131
2123
2125
2133
2133
2128
2121
2127
2122
2128
2131
2123
2123
2117
2121
2112
2123
2130
2124
2115
2124
2123
2132
2132
2128
2130
2121
2129
2131
2123
2126
2121
2123
2113
2112
2113
2129
2120
2123
2111
2103
2110
2096
2109
2105
2106
2104
2103
2099
2090
2087
2083
2082
2087
2085
2096
2082
2095
2100
2098
2104
2097
2103
2100
2110
2097
2096
2098
2093
2093
2089
2090
2091
2096
2096
2093
2088
2082
2092
2093
2091
2095
2089
2110
2132
2163
2179
2182
2175
2161
2130
2118
2113
2094
2109
2102
2124
2106
2109
2090
2087
2080
2070
2083
2089
2091
2087
2098
2099
2095
2093
2091
2089
2088
2094
2086
2095
2081
2088
2075
2085
2081
2082
2103
2109
2109
2109
2104
2105
2110
2121
2130
2142
2146
2145
2151
2144
2142
2125
2123
2137
2133
2130
2120
2118
2118
2125
2134
2128
2141
2130
2131
2117
2141
2127
2135
2139
2140
2146
2147
2149
2144
2143
2144
2147
2161
2179
2179
2065
2055
2060
2077
2076
2073
2057
2056
2043
2054
2050
2058
2079
2074
2091
2087
2095
2107
2103
2114
2119
2117
2099
2114
2104
2120
2104
2116
2094
2099
2098
2096
2115
2103
2101
2091
2088
2100
2097
2104
2115
2089
2151
2140
2136
2156
2163
2171
2181
2178
2187
2178
2195
2178
2190
2167
2169
2183
2179
2182
2180
2199
2202
2175
2151
2118
2082
2103
2106
2116
2118
2126
2164
2166
2189
2199
2214
2223
2228
2221
2243
2226
2233
2231
2220
2226
2222
2226
2216
2200
2200
2194
2186
2172
2160
2160
2164
2147
2148
2166
2150
2185
2211
2212
2241
2203
2245
2237
2246
2234
2220
2219
2213
2219
2218
2207
2209
2220
2212
2203
2210
2212
2217
2200
2181
2186
2194
2208
2223
2291
2289
2271
2248
2218
2200
2182
2161
2162
2155
2159
2168
2146
2126
2127
2134
2124
2112
2106
2120
2107
2126
2131
2143
2143
2146
2130
2136
2124
2123
2124
2124
2122
2128
2114
2127
2119
2091
2110
2093
2108
2102
2102
2104
2099
2097
2090
2084
2077
2075
2080
2076
2085
2093
2082
2089
2077
2087
2067
2093
2074
2112
2129
2185
2192
2180
2192
2176
2192
2176
2191
2194
2199
2201
2217
2277
2267
2257
2227
2198
2189
2169
2176
2169
2162
2160
2127
2145
2173
2181
2172
2179
2197
2190
2180
2178
2173
2181
2191
2186
2183
2188
2179
2172
2184
2180
2193
2177
2175
2173
2174
2162
2149
2185
2183
2167
2168
2162
2169
2159
2164
2158
2150
2143
2127
2120
2119
2125
2144
2141
2187
2201
2218
2235
2220
2215
2168
2132
2112
2071
2072
2072
2078
2081
2072
2081
2093
2096
2089
2102
2104
2090
2091
2084
2105
2092
2102
2089
2098
2090
2092
2089
2095
2095
2086
2074
2093
2087
2091
2091
2100
2085
2082
2079
2083
2094
2120
2132
2122
2128
2141
2140
2133
2125
2083
2052
2031
2020
1976
2004
2020
2032
2054
2025
2042
2051
2038
2055
2063
2077
2074
2080
2084
2093
2093
2095
2109
2095
2100
2086
2085
2086
2085
2085
2091
2081
2083
2075
2087
2094
2085
2095
2113
2108
2111
2116
2108
2120
2132
2138
2161
2153
2142
2130
2150
2171
2150
2172
2157
2149
2122
2118
2080
2093
2096
2100
2104
2102
2092
2093
2110
2109
2107
2109
2113
2097
2100
2110
2094
2120
2105
2107
2123
2104
2120
2127
2125
2132
2123
2125
2121
2104
2108
2115
2120
2113
2120
2106
2090
2105
2109
2099
2089
2100
2087
2092
2094
2077
2078
2079
2068
2072
2080
2101
2113
2084
2114
2106
2116
2128
2128
2132
2129
2131
2142
2170
2178
2185
2180
2182
2173
2167
2157
2155
2138
2138
2133
2147
2144
2141
2137
2148
2162
2155
2163
2155
2167
2158
2164
2172
2182
2179
2173
2161
2169
2159
2153
2155
2128
2119
2120
2105
2080
2083
2086
2101
2125
2124
2121
2137
2148
2133
2139
2136
2143
2139
2149
2143
2135
2134
2134
2137
2143
2161
2165
2167
2150
2127
2132
2112
2116
2117
2106
2133
2129
2122
2130
2119
2136
2129
2165
2172
2183
2170
2141
2144
2157
2161
2152
2140
2132
2141
2137
2146
2132
2146
2122
2113
2116
2125
2121
2139
2131
2123
2155
2148
2146
2153
2162
2152
2162
2153
2153
2156
2151
2148
2145
2151
2138
2124
2131
2132
2121
2120
2117
2113
2134
2135
2137
2117
2109
2099
2101
2084
2105
2130
2124
2120
2104
2115
2104
2114
2117
2110
2107
2127
2108
2079
2086
2125
2121
2135
2142
2158
2131
2139
2138
2121
2130
2124
2141
2134
2137
2119
2121
2124
2121
2119
2126
2106
2130
2117
2111
2113
2113
2096
2113
2098
2099
2090
2097
2082
2100
2096
2085
2082
2105
2103
2105
2112
2094
2107
2119
2099
2095
2082
2053
2050
2052
2036
2022
2022
2003
1994
2044
2013
2012
2012
2032
2022
2058
2044
2072
2070
2088
2079
2073
2085
2095
2085
2100
2110
2093
2112
2120
2113
2126
2126
2107
2117
2118
2110
2110
2131
2123
2133
2125
2124
2116
2134
2132
2106
2122
2115
2111
2143
2133
2115
2129
2103
2114
2088
2082
2077
2100
2159
2150
2154
2142
2142
2120
2119
2128
2112
2117
2103
2108
2110
2117
2113
2117
2126
2123
2134
2149
2137
2140
2140
2138
2148
2128
2147
2141
2140
2134
2133
2116
2132
2118
2133
2116
2129
2113
2127
2141
2150
2154
2151
2149
2155
2167
2161
2161
2147
2143
2134
2146
2163
2142
2130
2103
2100
2097
2107
2109
2123
2101
2130
2136
2137
2134
2131
2132
2134
2131
2143
2144
2155
2158
2152
2146
2144
2140
2139
2137
2129
2122
2108
2120
2117
2123
2119
2120
2118
2130
2121
2129
2121
2143
2145
2146
2137
2134
2152
2149
2149
2155
2142
2135
2128
2139
2119
2097
2099
2099
2120
2098
2058
2002
2017
2006
2021
2011
2035
2061
2070
2068
2069
2094
2089
2085
2098
2102
2097
2083
2117
2094
2088
2095
2094
2098
2107
2082
2089
2078
2116
2089
2089
2082
2074
2082
2089
2082
2087
2066
2069
2055
2087
2087
2104
2095
2103
2116
2120
2122
2115
2128
2119
2124
2113
2121
2122
2128
2130
2133
2141
2129
2139
2129
2134
2132
2126
2105
2111
2101
2111
2104
2105
2091
2098
2100
2114
2135
2141
2146
2153
2154
2165
2196
2201
2183
2170
2148
2135
2113
2085
2057
2068
2097
2118
2115
2122
2125
2141
2134
2131
2132
2130
2143
2131
2128
2134
2133
2138
2151
2136
2152
2135
2148
2137
2126
2128
2113
2111
2117
2116
2116
2117
2126
2168
2149
2134
2114
2128
2126
2127
2110
2108
2100
2091
2073
2098
2119
2136
2148
2145
2181
2173
2153
2125
2121
2090
2096
2085
2091
2107
2121
2124
2138
2128
2138
2138
2138
2149
2130
2128
2126
2117
2103
2109
2107
2110
2112
2120
2130
2132
2135
2128
2135
2139
2157
2148
2150
2127
2131
2121
2127
2123
2115
2084
2105
2114
2134
2137
2121
2116
2129
2139
2131
2145
2137
2143
2146
2144
2145
2156
2169
2197
2225
2211
2236
2212
2202
2188
2190
2147
2142
2128
2125
2124
2125
2134
2131
2141
2133
2109
2096
2090
2094
2102
2086
2088
2085
2077
2067
2039
2064
2084
2095
2084
2095
2101
2096
2104
2101
2105
2105
2087
2095
2094
2095
2098
2094
2096
2101
2097
2106
2091
2084
2072
2060
2078
2023
1995
1995
1999
2033
2040
2051
2072
2126
2103
2083
2093
2088
2091
2091
2098
2101
2065
2031
2038
2064
2055
2019
2052
2052
2058
2040
2048
2044
2052
2046
2049
2056
2039
2058
2058
2045
2062
2054
2060
2055
2048
2065
2050
2048
2048
2045
2048
2046
2053
2054
2064
2061
2094
2090
2061
2095
2083
2068
2076
2089
2112
2121
2120
2102
2085
2099
2120
2143
2125
2143
2159
2161
2156
2161
2149
2145
2174
2168
2156
2140
2164
2162
2173
2167
2191
2198
2169
2111
2070
2061
2046
2068
2051
2077
2078
2104
2074
2088
2076
2086
2094
2128
2145
2136
2138
2125
2138
2122
2146
2146
2175
2146
2189
2181
2195
2179
2190
2183
2172
2184
2185
2190
2191
2178
2192
2179
2191
2171
2187
2174
2182
2172
2166
2166
2163
2156
2149
2140
2143
2143
2141
2153
2134
2157
2147
2114
2125
2130
2151
2136
2123
2129
2119
2111
2088
2082
2101
2117
2142
2120
2157
2157
2161
2165
2159
2164
2170
2171
2159
2158
2160
2170
2181
2194
2202
2151
2142
2132
2084
2102
2102
2109
2144
2161
2165
2199
2154
2116
2106
2100
2084
2106
2112
2118
2122
2115
2113
2089
2096
2096
2129
2131
2119
2149
2144
2153
2152
2157
2147
2161
2161
2157
2158
2163
2164
2164
2162
2169
2166
2154
2151
2148
2150
2133
2127
2126
2115
2137
2130
2138
2141
2146
2116
2127
2146
2154
2156
2116
2122
2103
2095
2085
2107
2115
2130
2139
2115
2142
2137
2145
2145
2146
2154
2146
2164
2152
2158
2145
2158
2151
2155
2158
2161
2143
2138
2112
2116
2092
2103
2103
2116
2108
2124
2133
2127
2138
2139
2142
2097
2098
2107
2126
2117
2121
2107
2092
2087
2058
2059
2088
2132
2136
2132
2154
2148
2148
2154
2148
2161
2135
2152
2144
2146
2146
2146
2153
2155
2161
2146
2152
2143
2130
2132
2121
2127
2115
2105
2094
2119
2113
2138
2113
2095
2098
2128
2149
2108
2097
2094
2076
2062
2075
2087
2104
2132
2124
2141
2133
2104
2089
2083
2088
2081
2071
2093
2104
2109
2110
2141
2147
2157
2163
2150
2147
2138
2136
2127
2117
2120
2116
2128
2128
2164
2159
2156
2128
2146
2155
2151
2148
2134
2145
2128
2103
2105
2114
2144
2149
2148
2145
2151
2145
2154
2162
2168
2161
2164
2167
2156
2153
2159
2157
2167
2160
2159
2145
2151
2141
2151
2140
2130
2128
2110
2127
2134
2149
2161
2138
2114
2121
2122
2104
2096
2104
2091
2074
2068
2079
2096
2107
2109
2122
2127
2115
2133
2113
2128
2114
2109
2115
2119
2117
2124
2127
2139
2129
2120
2138
2121
2128
2109
2114
2101
2101
2100
2088
2101
2104
2104
2119
2142
2161
2148
2152
2149
2161
2151
2134
2122
2097
2080
2061
2068
2098
2099
2120
2100
2111
2106
2112
2102
2129
2119
2129
2121
2119
2128
2129
2141
2145
2140
2141
2140
2130
2138
2120
2123
2114
2119
2107
2101
2101
2103
2097
2095
2110
2109
2129
2122
2107
2101
2110
2118
2121
2102
2089
2072
2044
2069
2086
2113
2115
2130
2118
2132
2139
2147
2160
2170
2167
2165
2144
2138
2132
2118
2133
2138
2153
2147
2145
2148
2148
2139
2145
2139
2128
2118
2120
2120
2120
2111
2114
2114
2113
2123
2136
2155
2130
2134
2143
2146
2137
2134
2122
2119
2080
2086
2113
2140
2152
2147
2156
2154
2160
2165
2164
2163
2153
2160
2151
2180
2191
2198
2173
2153
2135
2129
2134
2144
2170
2153
2146
2134
2140
2130
2120
2108
2114
2124
2127
2149
2114
2133
2146
2154
2137
2116
2112
2106
2108
2137
2169
2179
2177
2163
2178
2170
2174
2160
2170
2162
2172
2158
2141
2149
2150
2148
2147
2151
2147
2143
2134
2127
2110
2115
2114
2099
2100
2098
2099
2096
2118
2113
2139
2119
2121
2134
2119
2139
2152
2178
2207
2234
2229
2196
2165
2183
2165
2144
2118
2124
2117
2115
2104
2095
2098
2087
2096
2095
2105
2107
2102
2099
2089
2108
2096
2088
2091
2093
2080
2075
2070
2107
2100
2095
2086
2083
2096
2089
2082
2070
2080
2073
2076
2087
2091
2100
2119
2133
2159
2172
2159
2104
2045
2022
2076
2096
2091
2103
2132
2141
2143
2141
2133
2144
2141
2120
2129
2109
2126
2115
2122
2141
2149
2132
2143
2132
2132
2110
2117
2106
2122
2128
2136
2136
2141
2147
2135
2132
2131
2123
2130
2135
2122
2127
2124
2121
2107
2091
2050
2065
2085
2060
2043
2058
2083
2099
2131
2132
2141
2147
2152
2155
2159
2155
2156
2149
2144
2147
2143
2146
2146
2147
2155
2173
2198
2212
2210
2197
2179
2154
2129
2120
2114
2110
2120
2116
2145
2133
2108
2091
2122
2109
2122
2101
2093
2101
2089
2089
2081
2071
2055
2019
2012
2037
2078
2085
2089
2090
2109
2108
2124
2120
2126
2123
2139
2141
2146
2151
2155
2140
2154
2145
2143
2140
2133
2121
2123
2123
2133
2132
2132
2139
2153
2155
2150
2103
2098
2124
2125
2148
2116
2119
2111
2130
2149
2153
2164
2178
2184
2173
2160
2164
2150
2151
2149
2137
2149
2135
2140
2130
2130
2137
2139
2139
2145
2149
2146
2151
2140
2140
2123
2117
2123
2115
2078
2071
2093
2099
2134
2161
2125
2107
2115
2089
2097
2086
2091
2074
2071
2073
2053
2069
2086
2117
2127
2158
2147
2111
2080
2071
2063
2056
2064
2052
2066
2059
2057
2070
2074
2065
2077
2081
2089
2085
2084
2075
2059
2066
2069
2070
2079
2069
2084
2087
2084
2100
2099
2120
2119
2139
2140
2163
2113
2127
2134
2133
2141
2119
2117
2103
2081
2035
2068
2097
2126
2125
2114
2133
2133
2140
2171
2200
2205
2199
2200
2178
2164
2143
2147
2148
2138
2138
2128
2144
2140
2127
2101
2091
2103
2088
2085
2087
2099
2143
2114
2110
2156
2134
2116
2077
2086
2050
2047
2070
2102
2123
2108
2128
2131
2132
2130
2129
2126
2124
2113
2126
2116
2133
2129
2128
2133
2132
2142
2128
2141
2117
2117
2103
2114
2102
2119
2097
2105
2089
2102
2109
2131
2128
2137
2147
2143
2136
2120
2112
2086
2084
2103
2132
2145
2139
2150
2150
2149
2154
2146
2160
2155
2160
2159
2152
2165
2155
2165
2173
2179
2165
2159
2146
2130
2133
2140
2129
2125
2110
2103
2109
2103
2107
2121
2128
2121
2130
2163
2157
2123
2085
2042
2031
2024
2062
2093
2101
2105
2101
2116
2122
2104
2094
2102
2108
2123
2127
2122
2126
2126
2139
2137
2142
2141
2136
2121
2121
2114
2122
2119
2122
2119
2139
2142
2155
2162
2185
2192
2176
2136
2088
2090
2119
2135
2091
2035
2027
2075
2119
2129
2126
2154
2149
2154
2158
2163
2157
2162
2151
2159
2164
2152
2164
2162
2159
2149
2159
2146
2159
2142
2137
2136
2129
2131
2127
2119
2134
2120
2131
2126
2148
2156
2139
2118
2115
2136
2137
2157
2121
2122
2108
2095
2053
2050
2078
2095
2133
2130
2096
2079
2088
2102
2095
2087
2113
2117
2126
2130
2136
2148
2146
2148
2153
2156
2166
2178
2166
2101
2077
2088
2151
2200
2159
2138
2124
2128
2147
2145
2153
2142
2140
2131
2107
2115
2143
2154
2169
2187
2195
2187
2190
2185
2185
2190
2177
2190
2186
2193
2192
2199
2211
2210
2200
2193
2188
2186
2162
2140
2128
2116
2098
2113
2146
2117
2087
2111
2110
2099
2078
2060
2062
2028
2020
2043
2079
2110
2102
2139
2138
2151
2142
2161
2157
2153
2157
2146
2149
2155
2154
2150
2154
2151
2152
2149
2143
2133
2123
2112
2096
2103
2097
2094
2100
2106
2107
2117
2121
2131
2143
2182
2211
2211
2182
2199
2199
2178
2177
2141
2126
2100
2064
2073
2099
2130
2141
2121
2144
2155
2153
2150
2152
2146
2150
2138
2137
2139
2137
2138
2143
2137
2148
2137
2137
2142
2140
2131
2125
2128
2124
2129
2130
2132
2121
2121
2120
2126
2147
2141
2187
2153
2140
2150
2146
2151
2125
2145
2152
2148
2104
2108
2113
2115
2125
2129
2106
2110
2122
2118
2113
2120
2119
2119
2114
2122
2124
2119
2118
2121
2110
2116
2104
2108
2100
2105
2083
2078
2068
2060
2056
2059
2054
2057
2066
2061
2058
2075
2085
2098
2111
2114
2117
2126
2118
2117
2116
2097
2099
2103
2096
2111
2093
2095
2087
2088
2052
2014
2046
2090
2118
2121
2090
2116
2130
2147
2174
2186
2196
2190
2172
2145
2134
2129
2127
2138
2132
2123
2112
2116
2110
2103
2096
2090
2089
2084
2096
2093
2146
2102
2085
2091
2089
2070
2065
2063
2074
2071
2072
2068
2071
2087
2094
2106
2110
2094
2109
2111
2115
2115
2117
2109
2111
2119
2114
2124
2122
2126
2122
2123
2133
2129
2134
2130
2117
2115
2119
2124
2122
2129
2125
2134
2145
2144
2130
2126
2116
2121
2121
2129
2129
2140
2123
2109
2096
2130
2145
2142
2139
2148
2157
2149
2157
2156
2156
2149
2156
2139
2147
2146
2139
2141
2127
2132
2122
2120
2119
2118
2119
2112
2109
2128
2140
2168
2188
2198
2161
2141
2121
2110
2110
2108
2094
2080
2070
2057
2069
2069
2079
2077
2067
2074
2065
2082
2077
2091
2096
2127
2119
2134
2131
2141
2135
2138
2139
2143
2137
2129
2140
2123
2130
2123
2163
2174
2191
2183
2191
2171
2171
2172
2170
2177
2174
2174
2154
2159
2164
2155
2165
2149
2162
2175
2217
2177
2177
2168
2179
2173
2175
2179
2162
2149
2147
2137
2127
2118
2116
2104
2106
2115
2123
2128
2126
2106
2087
2121
2145
2165
2159
2167
2164
2159
2158
2155
2149
2155
2147
2145
2143
2150
2142
2133
2138
2134
2136
2133
2123
2128
2113
2109
2106
2112
2116
2122
2120
2126
2114
2132
2122
2124
2125
2142
2170
2191
2189
2186
2194
2151
2128
2119
2117
2105
2103
2087
2075
2039
2014
2018
2078
2107
2140
2120
2184
2218
2224
2236
2242
2232
2226
2214
2209
2200
2191
2209
2218
2238
2235
2261
2271
2296
2280
2334
2333
2333
2341
2331
2346
2403
2510
2510
2494
2477
2466
2421
2416
2418
2426
2426
2426
2434
2451
2459
2446
2431
2422
2412
2390
2376
2371
2368
2355
2352
2340
2335
2319
2305
2291
2280
2285
2273
2265
2255
2248
2232
2236
2229
2226
2206
2190
2185
2195
2181
2176
2172
2159
2153
2179
2158
2173
2165
2145
2123
2094
2076
2061
2045
2038
2039
2052
2043
2037
2003
1979
1978
2044
2070
2089
2095
2096
2088
2088
2089
2109
2129
2136
2136
2123
2119
2114
2104
2072
2064
2057
2042
2057
2045
2046
2038
2031
2035
2033
2035
2034
2036
2040
2034
2026
2015
2023
2013
2002
2005
2021
2026
2020
2027
2027
2029
2033
2026
2024
2036
2010
2010
2011
2026
2032
2024
2050
2053
2053
2056
2061
2062
2066
2062
2060
2067
2059
2063
2070
2068
2069
2072
2061
2069
2064
2062
2057
2053
2042
2048
2038
2041
2025
2020
2023
2020
2035
2036
2046
2045
2029
2032
2064
2080
2087
2080
2074
2073
2070
2043
2050
2022
2016
2019
2022
2030
2030
2037
2019
2045
2046
2044
2051
2046
2047
2049
2047
2056
2054
2061
2057
2060
2059
2056
2057
2057
2051
2053
2044
2044
2035
2050
2049
2053
2053
2041
2039
2031
2052
2048
2060
2047
2062
2061
2076
2064
2072
2051
2054
2038
2048
2031
2045
2049
2074
2075
2075
2077
2078
2084
2093
2100
2114
2111
2096
2101
2093
2085
2102
2093
2084
2085
2088
2090
2101
2106
2115
2107
2098
2109
2109
2109
2118
2122
2133
2143
2136
2114
2104
2090
2057
2049
2054
2061
2069
2069
2062
2055
2049
2039
2027
2048
2063
2073
2070
2092
2100
2100
2101
2109
2105
2105
2114
2108
2112
2116
2113
2117
2107
2110
2116
2107
2103
2098
2100
2097
2097
2099
2101
2103
2106
2098
2115
2113
2119
2115
2124
2112
2103
2104
2133
2164
2164
2165
2165
2171
2153
2153
2143
2136
2101
2088
2078
2086
2101
2089
2095
2123
2130
2127
2124
2120
2115
2114
2115
2112
2118
2115
2118
2120
2120
2122
2118
2121
2111
2107
2107
2111
2092
2088
2093
2085
2099
2093
2089
2106
2097
2115
2100
2108
2101
2111
2130
2156
2159
2132
2105
2095
2068
2063
2085
2089
2115
2094
2095
2110
2116
2114
2121
2113
2115
2109
2114
2118
2121
2118
2118
2126
2116
2128
2122
2123
2120
2111
2108
2096
2090
2087
2079
2094
2082
2084
2090
2101
2104
2108
2119
2118
2138
2122
2114
2129
2130
2149
2155
2136
2147
2138
2132
2126
2113
2115
2135
2152
2164
2168
2160
2143
2151
2142
2149
2144
2148
2141
2135
2129
2130
2121
2132
2133
2131
2132
2126
2133
2123
2134
2122
2129
2112
2101
2097
2094
2106
2097
2106
2099
2079
2097
2097
2106
2105
2109
2103
2090
2110
2110
2117
2101
2099
2099
2098
2104
2081
2069
2055
2071
2079
2077
2079
2091
2084
2095
2111
2115
2108
2111
2111
2113
2112
2118
2114
2108
2115
2149
2157
2163
2153
2159
2138
2128
2117
2104
2110
2101
2118
2113
2110
2119
2116
2133
2113
2119
2111
2115
2126
2126
2131
2127
2130
2113
2125
2125
2129
2126
2104
2117
2123
2140
2130
2143
2154
2167
2167
2158
2159
2146
2155
2149
2148
2153
2150
2155
2138
2152
2139
2143
2139
2140
2145
2135
2145
2143
2138
2128
2127
2124
2113
2125
2111
2106
2113
2113
2132
2143
2152
2143
2148
2140
2140
2139
2136
2132
2115
2112
2102
2108
2083
2064
2057
2065
2080
2085
2079
2083
2070
2098
2102
2102
2103
2115
2106
2117
2113
2116
2125
2120
2133
2119
2126
2121
2123
2122
2109
2109
2111
2113
2108
2110
2102
2102
2100
2086
2105
2095
2098
2101
2110
2127
2138
2139
2158
2162
2171
2158
2143
2136
2126
2123
2109
2106
2081
2076
2095
2110
2121
2115
2116
2125
2135
2138
2138
2130
2131
2122
2123
2122
2125
2122
2134
2133
2132
2139
2140
2130
2129
2123
2122
2125
2125
2123
2119
2117
2116
2114
2109
2121
2132
2128
2117
2104
2111
2120
2134
2115
2118
2111
2101
2084
2069
2086
2123
2151
2165
2150
2167
2161
2155
2142
2138
2127
2120
2120
2115
2117
2121
2122
2126
2123
2126
2131
2130
2108
2087
2099
2080
2083
2094
2102
2114
2125
2126
2112
2088
2100
2097
2106
2105
2114
2108
2118
2107
2107
2100
2091
2105
2107
2113
2095
2122
2126
2129
2130
2133
2126
2142
2133
2137
2138
2138
2135
2140
2133
2132
2132
2136
2133
2132
2123
2116
2105
2113
2122
2132
2141
2155
2156
2149
2142
2126
2140
2113
2112
2110
2111
2091
2073
2081
2101
2096
2097
2082
2066
2062
2051
2070
2094
2090
2110
2120
2121
2130
2128
2135
2126
2131
2124
2128
2136
2147
2147
2142
2141
2144
2136
2135
2129
2131
2131
2120
2123
2129
2141
2158
2166
2174
2175
2169
2171
2157
2139
2123
2134
2132
2140
2130
2147
2136
2147
2124
2138
2131
2114
2104
2098
2089
2089
2088
2087
2084
2091
2088
2096
2095
2093
2096
2093
2080
2065
2063
2076
2081
2099
2137
2159
2184
2181
2220
2207
2216
2200
2194
2200
2193
2187
2178
2181
2174
2170
2168
2160
2153
2153
2162
2187
2207
2218
2215
2196
2193
2160
2157
2147
2116
2125
2117
2100
2079
2068
2065
2044
2032
2012
2017
2023
2036
2027
2018
2030
2033
2071
2077
2080
2082
2087
2101
2096
2100
2094
2096
2093
2108
2105
2100
2097
2108
2113
2106
2103
2101
2107
2113
2104
2116
2102
2116
2116
2132
2130
2137
2186
2156
2145
2108
2081
2050
2007
2041
2055
2061
2063
2051
2048
2099
2131
2149
2173
2176
2169
2154
2157
2122
2117
2363
2115
2152
2074
2090
2087
2108
2109
2126
2101
2097
2090
2088
2088
2098
2103
2117
2123
2122
2128
2123
2131
2116
2126
2126
2124
2117
2106
2097
2089
2093
2087
2104
2094
2094
2094
2079
2071
2054
2077
2074
2123
2135
2139
2140
2145
2145
2139
2145
2147
2148
2143
2143
2139
2161
2147
2153
2138
2156
2150
2154
2156
2149
2138
2141
2136
2147
2146
2154
2153
2181
2203
2175
2187
2176
2169
2157
2155
2141
2126
2138
2130
2125
2099
2062
2033
2063
2087
2094
2092
2121
2129
2146
2137
2143
2146
2147
2147
2148
2137
2142
2138
2141
2130
2129
2126
2118
2122
2109
2117
2108
2117
2110
2109
2113
2101
2104
2108
2121
2115
2118
2104
2091
2088
2093
2102
2103
2101
2113
2127
2123
2117
2102
2117
2170
2148
2149
2134
2130
2129
2131
2132
2132
2133
2124
2123
2127
2131
2129
2131
2128
2131
2140
2142
2132
2131
2143
2116
2098
2098
2078
2063
2091
2107
2102
2103
2090
2096
2113
2105
2133
2140
2131
2135
2149
2145
2166
2182
2202
2211
2218
2201
2161
2124
2103
2119
2136
2139
2129
2134
2140
2138
2139
2136
2148
2145
2140
2146
2138
2141
2146
2151
2152
2143
2149
2141
2134
2137
2134
2129
2124
2119
2116
2114
2105
2110
2114
2114
2117
2116
2098
2097
2105
2112
2134
2104
2101
2097
2086
2054
2052
2076
2114
2138
2158
2141
2164
2147
2140
2133
2128
2120
2133
2130
2121
2122
2115
2110
2118
2111
2110
2111
2116
2104
2109
2108
2100
2094
2090
2091
2091
2084
2084
2081
2097
2091
2111
2106
2124
2108
2114
2127
2120
2125
2123
2117
2110
2109
2083
2069
2074
2095
2123
2131
2116
2133
2140
2128
2136
2137
2130
2135
2140
2137
2148
2142
2143
2146
2147
2148
2162
2183
2202
2190
2185
2171
2145
2130
2110
2111
2108
2116
2111
2117
2080
2071
2084
2104
2090
2083
2094
2081
2074
2042
2049
2066
2082
2103
2089
2093
2114
2118
2127
2122
2128
2133
2128
2126
2131
2133
2134
2134
2141
2140
2135
2129
2138
2137
2126
2123
2117
2123
2130
2129
2146
2144
2165
2145
2131
2137
2148
2116
2071
2095
2107
2117
2126
2128
2118
2093
2096
2108
2113
2123
2138
2149
2162
2186
2193
2202
2186
2187
2167
2168
2156
2133
2152
2144
2140
2147
2139
2129
2130
2125
2114
2119
2111
2113
2113
2121
2113
2103
2110
2100
2110
2117
2109
2089
2068
2074
2087
2107
2103
2081
2076
2073
2063
2047
2045
2062
2097
2122
2117
2153
2160
2139
2105
2083
2078
2093
2101
2102
2123
2130
2138
2148
2145
2144
2141
2148
2147
2138
2143
2133
2137
2141
2133
2133
2146
2136
2129
2141
2134
2134
2131
2129
2157
2147
2135
2140
2140
2145
2148
2131
2129
2124
2120
2129
2131
2114
2101
2093
2118
2120
2132
2126
2154
2180
2197
2200
2203
2200
2168
2163
2156
2144
2136
2136
2129
2139
2128
2142
2132
2127
2115
2123
2123
2122
2099
2103
2115
2113
2107
2109
2114
2119
2123
2120
2086
2083
2085
2075
2093
2080
2087
2075
2075
2051
2050
2046
2052
2081
2080
2084
2116
2116
2124
2125
2123
2124
2122
2129
2121
2129
2141
2134
2139
2129
2136
2141
2138
2128
2121
2121
2108
2119
2112
2109
2121
2129
2130
2142
2147
2147
2140
2123
2128
2113
2115
2116
2130
2150
2165
2173
2174
2158
2146
2135
2126
2146
2130
2131
2131
2130
2140
2129
2133
2123
2135
2117
2141
2139
2149
2148
2148
2145
2139
2147
2148
2143
2138
2124
2124
2121
2115
2117
2106
2109
2113
2108
2119
2121
2101
2083
2084
2086
2100
2091
2109
2120
2146
2140
2138
2134
2147
2155
2126
2146
2138
2134
2130
2132
2121
2122
2119
2104
2118
2113
2124
2122
2111
2113
2118
2108
2117
2104
2114
2090
2101
2143
2159
2171
2180
2181
2178
2176
2186
2179
2180
2168
2142
2147
2161
2190
2200
2201
2187
2161
2137
2121
2117
2131
2129
2133
2132
2142
2157
2161
2135
2134
2119
2105
2099
2100
2098
2098
2084
2087
2103
2099
2104
2101
2095
2099
2108
2097
2102
2087
2084
2075
2074
2078
2084
2082
2078
2084
2091
2090
2091
2083
2082
2096
2097
2073
2091
2107
2128
2139
2148
2151
2133
2125
2102
2090
2064
2039
2051
2059
2076
2072
2072
2076
2087
2101
2089
2097
2099
2104
2104
2105
2112
2108
2105
2104
2106
2101
2108
2115
2116
2124
2115
2108
2111
2098
2098
2089
2095
2102
2107
2113
2121
2125
2156
2179
2192
2198
2186
2185
2171
2134
2118
2112
2100
2100
2106
2097
2102
2083
2078
2089
2094
2074
2039
2034
2061
2099
2106
2109
2122
2121
2133
2130
2133
2122
2124
2143
2153
2151
2129
2118
2116
2135
2138
2143
2152
2156
2155
2148
2136
2137
2136
2138
2140
2147
2155
2171
2174
2173
2141
2134
2129
2114
2095
2089
2086
2105
2128
2140
2131
2103
2084
2072
2094
2098
2093
2097
2090
2091
2103
2108
2108
2106
2116
2111
2113
2106
2103
2111
2116
2111
2111
2110
2111
2109
2105
2102
2104
2095
2091
2092
2095
2100
2093
2096
2088
2101
2093
2098
2101
2103
2115
2119
2139
2151
2173
2177
2188
2204
2195
2180
2169
2146
2143
2128
2128
2120
2125
2104
2080
2069
2088
2103
2111
2123
2108
2121
2126
2129
2125
2131
2136
2132
2130
2128
2127
2130
2138
2140
2139
2131
2129
2119
2133
2128
2128
2128
2140
2133
2129
2137
2136
2144
2139
2150
2140
2138
2134
2132
2129
2131
2131
2121
2112
2136
2151
2190
2184
2174
2158
2146
2130
2128
2105
2079
2081
2088
2108
2117
2118
2124
2142
2142
2142
2141
2141
2154
2142
2149
2149
2161
2162
2157
2157
2159
2153
2157
2146
2141
2135
2101
2093
2089
2100
2118
2142
2171
2151
2154
2151
2154
2161
2155
2142
2140
2151
2151
2146
2134
2134
2147
2153
2136
2152
2158
2168
2174
2193
2213
2219
2192
2149
2136
2126
2118
2127
2117
2125
2122
2109
2107
2121
2111
2107
2096
2085
2080
2075
2072
2071
2085
2086
2093
2098
2093
2107
2106
2080
2090
2106
2129
2090
2094
2079
2054
2046
2043
2067
2080
2087
2078
2110
2110
2117
2114
2116
2121
2107
2110
2103
2104
2102
2099
2097
2110
2112
2116
2114
2110
2108
2101
2103
2109
2108
2113
2104
2116
2140
2160
2164
2144
2126
2129
2145
2150
2134
2107
2104
2122
2113
2132
2104
2095
2093
2102
2098
2093
2074
2087
2097
2120
2132
2128
2145
2147
2156
2155
2154
2151
2151
2154
2145
2149
2162
2171
2184
2178
2178
2161
2159
2152
2145
2134
2140
2138
2141
2130
2126
2114
2119
2114
2120
2120
2128
2146
2167
2192
2178
2164
2147
2169
2154
2138
2112
2102
2094
2077
2044
2055
2061
2086
2099
2109
2103
2123
2119
2133
2135
2141
2135
2139
2142
2143
2149
2163
2154
2154
2154
2155
2148
2150
2152
2154
2148
2135
2124
2135
2132
2135
2130
2128
2133
2141
2170
2203
2226
2223
2202
2187
2168
2172
2158
2155
2128
2116
2109
2095
2090
2062
2054
2082
2104
2120
2104
2129
2112
2122
2125
2128
2132
2129
2135
2126
2116
2114
2130
2133
2140
2136
2139
2146
2151
2152
2138
2142
2143
2139
2140
2135
2130
2128
2131
2125
2119
2108
2106
2099
2108
2101
2097
2096
2117
2121
2095
2079
2103
2090
2105
2108
2098
2104
2120
2126
2109
2100
2094
2103
2113
2123
2134
2122
2120
2123
2114
2120
2114
2118
2122
2115
2104
2101
2096
2107
2107
2107
2100
2094
2100
2099
2116
2114
2116
2111
2108
2110
2118
2112
2115
2114
2115
2109
2113
2106
2106
2112
2115
2124
2131
2122
2135
2140
2149
2155
2144
2148
2142
2141
2133
2132
2119
2096
2097
2115
2151
2171
2171
2184
2185
2179
2169
2154
2149
2145
2145
2143
2132
2140
2131
2135
2131
2136
2127
2122
2120
2110
2114
2115
2114
2113
2100
2103
2119
2157
2170
2192
2194
2192
2191
2191
2190
2170
2155
2150
2160
2161
2166
2156
2123
2101
2087
2079
2084
2101
2105
2110
2101
2093
2091
2074
2085
2093
2096
2086
2088
2082
2071
2075
2093
2096
2103
2106
2090
2096
2096
2110
2117
2124
2095
2071
2052
2062
2058
2060
2077
2073
2078
2071
2079
2105
2133
2116
2113
2102
2107
2106
2114
2125
2133
2124
2111
2104
2100
2112
2115
2106
2101
2089
2102
2106
2107
2113
2138
2133
2131
2116
2123
2136
2136
2136
2138
2116
2115
2117
2131
2136
2134
2125
2115
2107
2104
2111
2125
2126
2110
2090
2087
2111
2125
2127
2113
2113
2115
2115
2141
2150
2166
2174
2161
2158
2131
2130
2140
2129
2113
2091
2093
2099
2125
2133
2133
2114
2115
2117
2124
2137
2142
2135
2123
2124
2130
2140
2145
2146
2134
2127
2129
2136
2150
2152
2128
2097
2109
2088
2081
2101
2110
2114
2104
2105
2126
2168
2192
2186
2153
2152
2177
2190
2201
2175
2147
2124
2111
2107
2122
2104
2105
2096
2099
2104
2135
2158
2155
2140
2126
2126
2130
2150
2159
2143
2132
2128
2130
2143
2156
2153
2132
2123
2108
2123
2140
2140
2132
2115
2096
2106
2109
2125
2122
2104
2088
2090
2099
2110
2109
2102
2088
2087
2108
2119
2147
2145
2117
2080
2132
2155
2197
2187
2154
2145
2139
2124
2078
2096
2095
2101
2097
2112
2133
2145
2131
2115
2102
2110
2129
2134
2133
2126
2115
2114
2117
2125
2132
2121
2111
2094
2106
2108
2120
2116
2110
2105
2091
2094
2095
2104
2103
2091
2083
2070
2086
2100
2137
2137
2108
2094
2109
2134
2178
2185
2182
2162
2148
2137
2123
2106
2078
2081
2083
2095
2104
2095
2102
2120
2107
2099
2095
2111
2117
2108
2117
2104
2108
2103
2107
2109
2107
2118
2106
2107
2106
2098
2114
2113
2119
2106
2095
2089
2084
2096
2099
2108
2099
2093
2100
2098
2119
2125
2135
2124
2110
2117
2137
2162
2192
2178
2164
2151
2137
2117
2115
2107
2107
2094
2079
2067
2081
2091
2107
2107
2128
2126
2113
2115
2117
2127
2126
2132
2122
2114
2111
2123
2128
2130
2129
2121
2123
2122
2117
2117
2114
2120
2119
2125
2114
2106
2105
2119
2126
2147
2137
2149
2142
2149
2186
2189
2166
2138
2133
2125
2116
2123
2123
2111
2083
2072
2065
2087
2101
2112
2109
2108
2118
2127
2132
2123
2124
2123
2116
2121
2115
2107
2106
2107
2114
2116
2122
2112
2105
2105
2110
2126
2116
2122
2107
2106
2114
2127
2131
2147
2121
2124
2113
2125
2146
2139
2107
2117
2125
2130
2117
2105
2105
2116
2111
2111
2107
2106
2115
2114
2125
2132
2139
2135
2153
2168
2192
2212
2198
2181
2152
2113
2088
2122
2140
2152
2154
2164
2165
2154
2153
2140
2153
2141
2137
2130
2123
2126
2136
2141
2143
2134
2130
2140
2150
2154
2148
2136
2130
2135
2143
2148
2142
2139
2147
2150
2155
2154
2156
2145
2152
2168
2172
2162
2146
2138
2136
2132
2139
2136
2136
2139
2166
2194
2217
2207
2209
2200
2192
2172
2166
2159
2136
2154
2174
2169
2171
2160
2159
2154
2155
2156
2149
2142
2141
2147
2144
2139
2131
2127
2127
2134
2125
2126
2114
2118
2121
2130
2130
2125
2117
2113
2117
2122
2123
2117
2114
2111
2124
2130
2126
2132
2122
2148
2166
2159
2130
2130
2136
2138
2146
2124
2113
2100
2096
2110
2115
2114
2098
2089
2074
2069
2074
2071
2082
2093
2110
2111
2107
2125
2120
2130
2131
2133
2125
2110
2107
2109
2121
2123
2126
2105
2101
2116
2127
2133
2125
2112
2129
2150
2171
2182
2172
2153
2139
2134
2129
2123
2128
2119
2122
2123
2140
2105
2113
2113
2098
2114
2100
2084
2076
2079
2097
2104
2114
2091
2074
2075
2069
2063
2083
2084
2112
2104
2116
2123
2113
2127
2137
2116
2141
2138
2141
2131
2130
2122
2126
2137
2139
2130
2124
2106
2110
2122
2124
2116
2118
2112
2118
2109
2107
2104
2109
2134
2178
2183
2165
2155
2137
2137
2136
2139
2126
2113
2097
2100
2105
2106
2117
2098
2083
2083
2099
2118
2132
2125
2124
2129
2139
2129
2135
2130
2143
2139
2139
2123
2116
2126
2141
2149
2147
2145
2137
2126
2132
2139
2129
2132
2118
2119
2104
2104
2108
2102
2109
2101
2099
2095
2104
2123
2129
2146
2138
2145
2159
2187
2198
2209
2205
2194
2176
2161
2147
2129
2127
2125
2126
2104
2105
2104
2120
2128
2136
2128
2147
2135
2139
2130
2139
2145
2158
2155
2148
2135
2138
2130
2134
2145
2137
2143
2128
2125
2104
2127
2117
2132
2124
2113
2106
2096
2097
2101
2110
2108
2100
2085
2089
2097
2121
2142
2121
2116
2124
2135
2175
2193
2204
2226
2242
2241
2233
2201
2204
2204
2209
2196
2172
2160
2166
2170
2176
2188
2177
2157
2153
2150
2153
2160
2140
2122
2093
2079
2081
2094
2101
2100
2083
2070
2058
2068
2074
2084
2080
2083
2076
2059
2080
2078
2084
2085
2070
2065
2061
2082
2113
2136
2130
2110
2104
2106
2111
2147
2171
2180
2168
2153
2143
2136
2130
2121
2091
2074
2076
2094
2109
2114
2118
2119
2108
2110
2120
2134
2132
2135
2119
2114
2108
2114
2127
2119
2128
2111
2115
2114
2121
2119
2126
2116
2108
2096
2098
2108
2114
2117
2108
2097
2093
2102
2110
2118
2118
2102
2093
2096
2097
2117
2136
2108
2090
2082
2083
2084
2083
2072
2078
2088
2104
2145
2161
2168
2187
2187
2187
2178
2172
2162
2163
2135
2126
2115
2120
2133
2148
2140
2125
2119
2113
2121
2118
2120
2108
2100
2092
2097
2101
2108
2111
2108
2097
2096
2105
2124
2129
2114
2120
2136
2147
2132
2136
2130
2122
2106
2099
2089
2086
2072
2083
2100
2113
2094
2118
2120
2137
2140
2148
2138
2140
2136
2143
2166
2186
2193
2196
2189
2184
2173
2162
2156
2146
2141
2146
2135
2125
2129
2121
2111
2107
2100
2085
2095
2107
2113
2105
2107
2119
2116
2115
2097
2113
2103
2117
2118
2108
2100
2099
2084
2063
2053
2054
2065
2093
2142
2152
2172
2181
2172
2171
2164
2153
2148
2142
2140
2129
2126
2114
2127
2125
2124
2123
2120
2122
2122
2128
2120
2123
2125
2111
2111
2103
2107
2114
2110
2116
2115
2135
2128
2115
2115
2102
2088
2093
2084
2091
2103
2102
2103
2090
2083
2089
2094
2099
2087
2101
2106
2113
2110
2108
2113
2114
2111
2105
2104
2103
2108
2108
2104
2107
2099
2095
2087
2099
2102
2100
2098
2087
2100
2093
2091
2092
2096
2094
2111
2102
2099
2090
2098
2098
2102
2134
2168
2164
2156
2123
2115
2107
2093
2084
2081
2094
2085
2085
2077
2078
2081
2083
2084
2073
2075
2072
2082
2096
2079
2094
2100
2098
2102
2107
2106
2110
2103
2111
2109
2107
2112
2108
2108
2102
2095
2096
2093
2095
2104
2100
2102
2097
2094
2098
2099
2097
2105
2102
2098
2101
2090
2101
2101
2114
2118
2118
2122
2139
2151
2148
2162
2149
2136
2122
2109
2092
2091
2081
2082
2078
2079
2060
2062
2086
2090
2098
2119
2124
2131
2128
2132
2124
2133
2128
2121
2121
2132
2124
2128
2132
2131
2128
2131
2124
2124
2123
2122
2127
2125
2124
2120
2121
2117
2125
2122
2119
2123
2118
2127
2128
2133
2139
2141
2148
2160
2182
2184
2188
2194
2184
2176
2162
2151
2137
2124
2119
2109
2100
2096
2097
2102
2110
2115
2107
2124
2126
2131
2125
2127
2130
2128
2126
2128
2118
2108
2103
2112
2108
2112
2111
2116
2115
2121
2116
2116
2115
2117
2123
2117
2118
2116
2115
2114
2124
2118
2116
2115
2112
2108
2106
2104
2105
2116
2120
2117
2115
2118
2117
2109
2113
2110
2114
2110
2122
2141
2158
2166
2184
2187
2176
2159
2127
2113
2114
2119
2124
2110
2110
2124
2124
2122
2116
2122
2111
2117
2105
2108
2114
2111
2111
2124
2128
2123
2126
2126
2124
2122
2116
2117
2112
2122
2120
2116
2124
2118
2120
2118
2111
2122
2132
2147
2177
2120
2127
2102
2101
2107
2094
2099
2106
2099
2100
2105
2111
2110
2118
2117
2130
2135
2136
2142
2140
2145
2149
2140
2142
2133
2126
2116
2105
2097
2095
2103
2118
2129
2117
2145
2151
2167
2170
2198
2188
2192
2179
2172
2155
2154
2143
2152
2152
2159
2140
2139
2147
2146
2129
2117
2116
2111
2113
2124
2138
2143
2168
2166
2160
2162
2161
2149
2147
2149
2136
2129
2128
2134
2122
2130
2126
2133
2120
2116
2085
2066
2070
2093
2114
2123
2123
2135
2150
2154
2175
2173
2197
2195
2207
2189
2175
2156
2160
2153
2151
2149
2136
2145
2142
2148
2134
2114
2111
2117
2124
2132
2147
2154
2141
2144
2131
2120
2111
2101
2100
2102
2106
2100
2106
2109
2097
2092
2101
2097
2090
2067
2072
2078
2098
2091
2115
2119
2121
2129
2124
2122
2124
2127
2137
2130
2143
2130
2136
2130
2124
2137
2133
2129
2124
2131
2126
2139
2129
2128
2126
2130
2130
2132
2145
2144
2138
2138
2145
2123
2116
2112
2120
2127
2137
2137
2154
2169
2169
2159
2154
2149
2142
2127
2131
2150
2141
2136
2137
2139
2145
2145
2140
2136
2139
2134
2133
2128
2136
2132
2129
2137
2132
2131
2130
2121
2121
2118
2110
2115
2104
2115
2112
2116
2108
2111
2113
2111
2114
2111
2115
2115
2113
2121
2124
2121
2103
2111
2118
2111
2114
2120
2119
2116
2114
2117
2118
2101
2081
2062
2085
2091
2106
2115
2109
2104
2123
2119
2128
2129
2129
2129
2129
2133
2132
2138
2134
2134
2135
2142
2164
2188
2175
2179
2157
2149
2132
2119
2119
2111
2110
2101
2100
2096
2102
2105
2104
2104
2106
2108
2115
2122
2137
2136
2144
2122
2127
2129
2125
2129
2122
2116
2128
2120
2120
2111
2133
2145
2166
2166
2159
2161
2163
2147
2147
2146
2136
2138
2122
2128
2135
2123
2124
2133
2136
2134
2133
2134
2131
2120
2124
2119
2119
2123
2120
2125
2113
2117
2122
2127
2134
2120
2119
2102
2106
2108
2109
2126
2124
2119
2110
2102
2097
2087
2068
2076
2092
2100
2113
2109
2155
2161
2164
2156
2161
2160
2154
2150
2149
2135
2130
2126
2121
2126
2124
2130
2127
2127
2122
2122
2122
2122
2114
2109
2123
2122
2115
2124
2119
2130
2140
2132
2124
2111
2124
2131
2129
2114
2125
2118
2123
2121
2124
2108
2117
2104
2082
2093
2099
2118
2111
2128
2140
2136
2141
2138
2164
2165
2156
2165
2161
2160
2167
2160
2177
2194
2204
2195
2187
2182
2158
2154
2138
2126
2121
2120
2124
2121
2138
2128
2136
2134
2116
2103
2115
2116
2126
2118
2107
2110
2110
2111
2103
2095
2087
2090
2088
2100
2121
2107
2130
2132
2142
2142
2148
2140
2139
2137
2142
2133
2140
2135
2138
2129
2129
2122
2121
2122
2128
2121
2119
2123
2117
2115
2115
2115
2110
2109
2109
2116
2109
2116
2124
2124
2133
2141
2141
2156
2132
2141
2136
2139
2134
2135
2141
2161
2187
2187
2192
2195
2181
2149
2147
2126
2118
2116
2114
2126
2108
2109
2109
2132
2121
2124
2130
2122
2136
2126
2133
2124
2130
2111
2120
2113
2114
2120
2109
2110
2114
2104
2098
2118
2103
2116
2112
2108
2112
2113
2102
2112
2100
2110
2097
2104
2101
2106
2107
2096
2110
2107
2107
2128
2124
2123
2107
2113
2112
2122
2122
2143
2160
2176
2169
2145
2102
2110
2098
2092
2094
2079
2073
2076
2068
2074
2082
2077
2085
2086
2091
2092
2096
2091
2080
2075
2068
2070
2051
2062
2084
2100
2106
2102
2122
2113
2127
2116
2126
2125
2121
2126
2139
2123
2146
2128
2136
2132
2129
2136
2166
2156
2148
2133
2119
2105
2123
2140
2153
2175
