2131
2145
2158
2193
2205
2195
2197
2185
2160
2153
2134
2126
2112
2109
2103
2114
2115
2114
2117
2118
2112
2107
2107
2100
2099
2117
2118
2107
2099
2082
2079
2079
2087
2084
2093
2089
2084
2092
2082
2078
2077
2090
2076
2079
2081
2089
2094
2087
2091
2081
2079
2065
2058
2042
2047
2042
2061
2066
2057
2059
2064
2061
2077
2083
2081
2078
2078
2079
2084
2077
2085
2085
2098
2108
2124
2130
2139
2125
2123
2097
2098
2096
2100
2086
2086
2075
2083
2093
2092
2091
2083
2087
2087
2089
2094
2087
2092
2097
2103
2101
2109
2107
2103
2093
2100
2108
2115
2123
2122
2115
2109
2116
2111
2111
2106
2114
2114
2107
2110
2105
2114
2107
2110
2106
2112
2123
2114
2121
2114
2113
2117
2115
2119
2116
2119
2120
2117
2119
2112
2120
2108
2119
2130
2136
2135
2131
2127
2119
2126
2106
2111
2117
2108
2114
2108
2108
2108
2106
2110
2109
2112
2112
2121
2122
2116
2119
2118
2131
2148
2173
2180
2177
2179
2162
2145
2131
2134
2122
2138
2131
2151
2130
2132
2111
2105
2099
2089
2106
2107
2106
2105
2107
2109
2115
2109
2109
2109
2107
2117
2101
2106
2090
2097
2089
2093
2081
2076
2096
2096
2098
2098
2088
2091
2090
2103
2107
2113
2120
2117
2127
2121
2116
2106
2100
2114
2109
2104
2101
2099
2106
2114
2117
2109
2118
2110
2116
2102
2129
2114
2116
2113
2110
2113
2111
2121
2117
2121
2118
2117
2119
2135
2157
2173
2173
2173
2176
2161
2157
2122
2122
2104
2105
2102
2095
2104
2095
2103
2094
2096
2103
2106
2115
2122
2113
2090
2102
2092
2112
2102
2110
2084
2087
2077
2075
2086
2071
2076
2066
2064
2069
2059
2059
2066
2032
2106
2095
2096
2109
2105
2102
2106
2096
2106
2095
2119
2103
2103
2105
2115
2123
2110
2122
2120
2149
2183
2208
2205
2234
2182
2185
2154
2153
2138
2133
2143
2117
2119
2103
2117
2116
2122
2100
2124
2106
2111
2104
2116
2123
2131
2133
2118
2110
2106
2109
2126
2098
2101
2104
2104
2092
2080
2089
2071
2093
2142
2144
2179
2128
2181
2185
2207
2198
2186
2184
2168
2172
2163
2156
2163
2189
2194
2183
2187
2185
2190
2174
2168
2171
2193
2209
2220
2261
2284
2266
2260
2225
2218
2215
2198
2201
2198
2212
2216
2200
2174
2168
2173
2154
2141
2133
2143
2131
2135
2137
2138
2127
2133
2119
2119
2093
2081
2074
2072
2066
2076
2072
2085
2078
2038
2058
2038
2051
2052
2058
2062
2059
2052
2049
2044
2042
2040
2058
2048
2061
2062
2051
2060
2054
2064
2049
2079
2050
2091
2090
2167
2185
2214
2217
2214
2236
2214
2231
2237
2248
2250
2238
2287
2279
2264
2255
2214
2213
2197
2184
2166
2145
2141
2105
2120
2150
2157
2144
2146
2165
2159
2145
2161
2164
2175
2178
2164
2157
2165
2165
2153
2159
2142
2143
2128
2128
2136
2139
2133
2094
2109
2088
2070
2077
2081
2089
2073
2074
2061
2056
2056
2053
2052
2043
2047
2058
2066
2115
2126
2129
2130
2096
2074
2028
2016
2005
1976
1981
1978
1986
1996
1992
2024
2044
2043
2033
2034
2044
2036
2051
2053
2072
2056
2063
2052
2068
2066
2079
2074
2074
2063
2056
2055
2096
2103
2101
2098
2098
2081
2084
2087
2101
2113
2127
2139
2131
2153
2177
2181
2181
2177
2126
2096
2078
2075
2034
2066
2077
2081
2098
2065
2093
2102
2091
2104
2110
2108
2108
2116
2118
2127
2120
2114
2120
2112
2122
2114
2108
2117
2108
2104
2108
2098
2106
2107
2115
2123
2108
2110
2124
2122
2134
2138
2128
2141
2142
2145
2166
2155
2146
2152
2172
2196
2179
2209
2184
2183
2152
2151
2107
2119
2102
2115
2119
2123
2113
2124
2139
2139
2131
2133
2133
2124
2140
2134
2120
2140
2120
2117
2135
2119
2133
2144
2139
2142
2129
2130
2122
2112
2123
2123
2133
2125
2127
2110
2098
2120
2130
2128
2116
2124
2116
2117
2119
2109
2116
2112
2104
2101
2105
2144
2166
2133
2175
2179
2185
2191
2186
2187
2178
2181
2180
2204
2223
2219
2211
2209
2205
2197
2188
2176
2152
2146
2133
2129
2127
2118
2107
2103
2124
2121
2125
2119
2133
2121
2129
2138
2149
2146
2148
2128
2129
2132
2107
2114
2094
2077
2075
2063
2039
2040
2051
2070
2090
2097
2090
2109
2119
2110
2109
2104
2114
2102
2116
2123
2107
2107
2114
2116
2118
2146
2160
2190
2192
2170
2184
2152
2149
2135
2102
2126
2102
2086
2102
2080
2081
2081
2101
2099
2117
2100
2073
2066
2081
2083
2071
2067
2078
2069
2063
2075
2061
2079
2062
2043
2043
2065
2066
2084
2083
2086
2115
2121
2118
2125
2134
2137
2134
2122
2135
2127
2129
2130
2125
2120
2120
2104
2100
2107
2105
2096
2104
2100
2106
2121
2142
2135
2138
2150
2135
2102
2136
2139
2125
2125
2096
2098
2094
2104
2093
2096
2097
2091
2081
2047
2053
2083
2090
2112
2113
2132
2117
2123
2118
2113
2118
2102
2128
2118
2114
2118
2114
2109
2126
2109
2116
2116
2123
2114
2128
2107
2120
2107
2108
2107
2115
2094
2107
2106
2104
2111
2105
2089
2116
2132
2126
2134
2133
2131
2147
2162
2162
2134
2122
2109
2097
2090
2065
2077
2123
2121
2175
2161
2141
2123
2151
2129
2139
2121
2138
2139
2132
2126
2119
2107
2116
2107
2114
2119
2116
2114
2115
2121
2123
2116
2114
2112
2100
2108
2093
2104
2102
2113
2091
2105
2098
2103
2108
2089
2093
2089
2099
2113
2106
2098
2105
2073
2093
2059
2045
2050
2072
2133
2139
2174
2142
2185
2160
2152
2141
2135
2114
2117
2114
2121
2110
2116
2107
2109
2106
2114
2120
2119
2118
2123
2107
2123
2104
2114
2109
2106
2089
2089
2083
2093
2077
2095
2075
2083
2085
2094
2093
2117
2113
2108
2111
2122
2126
2135
2137
2126
2119
2119
2122
2137
2131
2109
2090
2094
2092
2102
2114
2120
2104
2138
2152
2132
2143
2138
2129
2128
2127
2129
2126
2147
2148
2143
2139
2135
2125
2129
2124
2112
2110
2097
2107
2102
2105
2104
2110
2102
2121
2119
2115
2117
2144
2142
2147
2145
2132
2150
2150
2150
2152
2146
2136
2120
2135
2110
2078
2084
2113
2173
2203
2213
2204
2203
2203
2197
2171
2166
2162
2147
2141
2139
2153
2148
2142
2142
2143
2136
2131
2150
2122
2109
2113
2121
2120
2116
2100
2111
2094
2135
2105
2102
2105
2106
2116
2109
2104
2109
2090
2086
2078
2109
2115
2132
2117
2118
2136
2148
2146
2145
2155
2143
2149
2143
2146
2141
2152
2141
2143
2153
2141
2152
2138
2129
2119
2120
2104
2110
2097
2109
2100
2104
2094
2095
2092
2104
2114
2127
2135
2144
2139
2157
2182
2193
2202
2204
2181
2172
2136
2093
2063
2070
2103
2122
2116
2112
2120
2135
2130
2134
2127
2127
2132
2126
2125
2126
2123
2122
2136
2124
2141
2121
2128
2117
2107
2109
2103
2097
2096
2095
2091
2100
2117
2158
2143
2108
2088
2112
2116
2115
2096
2082
2074
2064
2033
2069
2086
2110
2123
2124
2175
2194
2200
2197
2197
2180
2180
2158
2145
2143
2145
2141
2146
2131
2136
2122
2117
2128
2106
2101
2094
2084
2058
2077
2072
2080
2083
2088
2106
2111
2119
2105
2104
2108
2125
2114
2122
2097
2095
2088
2095
2090
2075
2041
2062
2074
2105
2110
2096
2091
2100
2115
2115
2127
2128
2131
2135
2130
2129
2144
2160
2175
2201
2198
2227
2207
2195
2185
2189
2157
2158
2148
2144
2140
2129
2139
2137
2155
2149
2125
2103
2098
2111
2124
2107
2113
2107
2101
2088
2060
2096
2125
2140
2135
2153
2165
2160
2165
2166
2171
2172
2157
2172
2164
2170
2173
2169
2169
2178
2171
2184
2162
2158
2142
2126
2143
2077
2045
2048
2054
2098
2105
2118
2142
2211
2187
2161
2174
2171
2176
2172
2185
2176
2153
2119
2130
2169
2187
2139
2173
2162
2166
2147
2152
2145
2144
2133
2140
2146
2126
2140
2138
2128
2139
2130
2136
2121
2116
2128
2105
2098
2096
2090
2093
2084
2098
2097
2109
2107
2147
2148
2106
2140
2129
2094
2082
2075
2085
2074
2062
2030
2012
2024
2052
2086
2067
2095
2109
2115
2111
2123
2110
2098
2125
2124
2120
2102
2121
2109
2129
2122
2151
2166
2170
2167
2144
2147
2132
2133
2122
2124
2133
2143
2092
2108
2085
2090
2084
2091
2086
2072
2074
2050
2051
2024
2050
2051
2087
2058
2100
2105
2115
2104
2117
2107
2099
2112
2115
2117
2124
2112
2127
2115
2126
2109
2125
2110
2116
2109
2104
2100
2095
2091
2086
2080
2076
2074
2079
2085
2066
2098
2093
2054
2075
2083
2111
2089
2082
2080
2070
2059
2042
2028
2047
2070
2103
2071
2111
2117
2123
2128
2124
2122
2131
2135
2128
2129
2133
2143
2150
2165
2182
2121
2111
2097
2039
2057
2055
2066
2118
2155
2172
2214
2167
2121
2119
2111
2089
2114
2111
2120
2113
2106
2094
2065
2070
2074
2114
2116
2101
2135
2128
2140
2142
2146
2136
2149
2145
2141
2142
2149
2145
2150
2148
2162
2155
2141
2133
2125
2123
2109
2100
2099
2088
2107
2103
2127
2128
2131
2096
2100
2134
2145
2148
2103
2112
2089
2076
2058
2084
2097
2117
2129
2102
2128
2127
2138
2134
2139
2147
2139
2156
2146
2148
2137
2154
2143
2153
2155
2154
2143
2134
2112
2111
2081
2092
2092
2104
2098
2116
2130
2142
2168
2177
2181
2131
2143
2144
2154
2143
2139
2126
2095
2082
2044
2044
2073
2119
2123
2103
2125
2132
2124
2136
2130
2141
2120
2129
2131
2129
2132
2138
2148
2149
2149
2137
2145
2140
2124
2131
2121
2124
2110
2094
2089
2114
2103
2129
2114
2098
2105
2149
2155
2119
2107
2103
2081
2058
2070
2090
2111
2130
2123
2143
2162
2162
2175
2161
2183
2169
2157
2173
2162
2154
2133
2158
2142
2148
2143
2134
2115
2098
2090
2082
2060
2058
2066
2089
2085
2126
2115
2130
2082
2104
2115
2117
2118
2102
2122
2097
2061
2061
2066
2112
2111
2115
2103
2115
2116
2120
2139
2127
2139
2137
2134
2138
2125
2137
2136
2145
2139
2136
2131
2134
2130
2128
2115
2111
2104
2100
2099
2107
2129
2132
2127
2097
2123
2133
2101
2101
2098
2088
2068
2052
2073
2082
2097
2106
2115
2132
2121
2128
2116
2132
2121
2117
2116
2129
2116
2134
2132
2135
2129
2118
2135
2116
2114
2095
2095
2082
2084
2081
2075
2087
2093
2094
2110
2139
2153
2148
2166
2156
2189
2174
2180
2161
2127
2107
2070
2077
2105
2108
2139
2097
2122
2109
2116
2113
2134
2126
2133
2118
2120
2124
2132
2141
2138
2144
2134
2138
2130
2133
2121
2117
2103
2116
2103
2096
2102
2096
2097
2091
2107
2107
2130
2126
2097
2092
2108
2111
2124
2101
2087
2062
2026
2056
2072
2109
2110
2124
2107
2124
2134
2135
2146
2161
2152
2154
2142
2147
2150
2119
2130
2123
2130
2123
2113
2120
2111
2106
2101
2094
2085
2073
2080
2082
2082
2072
2080
2074
2083
2104
2120
2135
2109
2113
2124
2134
2122
2111
2104
2095
2046
2050
2083
2112
2126
2115
2129
2130
2127
2133
2141
2130
2129
2131
2116
2135
2173
2144
2180
2165
2166
2169
2151
2147
2171
2143
2138
2119
2126
2111
2097
2085
2093
2107
2109
2135
2089
2110
2135
2139
2113
2095
2090
2070
2073
2099
2131
2146
2138
2148
2157
2163
2166
2146
2156
2144
2164
2151
2142
2154
2145
2141
2148
2155
2146
2142
2142
2123
2106
2120
2107
2101
2091
2094
2098
2092
2125
2107
2163
2119
2135
2144
2139
2145
2140
2176
2190
2208
2200
2160
2102
2177
2151
2149
2120
2136
2127
2138
2121
2117
2111
2114
2118
2121
2122
2134
2130
2120
2122
2134
2128
2112
2119
2121
2109
2093
2089
2135
2123
2122
2106
2104
2109
2115
2100
2083
2085
2080
2083
2090
2081
2092
2101
2117
2128
2127
2136
2114
2059
2066
2116
2156
2148
2139
2159
2141
2144
2140
2134
2133
2148
2119
2121
2118
2122
2121
2126
2151
2154
2119
2139
2128
2120
2096
2095
2082
2092
2104
2108
2102
2106
2116
2095
2091
2091
2085
2090
2097
2089
2091
2091
2086
2077
2048
1998
2029
2048
2018
2003
2012
2045
2054
2105
2113
2129
2137
2143
2144
2145
2151
2154
2143
2141
2145
2142
2146
2147
2144
2160
2163
2183
2183
2170
2167
2144
2141
2132
2120
2123
2114
2134
2127
2173
2159
2132
2116
2151
2136
2148
2127
2119
2129
2117
2119
2107
2093
2066
2022
2014
2047
2096
2109
2111
2110
2132
2130
2146
2142
2149
2149
2159
2159
2164
2171
2171
2159
2166
2160
2158
2154
2145
2130
2131
2127
2141
2137
2137
2144
2162
2169
2156
2101
2088
2125
2134
2157
2122
2124
2119
2131
2148
2137
2151
2173
2185
2177
2165
2176
2168
2162
2170
2157
2166
2156
2157
2154
2154
2159
2158
2161
2161
2177
2171
2174
2163
2157
2143
2134
2134
2123
2071
2069
2092
2100
2144
2179
2131
2108
2118
2088
2103
2083
2096
2076
2073
2066
2047
2063
2091
2124
2134
2168
2200
2201
2209
2199
2195
2176
2183
2166
2170
2155
2147
2151
2149
2133
2134
2135
2134
2126
2120
2114
2093
2091
2092
2087
2102
2083
2101
2101
2098
2109
2102
2126
2121
2145
2147
2177
2121
2130
2140
2143
2144
2125
2125
2105
2075
2016
2051
2090
2121
2125
2110
2136
2138
2138
2166
2184
2196
2182
2193
2172
2169
2158
2156
2167
2155
2146
2144
2148
2142
2123
2101
2089
2094
2079
2080
2085
2098
2160
2119
2114
2165
2139
2111
2065
2084
2038
2033
2062
2103
2133
2113
2137
2141
2146
2142
2139
2140
2138
2134
2141
2141
2151
2145
2149
2149
2152
2157
2148
2153
2129
2123
2103
2122
2111
2128
2111
2108
2098
2110
2122
2145
2138
2140
2155
2156
2134
2127
2102
2076
2075
2090
2129
2139
2136
2147
2149
2143
2148
2148
2147
2159
2154
2151
2149
2155
2148
2153
2168
2164
2157
2145
2134
2126
2123
2136
2118
2127
2098
2100
2093
2103
2106
2124
2138
2116
2142
2173
2173
2140
2131
2105
2085
2098
2119
2139
2157
2148
2152
2148
2152
2128
2126
2134
2129
2141
2134
2142
2139
2145
2152
2149
2149
2147
2150
2122
2122
2097
2102
2101
2107
2109
2120
2117
2121
2133
2178
2225
2262
2231
2209
2201
2194
2181
2111
2028
2007
2070
2102
2123
2108
2142
2128
2119
2114
2127
2126
2132
2129
2132
2139
2127
2132
2140
2134
2130
2141
2130
2139
2120
2110
2105
2097
2102
2096
2093
2104
2098
2111
2108
2142
2148
2137
2105
2108
2134
2131
2153
2111
2119
2102
2088
2031
2021
2062
2078
2130
2160
2168
2177
2190
2195
2181
2163
2153
2143
2142
2137
2143
2149
2143
2141
2140
2139
2144
2162
2139
2057
2028
2040
2127
2190
2138
2103
2065
2068
2078
2069
2073
2066
2063
2052
2026
2037
2074
2091
2102
2133
2137
2133
2139
2134
2138
2139
2127
2146
2146
2154
2144
2154
2165
2174
2171
2174
2168
2165
2144
2124
2115
2097
2075
2092
2136
2092
2059
2085
2088
2071
2046
2027
2023
1981
1973
2004
2055
2082
2078
2117
2121
2131
2124
2149
2144
2139
2144
2133
2139
2146
2144
2138
2148
2140
2143
2140
2129
2113
2105
2084
2065
2080
2067
2073
2069
2082
2083
2090
2103
2112
2126
2158
2185
2170
2140
2158
2177
2156
2153
2116
2111
2071
2029
2033
2076
2117
2126
2099
2127
2133
2133
2123
2131
2124
2128
2115
2121
2122
2116
2117
2124
2118
2131
2121
2122
2127
2121
2106
2105
2102
2100
2103
2102
2108
2098
2095
2101
2110
2137
2133
2187
2149
2132
2147
2155
2161
2121
2134
2148
2136
2086
2095
2117
2126
2138
2143
2114
2126
2142
2147
2138
2143
2142
2141
2136
2145
2146
2141
2143
2150
2139
2139
2127
2132
2125
2127
2108
2102
2087
2074
2067
2075
2071
2068
2079
2072
2074
2083
2084
2099
2129
2142
2146
2139
2123
2119
2130
2112
2117
2110
2098
2114
2108
2116
2103
2090
2039
1993
2035
2083
2118
2125
2086
2114
2138
2151
2177
2186
2196
2187
2174
2156
2148
2150
2150
2156
2143
2136
2123
2130
2122
2107
2104
2098
2103
2099
2108
2104
2161
2111
2095
2100
2104
2079
2071
2064
2075
2071
2079
2075
2069
2086
2091
2113
2117
2098
2116
2128
2129
2130
2133
2126
2129
2134
2131
2143
2133
2141
2139
2142
2146
2141
2146
2139
2119
2116
2120
2121
2120
2121
2113
2123
2138
2128
2123
2118
2106
2110
2107
2122
2115
2125
2098
2082
2065
2109
2132
2126
2126
2137
2153
2139
2155
2148
2149
2143
2148
2136
2141
2140
2135
2142
2129
2133
2121
2119
2117
2114
2123
2117
2113
2135
2144
2183
2208
2233
2188
2175
2149
2135
2134
2130
2105
2093
2075
2059
2069
2078
2082
2080
2071
2076
2061
2079
2073
2098
2102
2129
2121
2129
2128
2140
2135
2142
2138
2147
2139
2138
2145
2136
2139
2129
2138
2136
2150
2135
2145
2120
2126
2123
2124
2133
2127
2133
2114
2113
2130
2116
2134
2119
2134
2143
2199
2141
2142
2129
2141
2139
2143
2149
2127
2116
2111
2101
2090
2088
2076
2064
2068
2081
2094
2094
2095
2066
2053
2092
2128
2149
2150
2161
2160
2158
2156
2158
2155
2155
2141
2141
2140
2152
2145
2138
2142
2138
2136
2133
2126
2135
2122
2122
2119
2120
2127
2132
2131
2132
2127
2142
2131
2135
2139
2160
2193
2204
2204
2206
2219
2171
2150
2128
2141
2114
2113
2093
2077
2031
1994
2006
2072
2103
2136
2105
2124
2158
2163
2173
2183
2173
2177
2165
2161
2146
2141
2144
2145
2153
2144
2155
2149
2164
2135
2131
2124
2119
2124
2108
2106
2129
2172
2167
2140
2128
2124
2083
2081
2091
2107
2110
2114
2123
2133
2138
2123
2117
2117
2132
2119
2117
2124
2134
2126
2126
2120
2127
2120
2118
2122
2123
2140
2138
2142
2139
2146
2138
2149
2152
2150
2142
2126
2127
2132
2122
2120
2121
2114
2116
2145
2128
2146
2142
2134
2114
2085
2071
2055
2033
2032
2036
2060
2044
2053
2008
1982
1981
2073
2112
2136
2147
2149
2151
2152
2154
2168
2183
2181
2189
2197
2186
2200
2178
2159
2138
2133
2112
2129
2117
2125
2117
2112
2113
2109
2115
2121
2121
2130
2125
2120
2107
2113
2096
2090
2096
2111
2117
2109
2109
2114
2110
2107
2096
2094
2104
2077
2079
2079
2101
2107
2096
2129
2132
2131
2136
2137
2145
2144
2140
2136
2144
2132
2138
2145
2142
2148
2150
2138
2139
2133
2134
2135
2130
2121
2125
2123
2121
2113
2105
2112
2110
2129
2130
2138
2143
2123
2120
2158
2165
2177
2167
2152
2153
2152
2130
2139
2103
2101
2106
2104
2117
2112
2122
2097
2134
2133
2127
2133
2128
2132
2130
2133
2134
2137
2138
2134
2136
2136
2129
2131
2124
2120
2120
2113
2115
2108
2116
2115
2119
2119
2109
2110
2101
2123
2117
2121
2110
2119
2125
2137
2125
2132
2109
2107
2088
2092
2075
2087
2096
2116
2122
2114
2123
2122
2129
2134
2143
2149
2146
2129
2146
2130
2129
2146
2135
2130
2125
2134
2125
2137
2144
2158
2134
2106
2118
2128
2136
2139
2136
2151
2167
2176
2146
2134
2116
2095
2081
2075
2085
2095
2095
2087
2072
2061
2051
2040
2062
2083
2092
2092
2120
2128
2130
2130
2138
2135
2132
2138
2131
2138
2140
2137
2139
2136
2134
2139
2130
2131
2119
2124
2120
2117
2114
2114
2110
2118
2112
2130
2130
2134
2131
2132
2118
2103
2098
2129
2152
2152
2160
2155
2166
2153
2147
2137
2128
2091
2074
2072
2085
2102
2094
2097
2134
2141
2140
2138
2133
2130
2128
2132
2128
2132
2130
2133
2134
2135
2136
2134
2139
2130
2122
2126
2127
2114
2106
2107
2096
2099
2099
2099
2111
2109
2122
2114
2119
2110
2122
2141
2163
2173
2148
2127
2119
2079
2079
2097
2107
2139
2111
2121
2136
2141
2142
2143
2140
2140
2137
2141
2140
2143
2140
2138
2140
2138
2151
2140
2146
2137
2131
2121
2109
2106
2095
2096
2105
2096
2101
2098
2113
2109
2117
2135
2126
2145
2121
2109
2130
2121
2146
2144
2132
2136
2129
2127
2113
2105
2090
2113
2139
2148
2168
2148
2138
2148
2145
2155
2142
2155
2140
2144
2135
2128
2134
2135
2146
2141
2144
2143
2140
2135
2142
2133
2137
2117
2107
2106
2109
2104
2108
2113
2100
2097
2100
2116
2121
2120
2128
2113
2106
2122
2132
2131
2120
2113
2101
2113
2102
2093
2071
2059
2086
2093
2096
2090
2117
2092
2114
2127
2124
2128
2116
2124
2121
2120
2127
2119
2122
2116
2149
2161
2159
2165
2151
2152
2132
2120
2113
2103
2104
2111
2117
2104
2114
2105
2122
2107
2105
2101
2100
2120
2112
2116
2107
2110
2100
2098
2108
2101
2095
2068
2079
2100
2110
2107
2114
2135
2138
2142
2142
2137
2132
2139
2137
2127
2137
2134
2140
2128
2139
2132
2135
2131
2129
2137
2128
2135
2139
2129
2130
2121
2122
2113
2119
2114
2112
2113
2117
2125
2149
2154
2155
2153
2140
2134
2141
2139
2133
2122
2116
2117
2116
2087
2063
2053
2069
2083
2094
2095
2099
2084
2117
2120
2115
2118
2124
2118
2129
2121
2127
2132
2126
2140
2128
2129
2122
2127
2126
2122
2111
2116
2111
2110
2108
2097
2099
2099
2082
2100
2089
2098
2100
2114
2128
2143
2135
2149
2163
2163
2156
2146
2138
2126
2118
2105
2099
2068
2062
2082
2097
2112
2101
2106
2117
2128
2132
2136
2130
2133
2122
2124
2124
2126
2129
2135
2138
2135
2149
2145
2134
2134
2130
2130
2131
2132
2130
2126
2124
2122
2120
2115
2126
2134
2127
2118
2095
2102
2124
2139
2114
2115
2107
2099
2079
2064
2081
2117
2147
2163
2156
2181
2176
2172
2159
2164
2148
2139
2138
2133
2130
2129
2140
2138
2141
2140
2148
2145
2117
2091
2103
2083
2078
2094
2101
2117
2132
2132
2108
2070
2085
2077
2088
2094
2105
2092
2100
2086
2088
2081
2072
2089
2098
2100
2079
2114
2118
2124
2129
2129
2126
2138
2129
2133
2132
2139
2139
2140
2138
2134
2138
2138
2133
2139
2125
2122
2108
2114
2117
2134
2135
2154
2156
2151
2151
2132
2153
2124
2115
2124
2122
2094
2081
2087
2090
2086
2086
2072
2055
2046
2033
2052
2087
2073
2105
2115
2115
2122
2118
2128
2120
2121
2122
2126
2133
2140
2136
2136
2130
2141
2131
2126
2120
2128
2123
2117
2123
2122
2133
2158
2165
2172
2166
2152
2151
2148
2135
2125
2135
2135
2138
2141
2162
2149
2153
2120
2142
2127
2124
2104
2100
2093
2092
2085
2083
2076
2082
2081
2089
2087
2092
2095
2095
2079
2060
2055
2065
2085
2112
2156
2192
2233
2231
2272
2259
2274
2265
2262
2275
2277
2265
2260
2263
2258
2250
2238
2225
2215
2215
2222
2250
2249
2237
2223
2184
2163
2126
2122
2108
2082
2088
2083
2060
2044
2021
2015
1997
1988
1961
1963
1974
1987
1986
1974
1990
1996
2053
2063
2070
2073
2079
2092
2088
2089
2081
2081
2084
2099
2098
2101
2097
2105
2109
2098
2098
2099
2106
2115
2108
2114
2094
2106
2102
2118
2126
2134
2197
2160
2143
2106
2078
2044
1992
2040
2064
2076
2074
2051
2035
2087
2120
2129
2155
2169
2168
2154
2157
2127
2114
2390
2115
2148
2068
2087
2083
2105
2107
2130
2108
2104
2099
2088
2092
2091
2099
2107
2113
2117
2132
2135
2135
2121
2126
2122
2122
2116
2102
2086
2075
2076
2073
2095
2085
2085
2082
2062
2057
2035
2061
2058
2116
2129
2133
2146
2151
2145
2147
2151
2158
2165
2159
2160
2151
2170
2150
2163
2148
2168
2157
2162
2149
2142
2130
2133
2127
2133
2131
2144
2144
2175
2199
2152
2160
2137
2142
2128
2130
2131
2111
2134
2124
2113
2087
2038
2010
2049
2083
2093
2089
2126
2134
2155
2149
2155
2154
2162
2156
2164
2149
2155
2150
2155
2143
2136
2140
2133
2138
2119
2126
2116
2125
2120
2115
2116
2107
2110
2117
2127
2117
2123
2114
2096
2093
2101
2113
2111
2108
2107
2116
2107
2095
2077
2099
2163
2144
2160
2143
2146
2141
2146
2148
2145
2148
2137
2142
2142
2148
2140
2148
2143
2147
2155
2156
2145
2144
2158
2128
2097
2097
2071
2056
2088
2109
2103
2109
2094
2098
2117
2106
2138
2146
2132
2134
2147
2141
2154
2164
2182
2191
2199
2178
2133
2091
2071
2100
2122
2135
2119
2122
2131
2130
2123
2128
2140
2139
2139
2147
2137
2146
2146
2147
2154
2146
2152
2141
2137
2139
2130
2123
2119
2114
2114
2112
2102
2106
2113
2113
2122
2122
2097
2096
2112
2126
2148
2113
2109
2100
2095
2057
2043
2064
2118
2138
2172
2145
2175
2164
2162
2162
2153
2149
2158
2147
2138
2139
2128
2122
2136
2131
2127
2130
2133
2121
2128
2117
2111
2105
2100
2102
2096
2090
2091
2087
2105
2097
2123
2122
2142
2120
2123
2136
2129
2126
2119
2116
2109
2102
2069
2048
2054
2087
2121
2127
2108
2126
2141
2128
2138
2136
2133
2136
2139
2136
2145
2144
2146
2146
2149
2153
2164
2179
2187
2182
2175
2164
2137
2126
2107
2110
2107
2120
2116
2121
2079
2065
2085
2109
2087
2076
2086
2075
2069
2030
2036
2058
2085
2109
2101
2106
2135
2139
2144
2139
2147
2147
2146
2145
2145
2151
2152
2154
2149
2154
2147
2147
2151
2148
2129
2129
2118
2124
2132
2128
2150
2142
2159
2139
2117
2127
2129
2091
2024
2057
2070
2085
2094
2088
2087
2064
2070
2087
2097
2107
2126
2135
2147
2166
2163
2165
2154
2157
2152
2151
2142
2127
2146
2136
2136
2140
2136
2124
2117
2107
2103
2107
2100
2099
2106
2114
2116
2104
2117
2119
2119
2132
2119
2104
2080
2083
2096
2113
2110
2088
2075
2067
2056
2037
2035
2054
2090
2124
2116
2158
2190
2221
2226
2225
2221
2208
2186
2174
2167
2146
2147
2147
2146
2139
2134
2140
2138
2128
2131
2125
2126
2133
2116
2118
2129
2120
2110
2121
2115
2107
2108
2109
2138
2120
2109
2109
2120
2127
2127
2110
2107
2098
2097
2107
2109
2087
2073
2064
2089
2102
2115
2107
2140
2160
2188
2195
2206
2203
2189
2177
2172
2151
2145
2145
2132
2142
2130
2142
2121
2121
2112
2114
2113
2115
2100
2100
2100
2104
2099
2107
2111
2119
2125
2129
2088
2074
2076
2074
2093
2077
2084
2072
2076
2052
2042
2040
2056
2091
2091
2101
2130
2132
2134
2139
2136
2139
2135
2139
2139
2138
2148
2140
2148
2146
2151
2157
2146
2136
2129
2126
2116
2126
2119
2120
2129
2138
2146
2159
2156
2157
2141
2127
2121
2103
2104
2102
2110
2127
2142
2152
2153
2134
2109
2116
2116
2143
2125
2128
2133
2133
2140
2131
2132
2124
2135
2117
2142
2146
2148
2152
2148
2148
2145
2154
2149
2150
2138
2127
2130
2127
2124
2127
2112
2119
2124
2133
2138
2142
2107
2087
2089
2095
2109
2106
2118
2115
2127
2119
2117
2121
2160
2193
2162
2193
2194
2191
2181
2187
2172
2164
2167
2143
2165
2152
2157
2155
2148
2152
2164
2143
2157
2136
2143
2112
2120
2159
2173
2189
2195
2201
2196
2200
2209
2199
2208
2186
2158
2162
2162
2184
2192
2193
2177
2146
2129
2116
2101
2120
2107
2106
2100
2108
2131
2148
2109
2123
2119
2104
2095
2100
2090
2100
2083
2085
2092
2092
2096
2095
2082
2101
2097
2091
2090
2080
2077
2074
2066
2068
2071
2073
2075
2083
2086
2086
2088
2083
2090
2106
2108
2081
2087
2099
2123
2140
2156
2158
2132
2124
2106
2100
2073
2039
2055
2066
2087
2087
2077
2082
2098
2116
2107
2117
2114
2115
2116
2116
2124
2120
2114
2112
2109
2105
2117
2119
2124
2129
2117
2108
2109
2093
2091
2085
2088
2095
2103
2108
2122
2120
2148
2176
2181
2200
2175
2169
2151
2117
2103
2089
2081
2088
2088
2079
2082
2079
2076
2087
2076
2048
2007
2010
2040
2072
2078
2087
2110
2121
2130
2122
2133
2127
2130
2145
2148
2150
2135
2122
2122
2129
2125
2144
2153
2148
2142
2133
2126
2123
2119
2115
2121
2136
2151
2164
2171
2167
2128
2128
2125
2115
2083
2077
2079
2098
2117
2135
2150
2139
2129
2120
2148
2152
2135
2140
2130
2129
2138
2140
2138
2129
2136
2130
2129
2121
2115
2125
2130
2119
2122
2117
2109
2110
2106
2101
2103
2093
2089
2090
2089
2094
2086
2087
2087
2093
2089
2098
2101
2105
2115
2123
2147
2154
2171
2155
2169
2185
2173
2167
2166
2140
2134
2125
2126
2119
2118
2100
2065
2051
2059
2076
2091
2107
2088
2107
2116
2125
2122
2127
2131
2124
2122
2128
2121
2125
2138
2129
2130
2122
2123
2111
2130
2123
2124
2118
2134
2126
2118
2129
2121
2130
2121
2138
2125
2128
2122
2122
2116
2120
2116
2095
2088
2110
2140
2172
2168
2156
2154
2141
2125
2115
2092
2060
2061
2076
2093
2106
2106
2113
2135
2135
2130
2135
2128
2137
2123
2129
2134
2147
2150
2142
2138
2139
2130
2133
2108
2104
2094
2045
2032
2034
2050
2072
2111
2147
2118
2116
2117
2119
2120
2115
2105
2102
2109
2109
2102
2097
2096
2115
2129
2115
2129
2135
2145
2151
2169
2181
2204
2212
2200
2194
2180
2156
2168
2151
2155
2150
2136
2129
2140
2129
2121
2114
2098
2095
2083
2093
2085
2098
2099
2112
2127
2124
2142
2133
2104
2116
2138
2159
2102
2106
2095
2064
2049
2054
2085
2102
2101
2094
2130
2132
2139
2139
2139
2145
2129
2136
2128
2129
2124
2118
2126
2134
2135
2139
2134
2133
2124
2119
2119
2122
2125
2124
2121
2114
2132
2141
2156
2154
2159
2152
2170
2173
2148
2112
2105
2127
2114
2119
2096
2085
2077
2083
2081
2068
2041
2052
2065
2096
2102
2095
2119
2121
2130
2128
2123
2123
2122
2126
2120
2122
2125
2129
2136
2132
2134
2126
2128
2122
2118
2112
2118
2116
2125
2114
2112
2101
2108
2110
2115
2110
2123
2151
2163
2189
2169
2168
2158
2187
2185
2167
2143
2128
2123
2106
2062
2072
2084
2112
2125
2134
2114
2142
2136
2149
2145
2151
2140
2142
2138
2138
2131
2147
2141
2136
2134
2131
2122
2121
2117
2106
2102
2091
2082
2090
2087
2093
2091
2090
2100
2110
2149
2172
2209
2220
2206
2203
2190
2190
2171
2175
2144
2132
2123
2105
2104
2073
2070
2103
2122
2142
2125
2156
2133
2146
2143
2148
2151
2145
2144
2139
2126
2125
2125
2125
2126
2127
2126
2129
2128
2128
2105
2100
2099
2100
2100
2100
2100
2107
2108
2104
2100
2107
2105
2108
2120
2128
2132
2139
2168
2174
2141
2118
2144
2150
2154
2154
2144
2137
2141
2146
2125
2123
2126
2136
2151
2156
2177
2161
2155
2159
2146
2147
2136
2135
2137
2128
2126
2121
2116
2126
2126
2126
2115
2108
2114
2116
2126
2117
2115
2111
2104
2103
2108
2103
2104
2100
2090
2082
2085
2085
2085
2094
2093
2095
2103
2085
2099
2112
2123
2120
2110
2103
2101
2105
2102
2099
2091
2062
2064
2081
2119
2134
2138
2153
2155
2148
2137
2126
2126
2125
2130
2128
2122
2125
2115
2122
2123
2140
2129
2128
2119
2109
2111
2116
2119
2124
2116
2109
2122
2142
2156
2187
2197
2201
2202
2200
2200
2171
2159
2160
2178
2171
2181
2165
2128
2121
2114
2110
2110
2115
2124
2132
2122
2132
2143
2127
2139
2128
2127
2119
2127
2128
2122
2126
2126
2121
2122
2133
2131
2149
2141
2142
2138
2140
2112
2105
2087
2095
2078
2064
2072
2075
2095
2104
2117
2131
2142
2109
2098
2102
2126
2119
2118
2113
2105
2108
2113
2116
2123
2114
2093
2069
2063
2071
2103
2121
2113
2098
2111
2113
2118
2125
2138
2134
2117
2107
2119
2125
2135
2135
2126
2114
2112
2117
2126
2131
2115
2100
2089
2090
2107
2109
2110
2111
2103
2095
2096
2121
2146
2150
2155
2129
2105
2131
2141
2154
2128
2114
2104
2091
2100
2096
2111
2106
2111
2104
2106
2111
2140
2147
2137
2129
2121
2123
2135
2150
2152
2138
2121
2120
2133
2147
2162
2154
2146
2124
2107
2098
2131
2097
2058
2057
2077
2108
2120
2124
2128
2144
2158
2146
2141
2153
2171
2154
2145
2136
2131
2141
2133
2105
2085
2051
2065
2100
2124
2121
2136
2138
2130
2137
2153
2158
2146
2138
2133
2127
2144
2159
2155
2144
2130
2125
2132
2149
2139
2131
2113
2102
2108
2117
2122
2123
2098
2094
2088
2098
2113
2118
2107
2090
2074
2080
2102
2117
2115
2100
2125
2149
2147
2122
2143
2150
2160
2144
2140
2148
2144
2101
2028
2057
2082
2121
2122
2124
2127
2129
2119
2134
2138
2140
2139
2128
2119
2131
2134
2149
2147
2131
2126
2119
2120
2122
2136
2130
2118
2101
2098
2118
2118
2122
2109
2092
2084
2084
2100
2102
2111
2105
2126
2127
2122
2126
2146
2148
2150
2142
2155
2165
2166
2149
2116
2085
2054
2083
2104
2122
2124
2097
2103
2124
2125
2132
2132
2137
2130
2113
2123
2119
2127
2133
2135
2127
2108
2114
2111
2128
2132
2123
2126
2108
2115
2107
2115
2123
2116
2110
2096
2095
2099
2108
2123
2115
2126
2112
2124
2120
2110
2116
2142
2152
2160
2136
2127
2121
2122
2113
2115
2104
2096
2074
2056
2060
2091
2102
2113
2097
2110
2125
2124
2132
2135
2133
2121
2128
2130
2133
2130
2140
2139
2139
2137
2129
2133
2132
2130
2120
2119
2119
2114
2114
2105
2113
2113
2127
2125
2137
2132
2160
2168
2162
2176
2159
2120
2102
2119
2124
2124
2119
2114
2107
2081
2081
2074
2092
2104
2118
2116
2125
2136
2140
2142
2139
2137
2139
2127
2132
2132
2128
2128
2123
2125
2120
2129
2129
2130
2130
2124
2127
2119
2133
2130
2133
2129
2128
2129
2152
2135
2145
2120
2126
2147
2149
2118
2128
2124
2117
2114
2104
2106
2109
2098
2092
2097
2104
2118
2107
2100
2102
2122
2134
2158
2162
2154
2150
2136
2134
2116
2073
2021
2072
2113
2142
2153
2146
2145
2135
2146
2138
2148
2120
2117
2123
2128
2124
2122
2111
2118
2132
2141
2145
2139
2128
2130
2136
2140
2133
2124
2119
2127
2140
2148
2146
2143
2141
2157
2155
2156
2160
2151
2146
2139
2132
2109
2088
2088
2100
2115
2121
2134
2132
2140
2132
2143
2142
2128
2100
2100
2113
2106
2125
2147
2135
2145
2145
2142
2133
2129
2129
2137
2145
2140
2132
2119
2125
2137
2142
2128
2112
2102
2117
2128
2134
2129
2123
2122
2130
2136
2133
2132
2122
2128
2129
2133
2129
2139
2137
2145
2166
2158
2167
2181
2171
2160
2172
2177
2171
2156
2137
2139
2147
2140
2140
2122
2125
2122
2126
2106
2083
2079
2075
2103
2127
2145
2136
2127
2159
2156
2166
2155
2148
2146
2140
2147
2144
2132
2128
2130
2146
2149
2150
2134
2129
2133
2142
2163
2163
2160
2158
2155
2149
2143
2142
2135
2129
2139
2135
2141
2137
2157
2125
2134
2139
2104
2096
2078
2085
2096
2107
2108
2091
2093
2087
2092
2101
2081
2057
2074
2087
2115
2102
2120
2132
2128
2148
2151
2153
2162
2138
2135
2130
2143
2151
2154
2154
2138
2129
2135
2131
2133
2134
2130
2118
2121
2117
2131
2116
2124
2123
2130
2143
2169
2161
2161
2175
2164
2156
2134
2120
2119
2128
2132
2130
2116
2100
2109
2097
2099
2105
2121
2128
2134
2119
2122
2135
2153
2147
2150
2143
2144
2130
2139
2137
2143
2149
2151
2138
2130
2139
2152
2157
2160
2143
2117
2106
2103
2116
2106
2109
2107
2090
2089
2081
2093
2099
2113
2131
2122
2125
2112
2124
2146
2174
2177
2179
2155
2146
2138
2147
2145
2122
2108
2094
2088
2064
2076
2089
2115
2114
2119
2084
2113
2107
2127
2137
2148
2142
2139
2130
2135
2142
2161
2158
2151
2145
2125
2138
2133
2144
2129
2148
2126
2128
2113
2115
2123
2126
2125
2119
2104
2103
2099
2105
2122
2128
2146
2143
2119
2123
2151
2166
2189
2188
2182
2188
2202
2219
2220
2199
2192
2196
2194
2200
2195
2197
2209
2192
2177
2176
2175
2178
2182
2167
2153
2143
2122
2116
2109
2107
2107
2098
2083
2075
2071
2074
2075
2077
2067
2059
2054
2065
2078
2070
2090
2067
2058
2051
2050
2065
2071
2082
2099
2105
2098
2095
2103
2126
2125
2128
2138
2148
2151
2148
2135
2113
2091
2082
2057
2057
2066
2088
2092
2078
2082
2102
2112
2122
2124
2124
2108
2113
2109
2115
2124
2116
2116
2096
2112
2109
2131
2132
2129
2105
2104
2101
2110
2115
2117
2111
2098
2090
2094
2105
2114
2119
2115
2110
2110
2110
2112
2115
2123
2121
2127
2100
2100
2110
2117
2100
2077
2056
2065
2096
2124
2151
2146
2141
2168
2186
2206
2190
2178
2155
2153
2135
2149
2146
2145
2137
2139
2135
2133
2144
2143
2131
2113
2106
2100
2109
2099
2115
2106
2101
2102
2103
2108
2112
2117
2121
2116
2095
2115
2155
2167
2138
2125
2103
2101
2099
2103
2095
2084
2055
2058
2082
2111
2097
2128
2122
2132
2129
2130
2126
2135
2139
2141
2153
2166
2167
2172
2170
2169
2159
2139
2130
2122
2124
2134
2123
2105
2104
2094
2086
2091
2089
2075
2080
2082
2089
2081
2098
2119
2124
2114
2085
2099
2097
2115
2134
2110
2100
2089
2073
2044
2036
2044
2071
2101
2141
2134
2155
2173
2170
2171
2166
2152
2149
2150
2148
2143
2141
2136
2147
2142
2134
2146
2141
2145
2149
2146
2141
2151
2151
2143
2145
2136
2135
2137
2134
2147
2148
2174
2161
2145
2132
2126
2104
2103
2097
2109
2123
2122
2124
2116
2113
2117
2116
2126
2105
2123
2129
2138
2141
2143
2145
2147
2146
2144
2142
2144
2151
2153
2146
2148
2139
2138
2134
2143
2145
2141
2138
2129
2143
2133
2135
2135
2141
2131
2149
2136
2139
2132
2136
2135
2139
2160
2187
2181
2181
2155
2147
2141
2126
2125
2126
2134
2123
2126
2118
2113
2111
2117
2121
2106
2103
2101
2109
2124
2107
2127
2141
2134
2141
2143
2141
2143
2135
2145
2143
2137
2139
2139
2135
2136
2132
2131
2129
2125
2138
2135
2135
2133
2132
2135
2135
2135
2138
2133
2132
2136
2131
2141
2143
2156
2156
2161
2163
2163
2177
2164
2175
2167
2152
2149
2134
2121
2116
2109
2113
2105
2100
2079
2087
2108
2110
2108
2143
2145
2150
2149
2150
2146
2156
2148
2146
2147
2157
2153
2149
2154
2147
2141
2141
2132
2134
2131
2123
2125
2126
2120
2115
2118
2113
2117
2124
2111
2114
2104
2116
2113
2121
2127
2132
2133
2134
2148
2148
2152
2163
2147
2146
2135
2130
2115
2114
2109
2097
2085
2079
2083
2089
2095
2107
2096
2123
2125
2129
2129
2128
2135
2134
2132
2133
2122
2114
2109
2118
2114
2120
2113
2118
2115
2121
2112
2119
2108
2108
2101
2095
2095
2089
2091
2090
2101
2090
2093
2087
2096
2090
2096
2096
2102
2119
2124
2122
2119
2120
2130
2121
2126
2125
2127
2119
2127
2144
2148
2156
2162
2168
2148
2125
2097
2080
2091
2103
2108
2095
2100
2122
2128
2128
2125
2134
2121
2133
2122
2129
2137
2134
2141
2148
2153
2141
2143
2141
2139
2128
2128
2125
2117
2120
2116
2112
2119
2113
2116
2121
2113
2125
2143
2164
2208
2133
2153
2115
2106
2113
2115
2114
2115
2112
2116
2118
2118
2126
2124
2125
2135
2139
2138
2144
2140
2145
2143
2127
2130
2122
2109
2100
2082
2067
2073
2085
2116
2129
2113
2154
2158
2179
2178
2203
2192
2199
2191
2192
2169
2166
2160
2160
2162
2164
2148
2143
2149
2146
2118
2102
2096
2090
2096
2112
2126
2135
2166
2165
2152
2154
2158
2147
2138
2138
2130
2121
2121
2130
2114
2123
2118
2122
2107
2096
2058
2032
2043
2074
2103
2112
2106
2121
2137
2147
2166
2157
2177
2173
2187
2175
2165
2151
2159
2148
2148
2143
2135
2147
2148
2145
2131
2107
2104
2113
2122
2137
2160
2162
2147
2137
2138
2111
2105
2094
2094
2090
2103
2094
2105
2107
2101
2095
2101
2094
2085
2055
2060
2080
2105
2100
2122
2132
2132
2142
2133
2133
2134
2135
2144
2134
2147
2130
2138
2131
2122
2139
2132
2129
2131
2135
2124
2136
2121
2126
2122
2135
2142
2149
2160
2161
2151
2147
2150
2124
2104
2101
2110
2125
2128
2124
2133
2141
2133
2118
2114
2116
2113
2101
2111
2131
2130
2130
2130
2127
2135
2133
2132
2128
2134
2135
2133
2130
2143
2133
2131
2140
2136
2140
2132
2129
2123
2120
2110
2115
2105
2117
2116
2119
2112
2112
2117
2116
2122
2126
2125
2129
2128
2145
2145
2145
2118
2121
2139
2131
2130
2139
2142
2130
2130
2137
2138
2115
2085
2063
2091
2110
2121
2135
2124
2119
2142
2144
2144
2149
2148
2150
2145
2147
2146
2154
2147
2149
2144
2151
2166
2184
2176
2171
2155
2148
2133
2123
2123
2113
2111
2105
2099
2098
2104
2101
2106
2102
2108
2110
2120
2127
2148
2146
2159
2125
2131
2135
2133
2126
2125
2114
2119
2107
2106
2085
2098
2135
2173
2185
2167
2171
2174
2158
2160
2154
2144
2141
2124
2130
2135
2129
2124
2135
2132
2133
2134
2131
2129
2119
2126
2114
2114
2115
2114
2114
2107
2110
2115
2128
2138
2126
2122
2097
2096
2102
2098
2113
2115
2109
2105
2101
2091
2075
2051
2065
2088
2102
2117
2106
2156
2176
2187
2188
2205
2201
2194
2181
2193
2161
2154
2155
2137
2146
2144
2143
2140
2133
2124
2123
2123
2119
2112
2107
2121
2127
2115
2125
2122
2132
2142
2131
2120
2102
2121
2130
2123
2115
2113
2115
2118
2119
2118
2102
2115
2093
2074
2081
2095
2116
2096
2121
2127
2129
2131
2133
2140
2137
2132
2139
2142
2136
2146
2143
2155
2169
2166
2175
2167
2168
2145
2140
2134
2116
2120
2111
2121
2118
2128
2121
2128
2132
2103
2100
2108
2117
2122
2112
2103
2101
2105
2102
2096
2078
2075
2082
2083
2103
2123
2104
2129
2145
2148
2151
2150
2143
2145
2141
2146
2131
2143
2129
2140
2131
2132
2129
2120
2127
2124
2120
2116
2115
2114
2107
2117
2111
2111
2114
2107
2122
2107
2119
2122
2131
2126
2143
2140
2154
2131
2127
2138
2136
2140
2127
2143
2148
2158
2168
2154
2166
2148
2131
2123
2113
2098
2097
2102
2111
2107
2095
2106
2119
2129
2117
2127
2128
2132
2131
2132
2130
2127
2128
2124
2122
2120
2123
2118
2116
2126
2105
2112
2116
2114
2129
2116
2127
2122
2126
2117
2119
2122
2121
2123
2113
2128
2120
2123
2115
2117
2127
2119
2152
2137
2146
2119
2122
2129
2129
2140
2152
2164
2172
2164
2152
2113
2129
2107
2116
2107
2100
2102
2093
2093
2089
2095
2096
2106
2111
2107
2115
2101
2102
2089
2085
2083
2065
2046
2053
2087
2107
2113
2113
2133
2134
2138
2126
2135
2130
2132
2136
2146
2139
2149
2130
2129
2123
2138
2121
2168
2142
2126
2117
2083
2076
2088
2095
2100
2101
