2122
2116
2117
2126
2126
2121
2117
2114
2109
2114
2112
2114
2112
2113
2108
2109
2115
2102
2109
2111
2111
2112
2114
2105
2102
2107
2111
2109
2109
2106
2102
2105
2109
2100
2106
2101
2096
2107
2101
2105
2105
2112
2107
2097
2100
2102
2097
2101
2095
2097
2096
2088
2087
2080
2088
2089
2092
2094
2090
2090
2088
2083
2108
2113
2120
2116
2122
2124
2120
2115
2114
2114
2123
2122
2122
2127
2134
2127
2118
2110
2117
2121
2127
2123
2125
2125
2130
2128
2133
2119
2117
2123
2122
2127
2128
2115
2116
2115
2118
2118
2120
2124
2125
2119
2126
2117
2120
2127
2124
2122
2123
2134
2134
2126
2125
2124
2124
2120
2120
2122
2132
2124
2127
2123
2115
2123
2115
2114
2116
2120
2224
2160
2153
2131
2128
2115
2122
2131
2135
2139
2126
2126
2135
2127
2131
2126
2122
2121
2123
2120
2110
2117
2113
2110
2110
2108
2109
2107
2106
2103
2099
2098
2101
2122
2111
2111
2097
2098
2097
2103
2103
2102
2109
2105
2102
2100
2104
2094
2108
2107
2125
2115
2113
2102
2097
2088
2086
2088
2103
2102
2100
2102
2096
2094
2087
2085
2087
2094
2102
2101
2100
2083
2088
2094
2090
2084
2081
2100
2100
2094
2089
2074
2079
2082
2087
2096
2101
2103
2105
2103
2090
2084
2078
2080
2091
2089
2089
2087
2082
2080
2080
2091
2086
2094
2090
2089
2076
2093
2087
2091
2092
2094
2099
2101
2104
2102
2097
2099
2099
2092
2099
2094
2094
2097
2102
2106
2103
2101
2087
2087
2070
2074
2069
2066
2076
2065
2075
2065
2066
2066
2059
2063
2070
2065
2048
2062
2045
2055
2041
2047
2031
2030
2028
2022
2032
2020
2024
2017
2016
2020
2021
2027
2038
2012
2063
2049
2047
2062
2064
2067
2072
2070
2070
2059
2066
2052
2062
2058
2065
2069
2066
2068
2057
2055
2056
2063
2065
2076
2064
2075
2062
2064
2066
2065
2082
2076
2074
2071
2069
2080
2084
2084
2093
2084
2084
2084
2075
2084
2083
2076
2040
2011
2004
2003
1993
1969
1968
1975
1986
1983
1984
1970
1930
1962
1998
2020
2058
2019
2073
2083
2102
2091
2087
2087
2087
2091
2089
2089
2094
2098
2103
2098
2115
2113
2118
2104
2095
2094
2102
2110
2111
2106
2099
2085
2081
2068
2078
2080
2085
2096
2096
2110
2123
2107
2082
2091
2098
2093
2084
2080
2091
2083
2101
2108
2119
2121
2121
2110
2107
2091
2082
2090
2096
2104
2115
2109
2128
2132
2115
2130
2115
2126
2118
2115
2117
2116
2116
2110
2104
2094
2094
2095
2089
2094
2098
2097
2088
2078
2088
2071
2100
2084
2104
2090
2110
2117
2104
2116
2112
2121
2119
2129
2143
2149
2146
2123
2151
2147
2148
2140
2131
2128
2121
2130
2126
2118
2104
2086
2096
2126
2140
2129
2139
2157
2155
2147
2148
2145
2153
2158
2164
2159
2161
2162
2158
2167
2162
2167
2158
2153
2152
2157
2152
2145
2156
2149
2141
2141
2142
2150
2144
2146
2144
2134
2130
2118
2111
2107
2118
2120
2119
2119
2115
2120
2132
2129
2134
2120
2109
2103
2088
2097
2101
2108
2121
2109
2125
2138
2145
2149
2157
2157
2143
2145
2140
2155
2150
2159
2151
2154
2141
2147
2146
2152
2154
2144
2136
2137
2131
2134
2138
2140
2131
2122
2121
2123
2136
2152
2157
2140
2136
2139
2143
2159
2165
2144
2133
2127
2114
2086
2112
2131
2140
2157
2128
2145
2154
2141
2157
2160
2167
2161
2163
2153
2161
2154
2159
2167
2161
2165
2145
2145
2135
2133
2129
2132
2121
2120
2113
2124
2142
2133
2133
2146
2136
2140
2139
2133
2137
2147
2152
2174
2162
2138
2134
2140
2142
2137
2150
2145
2132
2122
2117
2096
2105
2114
2123
2129
2129
2124
2134
2148
2148
2148
2151
2152
2142
2146
2149
2143
2156
2148
2147
2157
2146
2152
2160
2158
2164
2151
2155
2144
2132
2139
2141
2145
2138
2142
2126
2115
2135
2144
2132
2118
2131
2122
2131
2128
2120
2117
2112
2097
2088
2102
2126
2150
2126
2164
2162
2171
2173
2171
2174
2169
2172
2168
2174
2168
2166
2167
2160
2164
2166
2165
2155
2147
2146
2137
2150
2151
2149
2157
2165
2179
2174
2179
2175
2178
2173
2178
2187
2199
2199
2186
2170
2179
2164
2156
2160
2134
2121
2122
2103
2080
2090
2100
2115
2142
2136
2131
2153
2161
2149
2148
2145
2147
2146
2149
2147
2142
2145
2147
2146
2146
2144
2142
2154
2149
2142
2147
2144
2148
2148
2130
2144
2136
2131
2130
2120
2131
2121
2141
2141
2159
2154
2124
2114
2114
2118
2117
2119
2113
2116
2105
2107
2106
2122
2098
2083
2087
2094
2101
2122
2121
2114
2148
2149
2145
2155
2160
2150
2161
2159
2161
2159
2155
2148
2149
2157
2153
2142
2151
2148
2140
2137
2127
2119
2123
2117
2115
2117
2123
2125
2137
2115
2129
2152
2143
2131
2120
2121
2109
2118
2121
2116
2111
2115
2099
2055
2061
2104
2105
2115
2128
2147
2128
2136
2142
2128
2134
2131
2134
2131
2139
2127
2133
2137
2127
2126
2130
2117
2137
2127
2123
2123
2123
2109
2129
2115
2116
2112
2119
2105
2123
2114
2111
2111
2132
2139
2143
2146
2125
2128
2143
2132
2144
2140
2109
2107
2109
2087
2058
2072
2075
2092
2140
2112
2131
2139
2149
2141
2155
2137
2155
2143
2158
2152
2141
2149
2155
2145
2153
2160
2146
2158
2158
2146
2151
2148
2130
2141
2136
2128
2118
2135
2122
2127
2122
2120
2118
2133
2130
2109
2122
2123
2118
2137
2131
2121
2129
2119
2111
2099
2089
2079
2101
2147
2128
2143
2148
2154
2147
2151
2158
2145
2155
2151
2147
2146
2148
2141
2144
2149
2141
2147
2157
2149
2149
2143
2149
2155
2141
2152
2132
2106
2094
2095
2081
2076
2040
2044
2032
2028
2026
2360
3040
3377
3267
2730
2533
2417
2353
2280
2240
2197
2165
2121
2113
2099
2071
2046
2018
2012
2017
2030
2024
2039
2010
2044
2048
2046
2038
2036
2038
2038
2034
2042
2047
2051
2057
2055
2050
2051
2051
2050
2048
2046
2050
2037
2047
2043
2050
2046
2057
2058
2072
2070
2080
2080
2104
2105
2111
2100
2098
2114
2115
2116
2124
2108
2095
2089
2089
2059
2029
2019
2035
2069
2083
2081
2072
2094
2084
2091
2088
2090
2091
2091
2084
2090
2107
2095
2095
2100
2098
2098
2091
2108
2087
2077
2073
2077
2078
2072
2058
2073
2068
2098
2064
2060
2062
2063
2064
2064
2062
2070
2057
2049
2035
2065
2077
2091
2081
2084
2103
2113
2113
2107
2113
2110
2117
2113
2119
2118
2123
2123
2122
2122
2114
2121
2112
2107
2104
2100
2086
2086
2071
2080
2078
2079
2068
2068
2064
2074
2088
2103
2106
2114
2098
2098
2112
2114
2108
2101
2087
2089
2072
2053
2022
2042
2078
2104
2093
2107
2113
2125
2128
2123
2122
2124
2125
2117
2116
2117
2120
2126
2144
2125
2135
2122
2127
2120
2109
2105
2100
2091
2099
2093
2095
2095
2105
2145
2132
2103
2091
2112
2108
2110
2091
2083
2078
2071
2046
2073
2100
2121
2126
2106
2136
2133
2134
2134
2142
2129
2137
2128
2129
2137
2138
2141
2143
2132
2136
2138
2136
2142
2123
2118
2111
2101
2085
2086
2088
2091
2101
2107
2122
2121
2129
2110
2112
2116
2132
2123
2125
2106
2105
2099
2105
2105
2084
2057
2077
2091
2120
2124
2116
2106
2125
2133
2134
2130
2121
2115
2124
2121
2124
2131
2130
2133
2140
2133
2151
2140
2129
2123
2128
2116
2113
2113
2104
2105
2103
2113
2110
2128
2115
2087
2072
2077
2082
2096
2075
2078
2075
2072
2055
2039
2073
2103
2114
2107
2132
2138
2129
2136
2131
2141
2143
2131
2138
2135
2139
2146
2148
2152
2152
2151
2159
2141
2139
2125
2109
2120
2056
2025
2028
2036
2075
2083
2092
2113
2176
2140
2107
2117
2105
2102
2094
2097
2096
2071
2026
2053
2102
2118
2086
2122
2124
2126
2116
2117
2114
2122
2122
2116
2125
2117
2125
2129
2119
2124
2119
2120
2118
2112
2115
2105
2098
2106
2096
2097
2095
2097
2101
2113
2115
2160
2152
2117
2150
2140
2101
2097
2093
2100
2097
2085
2058
2031
2040
2068
2105
2099
2124
2140
2148
2138
2148
2143
2139
2155
2153
2153
2146
2158
2143
2152
2140
2151
2151
2151
2135
2129
2132
2133
2117
2123
2132
2141
2156
2118
2121
2115
2111
2121
2131
2133
2116
2118
2103
2102
2084
2100
2111
2143
2114
2152
2150
2164
2161
2172
2170
2160
2172
2174
2168
2169
2156
2172
2167
2174
2163
2173
2159
2166
2160
2160
2159
2156
2148
2147
2134
2134
2138
2136
2146
2127
2150
2146
2112
2126
2133
2155
2131
2132
2131
2127
2116
2096
2089
2107
2126
2158
2130
2173
2181
2185
2192
2195
2195
2207
2211
2205
2208
2213
2220
2225
2238
2256
2191
2179
2158
2101
2109
2102
2101
2142
2164
2197
2232
2197
2147
2149
2130
2127
2129
2141
2145
2145
2136
2122
2090
2088
2094
2122
2132
2113
2140
2138
2141
2140
2139
2131
2139
2138
2136
2136
2138
2135
2135
2136
2140
2139
2127
2115
2113
2108
2090
2083
2076
2069
2078
2081
2101
2101
2104
2063
2075
2103
2113
2114
2072
2078
2061
2045
2037
2060
2070
2089
2102
2084
2106
2115
2121
2118
2122
2123
2120
2127
2121
2125
2121
2133
2130
2130
2132
2132
2121
2115
2097
2091
2072
2076
2075
2082
2079
2075
2073
2077
2101
2110
2121
2091
2092
2115
2123
2124
2116
2110
2091
2074
2038
2040
2070
2117
2122
2102
2132
2130
2130
2139
2130
2140
2124
2135
2135
2135
2139
2145
2152
2154
2155
2144
2141
2140
2128
2127
2120
2116
2106
2100
2097
2117
2107
2134
2112
2089
2102
2129
2141
2104
2103
2104
2080
2064
2073
2095
2113
2122
2104
2123
2130
2129
2131
2127
2132
2138
2138
2150
2147
2154
2147
2160
2155
2153
2147
2138
2124
2111
2104
2095
2077
2083
2051
2061
2065
2094
2093
2100
2061
2086
2091
2094
2097
2089
2099
2071
2045
2042
2062
2099
2106
2103
2098
2112
2107
2116
2123
2134
2130
2137
2143
2132
2137
2140
2143
2154
2148
2149
2140
2140
2133
2138
2129
2122
2122
2108
2110
2110
2113
2133
2101
2095
2117
2130
2115
2101
2112
2106
2082
2078
2105
2115
2133
2136
2149
2152
2144
2157
2140
2152
2142
2140
2146
2147
2149
2153
2156
2162
2152
2144
2153
2138
2140
2120
2118
2110
2108
2107
2098
2108
2113
2116
2135
2150
2166
2141
2146
2153
2159
2164
2163
2155
2136
2121
2091
2099
2122
2140
2155
2134
2149
2143
2151
2141
2159
2147
2154
2149
2143
2153
2147
2155
2158
2152
2156
2151
2148
2146
2132
2125
2117
2121
2115
2111
2111
2116
2113
2108
2116
2122
2138
2135
2107
2104
2117
2125
2133
2114
2098
2075
2044
2078
2094
2139
2151
2152
2129
2149
2146
2143
2140
2140
2144
2144
2148
2144
2143
2138
2141
2144
2150
2140
2141
2142
2141
2136
2132
2120
2110
2101
2099
2101
2096
2090
2096
2103
2108
2118
2135
2163
2168
2193
2258
2286
2298
2309
2303
2237
2170
2141
2157
2177
2183
2162
2172
2168
2167
2193
2190
2173
2156
2155
2147
2158
2145
2158
2146
2153
2148
2144
2134
2134
2140
2121
2116
2102
2105
2090
2087
2080
2080
2097
2100
2115
2075
2096
2115
2126
2100
2082
2081
2064
2037
2064
2087
2106
2114
2100
2125
2130
2130
2123
2128
2131
2137
2129
2127
2132
2138
2142
2143
2147
2147
2142
2139
2132
2119
2115
2115
2103
2108
2107
2111
2126
2139
2154
2184
2161
2166
2177
2179
2178
2181
2179
2187
2186
2174
2133
2141
2170
2193
2189
2166
2179
2175
2167
2161
2150
2152
2147
2149
2145
2150
2147
2147
2144
2136
2142
2138
2124
2127
2130
2121
2112
2101
2137
2122
2123
2102
2097
2103
2101
2094
2081
2082
2075
2069
2075
2074
2082
2085
2085
2084
2079
2075
2049
2012
1985
2077
2114
2120
2130
2128
2135
2135
2130
2122
2118
2127
2114
2119
2105
2116
2120
2124
2148
2152
2121
2137
2135
2119
2104
2099
2101
2107
2109
2105
2105
2105
2108
2105
2103
2101
2098
2097
2102
2098
2098
2099
2090
2079
2049
1999
2027
2040
2018
2001
2013
2042
2056
2103
2111
2125
2132
2137
2132
2140
2135
2139
2136
2140
2143
2142
2140
2140
2134
2139
2136
2137
2131
2123
2117
2107
2104
2102
2109
2112
2112
2123
2127
2153
2148
2114
2108
2135
2127
2129
2113
2114
2122
2114
2112
2106
2094
2068
2028
2021
2070
2108
2122
2116
2115
2133
2138
2140
2140
2164
2160
2170
2166
2171
2173
2172
2162
2166
2159
2155
2150
2141
2123
2125
2123
2133
2129
2127
2135
2156
2159
2146
2087
2078
2103
2108
2132
2102
2101
2096
2104
2098
2088
2101
2121
2133
2140
2128
2152
2146
2151
2153
2145
2155
2143
2151
2145
2146
2154
2156
2159
2164
2170
2168
2167
2156
2156
2138
2136
2132
2122
2074
2073
2093
2107
2143
2178
2136
2115
2125
2090
2100
2088
2095
2092
2083
2081
2056
2074
2099
2129
2130
2151
2164
2163
2163
2155
2156
2151
2158
2155
2156
2154
2149
2156
2154
2149
2155
2144
2145
2136
2132
2125
2113
2106
2106
2104
2115
2111
2116
2115
2108
2116
2114
2131
2132
2155
2161
2183
2127
2133
2145
2146
2149
2132
2127
2113
2083
2026
2065
2100
2133
2127
2114
2140
2139
2138
2145
2153
2148
2152
2159
2162
2168
2161
2167
2170
2171
2173
2162
2166
2154
2139
2118
2110
2111
2101
2097
2099
2112
2167
2125
2115
2171
2143
2114
2078
2091
2050
2044
2076
2117
2141
2124
2146
2154
2153
2149
2150
2149
2148
2143
2155
2152
2164
2158
2158
2164
2158
2162
2153
2154
2132
2122
2104
2116
2107
2115
2101
2096
2082
2105
2110
2132
2122
2126
2137
2129
2114
2099
2088
2066
2060
2083
2113
2131
2124
2131
2140
2138
2143
2138
2144
2136
2138
2137
2135
2147
2136
2147
2151
2157
2141
2135
2124
2116
2117
2118
2115
2108
2097
2083
2085
2088
2088
2115
2108
2084
2095
2122
2110
2084
2066
2043
2035
2047
2099
2120
2139
2149
2148
2155
2156
2148
2140
2141
2136
2140
2145
2144
2148
2146
2151
2148
2148
2147
2144
2133
2122
2106
2107
2101
2106
2102
2114
2110
2120
2118
2142
2167
2184
2159
2135
2157
2147
2158
2094
2035
2011
2069
2119
2130
2125
2152
2144
2143
2141
2147
2147
2156
2146
2153
2153
2150
2158
2163
2164
2157
2164
2154
2161
2143
2134
2131
2126
2125
2120
2115
2123
2114
2120
2119
2146
2158
2141
2114
2122
2142
2144
2165
2133
2133
2116
2100
2044
2038
2070
2087
2114
2125
2121
2122
2146
2148
2146
2145
2147
2145
2146
2148
2155
2163
2162
2162
2163
2162
2171
2172
2164
2074
2046
2058
2135
2202
2142
2111
2081
2079
2092
2085
2093
2084
2080
2072
2039
2050
2086
2100
2115
2146
2148
2145
2156
2154
2155
2158
2152
2161
2160
2162
2159
2161
2156
2151
2146
2139
2132
2128
2113
2103
2101
2092
2080
2104
2154
2103
2075
2099
2098
2088
2068
2058
2046
2011
1999
2032
2086
2116
2108
2146
2148
2156
2153
2159
2157
2158
2163
2158
2162
2171
2188
2174
2180
2169
2169
2163
2156
2142
2129
2110
2094
2097
2086
2089
2089
2097
2097
2109
2113
2114
2124
2153
2170
2157
2110
2141
2147
2134
2138
2120
2101
2082
2031
2051
2090
2133
2144
2120
2140
2152
2147
2142
2149
2142
2144
2135
2141
2147
2140
2145
2146
2141
2150
2141
2135
2143
2130
2122
2119
2115
2115
2117
2119
2122
2114
2111
2117
2119
2145
2142
2193
2154
2134
2152
2158
2158
2111
2113
2106
2098
2051
2063
2090
2107
2135
2142
2126
2139
2156
2158
2147
2152
2150
2152
2145
2153
2155
2150
2155
2157
2149
2152
2146
2144
2138
2136
2121
2119
2115
2106
2100
2101
2095
2094
2099
2095
2101
2105
2108
2118
2135
2148
2153
2154
2134
2140
2149
2135
2136
2123
2112
2122
2121
2127
2113
2101
2050
1997
2047
2086
2113
2129
2092
2124
2136
2144
2148
2145
2146
2145
2142
2139
2139
2146
2143
2144
2141
2141
2133
2136
2128
2115
2111
2107
2107
2108
2118
2120
2165
2119
2102
2116
2122
2100
2096
2088
2100
2098
2101
2089
2081
2093
2106
2120
2130
2113
2132
2140
2138
2144
2142
2140
2141
2143
2141
2143
2140
2146
2148
2152
2150
2148
2150
2142
2126
2118
2124
2120
2119
2118
2116
2125
2144
2117
2093
2090
2083
2099
2099
2115
2110
2116
2101
2078
2068
2098
2120
2117
2121
2138
2151
2141
2147
2151
2147
2144
2146
2138
2141
2140
2138
2138
2126
2130
2121
2116
2114
2115
2115
2116
2111
2122
2117
2133
2166
2177
2148
2132
2126
2118
2119
2120
2102
2083
2074
2071
2082
2091
2094
2096
2089
2085
2074
2084
2081
2108
2111
2128
2123
2128
2123
2134
2127
2132
2132
2139
2135
2131
2139
2131
2139
2133
2140
2135
2138
2127
2132
2122
2127
2124
2124
2127
2122
2126
2111
2121
2124
2118
2125
2120
2127
2134
2188
2138
2135
2117
2137
2145
2150
2152
2124
2108
2105
2096
2090
2083
2081
2063
2068
2081
2089
2089
2083
2061
2045
2083
2114
2135
2136
2143
2146
2145
2145
2141
2138
2142
2139
2139
2135
2141
2136
2128
2131
2127
2121
2121
2108
2117
2101
2102
2097
2098
2106
2108
2106
2105
2100
2117
2115
2128
2129
2148
2159
2165
2146
2157
2166
2134
2121
2121
2122
2109
2111
2100
2081
2042
2009
2020
2086
2121
2147
2120
2143
2172
2175
2187
2199
2191
2193
2185
2182
2169
2162
2166
2162
2163
2158
2169
2165
2176
2150
2142
2139
2130
2139
2129
2124
2147
2186
2174
2142
2135
2125
2090
2093
2104
2117
2120
2125
2119
2117
2112
2099
2086
2095
2107
2107
2108
2126
2135
2131
2134
2124
2134
2125
2124
2123
2122
2135
2133
2135
2134
2129
2121
2127
2126
2126
2119
2110
2109
2116
2114
2109
2108
2106
2106
2132
2122
2140
2137
2128
2111
2081
2065
2047
2031
2030
2038
2056
2052
2040
2004
1973
1980
2071
2113
2139
2138
2141
2138
2141
2145
2144
2146
2134
2139
2129
2132
2132
2130
2122
2120
2123
2118
2129
2125
2129
2124
2122
2122
2124
2127
2130
2136
2137
2128
2122
2109
2112
2099
2087
2093
2111
2117
2110
2113
2113
2106
2107
2096
2097
2099
2078
2071
2077
2091
2105
2093
2127
2127
2131
2133
2135
2135
2130
2129
2135
2139
2138
2143
2143
2145
2138
2141
2133
2137
2132
2129
2128
2120
2114
2119
2116
2115
2110
2106
2108
2106
2120
2124
2133
2133
2115
2109
2123
2126
2133
2122
2114
2114
2124
2116
2126
2104
2093
2106
2107
2121
2117
2129
2108
2143
2145
2139
2147
2145
2144
2145
2143
2149
2155
2156
2154
2155
2154
2151
2152
2148
2146
2141
2139
2140
2133
2133
2135
2138
2139
2135
2136
2130
2141
2138
2140
2126
2137
2143
2151
2140
2143
2126
2124
2114
2118
2101
2109
2121
2135
2140
2134
2143
2147
2148
2152
2154
2158
2153
2153
2162
2160
2156
2167
2155
2154
2156
2159
2158
2166
2170
2175
2142
2116
2118
2124
2133
2134
2134
2150
2166
2179
2155
2146
2139
2114
2105
2108
2117
2127
2133
2126
2120
2107
2095
2082
2103
2127
2130
2135
2155
2162
2164
2163
2171
2168
2169
2172
2171
2169
2176
2170
2172
2170
2165
2165
2162
2156
2145
2140
2136
2128
2124
2122
2119
2122
2113
2126
2121
2125
2128
2126
2109
2089
2084
2103
2107
2103
2105
2104
2108
2106
2111
2106
2108
2088
2073
2072
2080
2094
2088
2085
2116
2121
2123
2120
2120
2114
2115
2113
2112
2116
2121
2127
2123
2123
2121
2118
2122
2113
2107
2108
2107
2096
2092
2092
2083
2085
2083
2077
2093
2087
2108
2100
2099
2087
2087
2091
2103
2105
2090
2083
2084
2056
2056
2076
2090
2118
2102
2103
2123
2130
2128
2132
2127
2128
2122
2130
2131
2134
2132
2132
2134
2132
2139
2134
2135
2133
2128
2117
2114
2106
2102
2095
2102
2097
2098
2104
2112
2109
2116
2127
2131
2141
2118
2114
2126
2130
2133
2138
2124
2128
2127
2121
2121
2099
2079
2078
2090
2106
2119
2117
2112
2127
2138
2135
2136
2139
2134
2134
2129
2131
2128
2134
2133
2136
2138
2132
2136
2131
2135
2129
2126
2120
2114
2113
2110
2110
2103
2112
2106
2096
2112
2109
2123
2122
2120
2113
2105
2127
2134
2140
2134
2117
2120
2115
2123
2105
2097
2087
2105
2114
2117
2122
2139
2123
2133
2147
2153
2146
2148
2144
2146
2145
2149
2149
2147
2145
2152
2148
2151
2148
2153
2145
2138
2130
2118
2126
2119
2128
2127
2128
2133
2131
2148
2135
2136
2123
2132
2146
2136
2144
2133
2135
2128
2134
2131
2133
2130
2115
2132
2141
2159
2143
2155
2164
2171
2177
2178
2192
2188
2193
2184
2180
2182
2183
2184
2172
2182
2171
2177
2173
2170
2171
2166
2168
2168
2162
2152
2149
2146
2138
2144
2135
2130
2133
2122
2124
2125
2133
2126
2125
2110
2110
2115
2111
2113
2106
2108
2113
2112
2090
2068
2060
2072
2093
2105
2110
2115
2097
2128
2129
2132
2124
2130
2120
2126
2123
2122
2130
2124
2132
2121
2122
2118
2119
2123
2113
2115
2111
2108
2103
2101
2092
2092
2094
2081
2091
2081
2087
2087
2092
2112
2111
2100
2101
2115
2120
2119
2116
2112
2104
2106
2102
2099
2071
2065
2087
2102
2118
2106
2109
2122
2133
2131
2135
2130
2129
2127
2128
2130
2136
2133
2139
2141
2138
2141
2139
2132
2133
2129
2125
2122
2121
2121
2113
2114
2114
2114
2109
2119
2122
2121
2106
2089
2097
2117
2128
2108
2112
2108
2103
2089
2074
2085
2106
2123
2132
2119
2145
2149
2146
2146
2150
2149
2145
2149
2147
2151
2154
2154
2158
2159
2157
2164
2164
2137
2110
2122
2103
2099
2114
2114
2127
2142
2142
2115
2082
2093
2091
2097
2095
2102
2094
2102
2091
2091
2086
2082
2095
2104
2106
2083
2112
2120
2125
2122
2121
2123
2123
2120
2125
2126
2129
2131
2137
2133
2131
2129
2131
2130
2132
2122
2122
2106
2109
2107
2106
2106
2118
2123
2126
2132
2123
2142
2121
2113
2115
2117
2093
2078
2079
2094
2095
2096
2090
2075
2066
2048
2069
2094
2087
2121
2132
2131
2136
2132
2140
2137
2144
2144
2146
2148
2150
2151
2151
2146
2155
2145
2146
2141
2146
2141
2131
2130
2124
2121
2127
2122
2124
2125
2126
2133
2139
2139
2138
2139
2143
2149
2152
2173
2159
2162
2130
2141
2139
2126
2114
2103
2095
2094
2095
2097
2096
2099
2097
2104
2102
2101
2102
2100
2088
2064
2059
2076
2085
2095
2123
2141
2156
2153
2161
2152
2158
2154
2155
2161
2160
2154
2147
2149
2143
2139
2139
2135
2136
2139
2129
2131
2129
2134
2138
2129
2135
2130
2139
2154
2132
2155
2153
2138
2118
2098
2096
2080
2065
2040
2049
2057
2067
2057
2048
2056
2065
2112
2122
2128
2129
2136
2146
2144
2145
2137
2139
2139
2146
2145
2146
2138
2147
2152
2146
2147
2141
2139
2145
2142
2146
2136
2146
2141
2153
2162
2163
2216
2183
2158
2138
2106
2068
2021
2064
2089
2094
2088
2068
2045
2079
2100
2106
2138
2152
2162
2164
2164
2143
2133
2401
2132
2173
2097
2120
2112
2128
2126
2140
2128
2123
2116
2115
2123
2122
2122
2129
2132
2137
2138
2137
2138
2121
2128
2122
2118
2118
2104
2088
2072
2081
2084
2101
2090
2092
2084
2072
2061
2043
2065
2061
2115
2130
2134
2139
2142
2139
2140
2143
2146
2149
2146
2146
2147
2148
2143
2146
2137
2150
2146
2149
2142
2135
2123
2121
2124
2132
2135
2146
2144
2171
2180
2126
2116
2095
2083
2084
2089
2101
2097
2112
2111
2108
2088
2036
2009
2052
2085
2104
2096
2125
2135
2149
2145
2146
2145
2148
2148
2154
2150
2151
2151
2150
2139
2137
2137
2134
2132
2121
2124
2119
2124
2115
2117
2113
2109
2107
2114
2125
2122
2132
2116
2098
2100
2099
2109
2111
2103
2097
2086
2073
2058
2035
2067
2121
2128
2179
2211
2253
2280
2319
2348
2375
2400
2420
2439
2453
2468
2464
2467
2456
2450
2435
2411
2377
2355
2338
2290
2236
2213
2173
2138
2155
2161
2155
2138
2127
2113
2123
2106
2123
2128
2103
2101
2107
2088
2084
2082
2083
2082
2085
2070
2041
1999
1987
2016
2047
2055
2044
2051
2059
2062
2061
2060
2069
2065
2065
2063
2063
2075
2070
2073
2075
2065
2070
2069
2064
2063
2058
2047
2048
2040
2042
2037
2030
2032
2044
2041
2051
2043
2017
2024
2041
2058
2081
2048
2044
2036
2031
2000
1980
2000
2023
2051
2072
2057
2090
2091
2095
2100
2094
2093
2102
2100
2096
2099
2099
2096
2105
2109
2119
2140
2159
2173
2196
2215
2226
2234
2242
2250
2265
2274
2290
2297
2322
2328
2357
2370
2386
2362
2366
2386
2378
2385
2380
2377
2372
2371
2339
2317
2326
2357
2386
2391
2365
2373
2356
2332
2319
2291
2268
2244
2230
2205
2203
2184
2173
2161
2149
2144
2134
2125
2114
2093
2078
2057
2042
2036
2030
2027
2027
2030
2034
2028
1987
1982
1992
2008
1988
1976
1987
1974
1964
1927
1929
1947
1977
1997
1992
1993
2017
2021
2023
2018
2018
2022
2018
2021
2025
2027
2030
2031
2032
2030
2034
2032
2034
2030
2015
2017
2006
2017
2016
2022
2039
2034
2062
2037
2023
2033
2032
1994
1931
1960
1974
1988
1993
1992
1982
1966
1979
2004
2015
2024
2045
2055
2057
2062
2061
2064
2054
2063
2060
2067
2068
2065
2078
2074
2075
2078
2075
2074
2059
2056
2045
2056
2052
2059
2066
2071
2075
2067
2071
2065
2070
2094
2088
2076
2038
2033
2034
2051
2057
2038
2034
2034
2025
2005
1996
2014
2056
2088
2077
2109
2114
2123
2123
2123
2131
2130
2127
2123
2124
2120
2122
2124
2127
2128
2124
2125
2122
2117
2119
2113
2109
2115
2108
2106
2117
2108
2105
2113
2109
2114
2110
2119
2137
2118
2104
2115
2121
2121
2125
2115
2114
2111
2106
2116
2116
2101
2088
2072
2095
2108
2128
2112
2128
2138
2141
2143
2146
2147
2143
2148
2146
2142
2140
2146
2137
2145
2138
2147
2132
2129
2121
2126
2123
2122
2112
2115
2116
2114
2116
2122
2121
2134
2135
2139
2104
2086
2083
2085
2102
2088
2088
2081
2085
2067
2056
2050
2069
2097
2104
2108
2140
2139
2140
2148
2152
2154
2147
2151
2153
2154
2164
2160
2164
2156
2153
2156
2158
2151
2138
2132
2122
2126
2123
2121
2132
2133
2138
2154
2150
2155
2135
2124
2116
2097
2098
2090
2092
2098
2099
2097
2099
2083
2066
2065
2087
2115
2104
2111
2124
2129
2132
2130
2130
2129
2134
2121
2138
2139
2148
2147
2148
2146
2147
2148
2149
2141
2137
2127
2129
2124
2123
2121
2114
2118
2130
2138
2140
2147
2114
2104
2096
2101
2118
2106
2101
2100
2104
2094
2079
2084
2113
2139
2124
2154
2152
2156
2158
2156
2156
2156
2157
2153
2164
2154
2157
2159
2153
2162
2164
2162
2156
2149
2146
2135
2129
2132
2129
2128
2131
2133
2134
2137
2149
2144
2158
2143
2115
2110
2113
2116
2115
2122
2122
2113
2110
2108
2106
2106
2094
2084
2076
2096
2116
2128
2116
2137
2139
2137
2133
2132
2136
2142
2133
2136
2137
2139
2146
2146
2145
2145
2148
2145
2147
2132
2122
2116
2115
2116
2122
2119
2122
2124
2131
2125
2126
2125
2125
2141
2138
2109
2108
2113
2109
2116
2126
2127
2113
2115
2106
2107
2085
2064
2078
2098
2118
2125
2113
2122
2138
2150
2143
2147
2148
2150
2149
2152
2152
2153
2151
2152
2152
2147
2156
2156
2156
2156
2154
2145
2145
2130
2128
2121
2121
2127
2129
2132
2139
2139
2146
2167
2162
2162
2140
2138
2133
2113
2096
2089
2087
2096
2112
2150
2215
2308
2368
2432
2471
2455
2390
2340
2295
2279
2250
2218
2216
2206
2199
2188
2178
2164
2160
2154
2153
2146
2139
2130
2128
2129
2130
2125
2118
2111
2103
2093
2084
2083
2080
2075
2078
2080
2084
2099
2102
2111
2082
2075
2082
2066
2040
2040
2041
2052
2052
2061
2060
2044
2035
2032
2064
2086
2079
2099
2103
2106
2113
2114
2113
2114
2120
2119
2122
2119
2114
2118
2124
2117
2114
2115
2108
2104
2105
2099
2100
2091
2092
2092
2086
2090
2082
2088
2088
2093
2095
2095
2100
2102
2115
2119
2145
2150
2151
2123
2132
2147
2138
2139
2135
2129
2131
2123
2129
2129
2129
2109
2081
2061
2077
2096
2111
2124
2110
2130
2135
2141
2137
2147
2144
2145
2146
2144
2190
2208
2220
2219
2220
2212
2210
2200
2204
2202
2194
2196
2195
2189
2179
2178
2179
2176
2172
2178
2174
2173
2173
2175
2182
2190
2191
2180
2175
2201
2212
2229
2212
2198
2191
2184
2170
2162
2141
2109
2113
2123
2142
2152
2145
2148
2168
2168
2165
2165
2166
2167
2159
2164
2158
2168
2162
2155
2148
2144
2142
2145
2129
2121
2113
2057
2047
2051
2058
2076
2113
2139
2101
2105
2098
2098
2101
2102
2094
2091
2098
2096
2091
2084
2088
2102
2112
2095
2118
2119
2118
2113
2116
2119
2124
2124
2120
2121
2118
2112
2126
2121
2128
2125
2116
2114
2117
2112
2113
2105
2092
2082
2075
2076
2073
2081
2079
2090
2103
2101
2127
2119
2092
2107
2133
2148
2093
2093
2085
2062
2047
2055
2080
2100
2095
2092
2126
2125
2127
2128
2130
2132
2123
2125
2120
2120
2118
2113
2113
2117
2115
2116
2115
2109
2107
2097
2100
2098
2100
2097
2097
2097
2104
2099
2103
2097
2097
2093
2114
2137
2128
2091
2101
2128
2114
2119
2097
2087
2085
2090
2088
2078
2056
2070
2085
2113
2118
2116
2138
2143
2148
2148
2148
2150
2149
2149
2144
2148
2149
2152
2154
2145
2148
2143
2138
2137
2131
2122
2127
2125
2127
2122
2115
2105
2109
2101
2105
2102
2106
2120
2123
2125
2101
2098
2090
2121
2126
2119
2097
2093
2094
2078
2040
2049
2061
2090
2105
2118
2101
2133
2135
2142
2142
2146
2146
2147
2154
2153
2148
2160
2158
2161
2163
2158
2152
2152
2143
2139
2132
2126
2118
2124
2122
2121
2118
2116
2122
2124
2134
2140
2161
2166
2150
2147
2150
2155
2150
2158
2133
2126
2124
2113
2104
2073
2067
2096
2120
2140
2123
2155
2148
2154
2155
2153
2157
2156
2159
2155
2146
2146
2155
2153
2155
2152
2154
2158
2167
2165
2148
2149
2155
2154
2155
2149
2144
2148
2145
2136
2129
2130
2126
2126
2129
2122
2122
2122
2156
2162
2126
2098
2122
2112
2116
2121
2101
2092
2089
2086
2067
2058
2065
2089
2109
2125
2144
2135
2137
2136
2129
2129
2130
2132
2136
2130
2122
2126
2123
2131
2130
2132
2123
2122
2126
2122
2134
2146
2159
2173
2175
2187
2204
2207
2220
2224
2229
2233
2241
2247
2250
2262
2270
2277
2280
2267
2278
2292
2296
2303
2297
2296
2295
2295
2291
2291
2279
2254
2252
2260
2279
2290
2272
2292
2291
2290
2287
2279
2274
2269
2268
2263
2257
2251
2243
2235
2225
2220
2211
2201
2194
2190
2185
2178
2170
2159
2152
2144
2126
2110
2090
2074
2061
2050
2051
2057
2052
2027
2008
1999
2003
2006
2017
2018
1990
1987
1976
1968
1959
1962
1974
1982
1978
1984
1989
1982
2005
2011
2015
2008
2010
2003
1997
2004
2017
2021
2025
2025
2021
2018
2023
2037
2047
2053
2023
1998
1975
1984
1983
1981
2002
1997
2004
2003
2017
2046
2074
2045
2026
2022
2032
2034
2043
2051
2053
2050
2044
2042
2050
2060
2054
2038
2023
2018
2038
2061
2066
2070
2094
2086
2082
2076
2085
2103
2108
2106
2106
2087
2094
2105
2122
2123
2105
2092
2098
2098
2102
2109
2110
2100
2096
2088
2091
2108
2111
2110
2099
2098
2108
2111
2135
2112
2098
2095
2085
2089
2084
2099
2113
2101
2090
2075
2080
2093
2121
2130
2127
2116
2128
2138
2150
2158
2159
2143
2135
2135
2142
2157
2160
2159
2151
2143
2152
2161
2174
2167
2139
2105
2125
2102
2095
2107
2116
2116
2111
2120
2143
2180
2188
2140
2098
2101
2124
2140
2159
2147
2126
2114
2115
2119
2123
2099
2099
2104
2115
2124
2158
2176
2164
2153
2142
2153
2164
2178
2181
2164
2153
2150
2156
2169
2178
2169
2148
2140
2135
2147
2162
2160
2146
2132
2125
2139
2151
2160
2153
2135
2128
2135
2148
2160
2154
2136
2120
2132
2154
2167
2190
2193
2155
2116
2156
2173
2190
2164
2122
2126
2130
2121
2077
2104
2115
2133
2129
2148
2171
2174
2165
2151
2141
2155
2209
2251
2283
2297
2307
2322
2339
2357
2364
2362
2352
2338
2348
2345
2352
2342
2331
2320
2311
2311
2314
2314
2306
2288
2269
2263
2274
2288
2309
2297
2255
2227
2225
2223
2224
2219
2204
2181
2169
2149
2126
2087
2042
2035
2034
2049
2052
2035
2044
2049
2035
2030
2026
2036
2038
2032
2041
2027
2028
2023
2034
2037
2035
2044
2031
2030
2030
2032
2046
2046
2052
2039
2024
2024
2021
2036
2034
2032
2023
2015
2023
2025
2047
2061
2065
2051
2032
2034
2043
2056
2068
2056
2039
2038
2038
2036
2036
2036
2039
2027
2007
1997
2010
2029
2054
2048
2064
2064
2057
2058
2064
2074
2076
2076
2068
2066
2068
2083
2084
2082
2082
2074
2079
2074
2074
2068
2067
2068
2068
2069
2061
2058
2056
2071
2078
2099
2094
2103
2087
2081
2089
2081
2048
2027
2027
2043
2054
2068
2078
2070
2046
2037
2030
2053
2071
2081
2078
2088
2100
2103
2103
2099
2097
2100
2097
2107
2098
2093
2093
2100
2109
2110
2109
2104
2098
2101
2108
2118
2110
2110
2104
2104
2114
2121
2128
2141
2119
2124
2113
2124
2142
2140
2103
2115
2113
2118
2108
2096
2098
2102
2107
2108
2102
2108
2114
2121
2122
2123
2122
2116
2129
2133
2136
2129
2107
2098
2080
2058
2029
2075
2107
2128
2141
2149
2153
2144
2148
2145
2156
2151
2144
2135
2130
2141
2148
2147
2147
2137
2141
2152
2160
2159
2147
2138
2141
2146
2157
2150
2147
2145
2156
2167
2170
2168
2164
2159
2169
2181
2172
2159
2135
2129
2124
2118
2116
2114
2110
2118
2127
2132
2132
2120
2120
2122
2131
2113
2118
2119
2103
2132
2160
2157
2158
2148
2149
2155
2155
2150
2147
2144
2151
2155
2155
2145
2136
2138
2141
2134
2127
2117
2112
2116
2119
2126
2128
2121
2115
2114
2118
2118
2121
2114
2115
2115
2133
2132
2132
2139
2136
2155
2177
2164
2145
2139
2151
2158
2159
2135
2120
2112
2109
2123
2124
2123
2110
2095
2080
2071
2077
2082
2096
2113
2123
2120
2117
2141
2138
2151
2152
2152
2146
2129
2129
2134
2143
2146
2139
2121
2129
2145
2147
2148
2133
2118
2125
2128
2135
2140
2129
2121
2121
2126
2130
2134
2138
2145
2158
2157
2168
2128
2134
2150
2126
2116
2095
2084
2092
2107
2121
2119
2114
2095
2089
2091
2083
2080
2086
2090
2103
2098
2120
2136
2137
2142
2148
2125
2144
2148
2158
2153
2140
2139
2142
2152
2156
2143
2134
2120
2122
2130
2130
2128
2124
2117
2122
2115
2119
2124
2132
2144
2157
2131
2118
2122
2119
2130
2129
2127
2116
2106
2105
2110
2120
2123
2125
2104
2086
2087
2107
2127
2142
2132
2129
2139
2147
2143
2148
2152
2158
2152
2152
2143
2138
2147
2163
2164
2162
2152
2145
2138
2143
2149
2139
2139
2121
2119
2108
2114
2120
2116
2115
2103
2098
2104
2114
2133
2140
2154
2136
2128
2120
2126
2135
2155
2152
2148
2133
2125
2127
2124
2123
2124
2112
2088
2082
2091
2112
2123
2133
2115
2139
2135
2135
2133
2143
2157
2166
2163
2156
2148
2150
2153
2158
2166
2155
2155
2142
2137
2126
2142
2137
2142
2138
2124
2116
2113
2115
2125
2129
2129
2122
2108
2111
2122
2155
2173
2137
2129
2136
2130
2151
2155
2147
2141
2140
2124
2117
2101
2106
2126
2139
2141
2124
2120
2138
2154
2158
2162
2149
2139
2137
2143
2158
2160
2154
2145
2131
2131
2137
2149
2147
2147
2128
2115
2106
2115
2121
2128
2122
2117
2108
2100
2113
2119
2120
2113
2100
2095
2094
2106
2140
2158
2149
2117
2112
2120
2130
2143
2147
2137
2115
2109
2115
2116
2116
2107
2079
2068
2078
2109
2129
2126
2128
2133
2125
2128
2135
2147
2145
2148
2130
2128
2123
2130
2141
2135
2140
2129
2127
2131
2139
2137
2134
2120
2112
2104
2111
2120
2123
2121
2114
2106
2109
2117
2131
2136
2140
2116
2098
2104
2113
2136
2147
2117
2104
2101
2113
2117
2111
2094
2090
2091
2113
2140
2152
2147
2161
2164
2172
2176
2184
2194
2200
2185
2187
2193
2201
2214
2226
2219
2214
2206
2213
2218
2218
2213
2205
2200
2197
2200
2213
2218
2221
2216
2211
2213
2222
2234
2230
2204
2207
2233
2236
2211
2199
2187
2181
2166
2163
2148
2144
2130
2138
2156
2169
2147
2172
2175
2187
2186
2184
2177
2176
2178
2184
2196
2203
2194
2201
2204
2212
2215
2209
2209
2202
2195
2192
2188
2186
2191
2193
2178
2179
2168
2162
2167
2165
2170
2146
2145
2158
2159
2146
2121
2132
2120
2125
2133
2117
2101
2101
2085
2065
2046
2053
2066
2083
2109
2099
2118
2120
2110
2103
2109
2106
2110
2110
2109
2114
2115
2105
2117
2115
2105
2103
2097
2095
2100
2103
2102
2101
2102
2093
2093
2087
2088
2091
2088
2091
2090
2115
2102
2081
2077
2069
2047
2042
2032
2052
2072
2072
2077
2069
2072
2075
2079
2085
2081
2092
2100
2103
2105
2104
2111
2113
2119
2114
2114
2115
2113
2118
2112
2112
2110
2111
2108
2112
2115
2116
2114
2101
2108
2101
2103
2100
2099
2094
2102
2092
2084
2077
2075
2074
2068
2074
2090
2079
2075
2059
2060
2056
2049
2047
2052
2054
2049
2050
2048
2050
2051
2052
2048
2040
2038
2037
2046
2057
2037
2059
2066
2068
2069
2076
2074
2078
2069
2078
2074
2079
2079
2078
2074
2073
2069
2074
2067
2069
2080
2075
2078
2076
2074
2081
2080
2077
2082
2079
2074
2080
2073
2081
2082
2090
2088
2089
2079
2078
2079
2071
2079
2071
2076
2077
2080
2073
2080
2075
2077
2070
2063
2041
2054
2073
2077
2075
2104
2111
2114
2117
2119
2119
2125
2123
2118
2117
2128
2125
2121
2122
2116
2115
2120
2115
2122
2121
2122
2127
2127
2123
2118
2120
2118
2123
2125
2123
2129
2120
2126
2126
2139
2141
2140
2125
2119
2123
2121
2119
2124
2117
2112
2110
2113
2113
2115
2113
2109
2100
2094
2095
2097
2107
2114
2102
2126
2123
2125
2124
2122
2125
2128
2124
2129
2122
2118
2112
2115
2110
2114
2112
2118
2116
2120
2117
2121
2120
2118
2116
2116
2115
2115
2113
2113
2118
2117
2116
2115
2107
2107
2106
2105
2109
2118
2116
2116
2107
2108
2115
2106
2109
2110
2109
2102
2103
2113
2113
2118
2124
2125
2113
2101
2082
2085
2096
2108
2115
2109
2107
2127
2135
2129
2125
2132
2124
2134
2129
2131
2139
2129
2133
2138
2143
2137
2142
2140
2139
2140
2133
2132
2125
2129
2125
2123
2125
2122
2122
2126
2124
2131
2147
2162
2202
2122
2140
2098
2093
2100
2099
2095
2100
2103
2107
2111
2114
2117
2119
2123
2139
2147
2146
2150
2148
2149
2143
2134
2131
2122
2111
2103
2083
2072
2079
2091
2109
2128
2104
2140
2142
2145
2140
2147
2145
2144
2143
2146
2143
2148
2144
2145
2152
2155
2150
2153
2158
2152
2131
2109
2101
2097
2105
2117
2135
2143
2172
2174
2156
2157
2158
2147
2143
2143
2138
2132
2124
2135
2124
2132
2129
2127
2119
2110
2075
2053
2061
2087
2113
2120
2117
2133
2143
2147
2155
2148
2155
2151
2160
2155
2153
2149
2152
2151
2147
2145
2138
2146
2146
2151
2134
2120
2114
2120
2126
2135
2159
2162
2147
2151
2140
2122
2115
2105
2104
2106
2114
2117
2122
2121
2113
2109
2111
2103
2095
2065
2072
2093
2113
2100
2125
2132
2136
2145
2140
2142
2141
2146
2151
2150
2157
2151
2152
2147
2145
2154
2148
2143
2138
2138
2127
2134
2128
2128
2133
2136
2141
2144
2154
2159
2145
2143
2143
2113
2094
2092
2104
2115
2117
2109
2109
2110
2105
2092
2095
2107
2114
2108
2113
2134
2136
2137
2133
2136
2138
2143
2141
2140
2140
2141
2139
2138
2145
2139
2137
2140
2137
2135
2130
2129
2124
2120
2114
2120
2109
2117
2114
2113
2116
2112
2115
2114
2116
2117
2122
2117
2122
2136
2135
2138
2104
2112
2125
2116
2121
2126
2128
2120
2114
2127
2129
2106
2078
2057
2085
2096
2116
2126
2116
2112
2136
2135
2139
2139
2142
2143
2137
2142
2143
2147
2146
2149
2145
2143
2146
2150
2142
2145
2132
2131
2125
2122
2118
2114
2114
2112
2107
2110
2114
2115
2114
2113
2115
2117
2123
2128
2148
2149
2165
2128
2138
2141
2139
2133
2128
2118
2117
2113
2106
2073
2074
2100
2127
2137
2123
2138
2146
2148
2149
2151
2149
2149
2145
2148
2151
2146
2145
2154
2153
2153
2152
2145
2142
2139
2139
2131
2130
2123
2129
2129
2124
2127
2131
2138
2149
2136
2132
2104
2108
2111
2105
2120
2117
2111
2106
2114
2106
2091
2077
2074
2096
2111
2125
2111
2144
2147
2151
2153
2158
2161
2156
2166
2164
2163
2163
2162
2158
2163
2163
2163
2161
2155
2153
2147
2146
2136
2129
2126
2140
2140
2135
2143
2144
2147
2158
2152
2137
2121
2134
2137
2130
2123
2123
2124
2126
2122
2120
2117
2117
2104
2081
2093
2107
2124
2110
2129
2138
2136
2138
2136
2141
2143
2135
2143
2140
2142
2147
2146
2149
2145
2152
2146
2142
2141
2132
2128
2123
2113
2113
2117
2114
2120
2129
2120
2134
2129
2108
2098
2108
2110
2116
2110
2102
2108
2111
2110
2102
2088
2076
2076
2080
2100
2124
2107
2134
2143
2147
2147
2150
2147
2148
2151
2145
2141
2143
2140
2140
2140
2142
2141
2140
2129
2132
2127
2122
2127
2117
2118
2119
2120
2117
2117
2116
2113
2118
2120
2128
2126
2129
2139
2141
2155
2124
2132
2129
2134
2129
2130
2123
2128
2134
2130
2135
2126
2124
2109
2111
2098
2085
2094
2096
2114
2107
2103
2106
2124
2122
2124
2134
2127
2137
2128
2131
2125
2136
2117
2127
2117
2115
2122
2113
2116
2117
2110
2109
2120
2111
2119
2157
2257
2324
2249
2173
2162
2142
2143
2131
2131
2127
2127
2130
2116
2129
2126
2130
2146
2136
2138
2118
2123
2117
2130
2122
2130
2135
2132
2118
2094
2097
2106
2106
2100
2104
2099
2101
2102
2095
2095
2103
2095
2102
2104
2110
2108
2107
2101
2090
2085
2070
2069
2039
2054
2090
2108
2120
2118
2134
2129
2138
2133
2136
2142
2145
2147
2156
2145
2154
2140
2140
2143
2138
2144
2163
2150
2133
2119
2101
2087
2100
2096
2085
2082
