2123
2119
2120
2135
2141
2135
2141
2145
2136
2139
2124
2120
2118
2119
2110
2120
2127
2121
2126
2117
2124
2112
2113
2107
2107
2136
2133
2122
2111
2095
2096
2094
2104
2095
2109
2107
2106
2108
2098
2096
2095
2110
2098
2098
2095
2103
2106
2097
2097
2084
2098
2106
2107
2113
2134
2133
2135
2133
2128
2132
2130
2122
2133
2140
2135
2126
2129
2130
2127
2123
2124
2122
2130
2134
2129
2134
2149
2137
2133
2115
2112
2117
2119
2107
2104
2095
2109
2112
2116
2108
2102
2106
2107
2107
2116
2108
2115
2113
2115
2114
2114
2115
2109
2096
2103
2110
2115
2123
2122
2112
2102
2106
2105
2105
2111
2109
2114
2107
2110
2107
2104
2101
2107
2113
2106
2114
2111
2115
2108
2107
2116
2110
2120
2109
2123
2120
2118
2118
2112
2122
2113
2123
2130
2131
2125
2117
2112
2109
2117
2107
2109
2118
2102
2109
2100
2104
2101
2100
2105
2107
2110
2108
2112
2116
2115
2116
2115
2120
2131
2151
2154
2153
2152
2129
2118
2117
2121
2109
2137
2123
2139
2124
2112
2108
2100
2100
2093
2104
2117
2113
2100
2113
2108
2117
2114
2113
2110
2111
2111
2099
2104
2092
2103
2091
2094
2087
2076
2093
2088
2090
2088
2083
2086
2085
2091
2093
2102
2112
2116
2123
2113
2114
2100
2091
2102
2102
2098
2101
2101
2104
2110
2111
2099
2101
2094
2106
2097
2122
2112
2115
2116
2105
2109
2113
2116
2116
2118
2113
2110
2099
2102
2111
2123
2138
2144
2146
2133
2136
2109
2123
2111
2120
2112
2110
2129
2117
2120
2114
2114
2126
2125
2134
2139
2137
2107
2126
2109
2135
2117
2129
2103
2100
2088
2085
2099
2080
2085
2077
2075
2073
2066
2065
2073
2039
2105
2094
2094
2111
2107
2104
2104
2104
2111
2108
2128
2106
2123
2121
2125
2130
2122
2138
2126
2136
2139
2145
2144
2157
2130
2136
2121
2131
2120
2117
2128
2108
2111
2107
2117
2126
2124
2116
2118
2101
2106
2112
2109
2119
2121
2130
2114
2106
2103
2110
2107
2104
2092
2099
2100
2089
2078
2076
2052
2086
2126
2133
2158
2115
2171
2168
2185
2178
2166
2163
2144
2146
2148
2137
2150
2149
2141
2134
2129
2138
2144
2132
2127
2126
2145
2140
2148
2162
2160
2151
2137
2126
2130
2119
2140
2130
2149
2158
2174
2151
2119
2126
2124
2119
2106
2097
2106
2094
2108
2096
2100
2097
2105
2093
2087
2072
2067
2071
2081
2093
2116
2113
2131
2131
2107
2129
2118
2139
2133
2135
2136
2126
2122
2114
2114
2109
2112
2121
2118
2122
2119
2110
2124
2111
2127
2104
2122
2123
2121
2118
2140
2129
2113
2113
2095
2109
2096
2118
2127
2138
2130
2103
2131
2121
2123
2113
2105
2113
2097
2099
2089
2083
2079
2048
2066
2097
2104
2089
2095
2119
2121
2113
2112
2096
2102
2101
2100
2094
2107
2111
2102
2111
2098
2109
2090
2098
2098
2102
2090
2082
2101
2111
2096
2109
2113
2124
2114
2120
2103
2101
2103
2106
2097
2092
2086
2089
2085
2113
2131
2153
2180
2171
2183
2172
2169
2173
2144
2143
2136
2137
2147
2144
2164
2184
2177
2160
2164
2172
2164
2174
2166
2181
2156
2157
2142
2164
2159
2169
2156
2148
2143
2135
2132
2143
2128
2119
2113
2115
2101
2103
2107
2114
2119
2135
2128
2109
2117
2138
2148
2165
2163
2135
2111
2106
2106
2066
2095
2106
2105
2123
2094
2115
2129
2115
2127
2123
2127
2119
2135
2128
2145
2130
2131
2135
2118
2131
2123
2123
2117
2114
2103
2107
2099
2105
2104
2119
2112
2102
2104
2123
2117
2128
2136
2130
2138
2137
2136
2162
2154
2140
2139
2145
2148
2136
2160
2148
2147
2132
2115
2095
2101
2107
2110
2126
2123
2120
2127
2143
2142
2133
2139
2141
2130
2145
2149
2123
2151
2129
2129
2143
2127
2143
2151
2145
2137
2127
2129
2124
2111
2120
2123
2126
2117
2119
2102
2088
2115
2118
2112
2097
2108
2102
2109
2107
2096
2099
2095
2081
2077
2079
2108
2133
2097
2138
2143
2143
2151
2148
2155
2145
2152
2146
2160
2162
2162
2153
2154
2150
2147
2156
2147
2132
2133
2126
2118
2114
2111
2103
2109
2127
2122
2126
2109
2127
2121
2128
2150
2157
2154
2158
2144
2144
2129
2129
2123
2103
2096
2100
2083
2064
2058
2067
2095
2118
2112
2114
2132
2139
2131
2136
2127
2137
2123
2134
2133
2126
2119
2126
2134
2126
2139
2137
2154
2148
2147
2147
2142
2138
2143
2108
2139
2126
2116
2125
2103
2107
2100
2129
2121
2145
2135
2106
2102
2113
2115
2108
2097
2106
2104
2094
2113
2093
2115
2089
2076
2072
2089
2091
2104
2108
2110
2132
2130
2138
2141
2151
2149
2144
2139
2149
2148
2135
2136
2144
2134
2126
2121
2119
2121
2119
2104
2104
2113
2113
2106
2116
2114
2117
2139
2134
2100
2127
2146
2130
2130
2111
2096
2090
2107
2103
2101
2103
2097
2086
2058
2060
2097
2085
2125
2119
2138
2122
2128
2120
2113
2134
2107
2134
2128
2126
2126
2122
2112
2131
2116
2119
2122
2132
2109
2131
2113
2123
2117
2118
2102
2123
2101
2102
2102
2109
2106
2105
2097
2121
2132
2127
2127
2115
2124
2126
2126
2149
2119
2109
2103
2088
2073
2054
2049
2066
2094
2127
2123
2131
2117
2134
2129
2129
2118
2139
2142
2144
2138
2142
2133
2134
2139
2134
2133
2136
2138
2135
2139
2154
2133
2130
2139
2121
2117
2117
2117
2119
2132
2101
2115
2117
2127
2114
2098
2103
2097
2111
2134
2112
2104
2119
2088
2104
2076
2069
2056
2089
2119
2120
2141
2142
2150
2153
2147
2149
2135
2129
2120
2131
2135
2122
2131
2138
2125
2124
2141
2144
2132
2137
2147
2133
2143
2126
2135
2123
2126
2126
2113
2108
2113
2092
2108
2089
2091
2097
2110
2108
2128
2144
2114
2112
2127
2128
2127
2139
2128
2112
2111
2100
2118
2102
2098
2079
2090
2101
2100
2112
2127
2085
2124
2142
2131
2127
2140
2121
2126
2137
2136
2137
2149
2161
2144
2142
2137
2126
2126
2127
2118
2111
2103
2114
2102
2106
2094
2115
2106
2120
2116
2120
2111
2142
2136
2133
2139
2127
2146
2143
2142
2140
2127
2127
2111
2124
2096
2070
2060
2084
2115
2132
2135
2137
2143
2133
2165
2139
2133
2139
2128
2130
2132
2152
2157
2146
2152
2148
2143
2121
2152
2133
2123
2118
2127
2119
2111
2093
2109
2101
2133
2102
2095
2093
2099
2097
2100
2092
2098
2078
2069
2066
2101
2110
2121
2112
2108
2129
2140
2136
2127
2138
2123
2135
2134
2139
2133
2143
2138
2140
2155
2140
2149
2139
2132
2118
2117
2103
2102
2091
2098
2094
2088
2088
2086
2082
2104
2107
2121
2127
2132
2126
2130
2145
2144
2143
2133
2126
2122
2104
2072
2034
2058
2091
2119
2112
2110
2119
2131
2135
2132
2138
2138
2136
2136
2141
2146
2139
2138
2149
2136
2154
2136
2145
2129
2126
2119
2119
2114
2114
2106
2102
2108
2119
2166
2147
2122
2096
2119
2122
2119
2105
2088
2084
2077
2044
2079
2105
2121
2132
2119
2157
2156
2160
2152
2154
2141
2149
2131
2138
2136
2137
2141
2139
2141
2140
2126
2123
2139
2112
2124
2110
2096
2073
2082
2084
2086
2096
2094
2110
2115
2122
2109
2102
2107
2124
2111
2125
2101
2105
2095
2099
2111
2093
2058
2078
2094
2119
2127
2119
2106
2125
2125
2131
2141
2137
2138
2145
2145
2141
2152
2156
2155
2181
2160
2198
2177
2165
2152
2159
2127
2135
2127
2128
2126
2113
2124
2117
2136
2123
2101
2082
2085
2092
2103
2084
2094
2090
2082
2073
2053
2086
2113
2126
2111
2135
2140
2136
2145
2139
2145
2148
2134
2148
2145
2147
2157
2149
2155
2173
2160
2169
2149
2139
2131
2120
2130
2067
2032
2033
2036
2080
2086
2101
2129
2192
2159
2131
2143
2126
2136
2133
2133
2143
2115
2078
2119
2148
2173
2127
2163
2158
2169
2152
2153
2153
2159
2160
2148
2160
2147
2158
2164
2136
2162
2149
2148
2137
2127
2146
2123
2118
2117
2119
2108
2113
2119
2127
2127
2135
2166
2166
2127
2167
2148
2111
2106
2103
2114
2108
2090
2053
2037
2058
2083
2115
2102
2119
2148
2151
2142
2157
2145
2133
2159
2156
2154
2140
2153
2138
2147
2141
2159
2162
2157
2136
2149
2147
2138
2129
2121
2126
2132
2146
2104
2111
2094
2094
2097
2107
2108
2091
2087
2067
2072
2049
2071
2072
2112
2074
2128
2125
2130
2121
2138
2126
2120
2137
2138
2144
2153
2134
2144
2127
2135
2119
2137
2128
2130
2133
2123
2123
2122
2114
2114
2105
2102
2091
2100
2098
2093
2111
2114
2065
2088
2092
2118
2095
2091
2093
2079
2069
2053
2042
2062
2084
2110
2080
2124
2133
2138
2146
2132
2130
2143
2151
2131
2128
2138
2144
2160
2169
2188
2121
2102
2093
2033
2046
2041
2049
2097
2122
2147
2193
2152
2102
2099
2088
2076
2090
2101
2109
2104
2101
2087
2058
2063
2069
2115
2116
2106
2132
2128
2129
2135
2137
2127
2146
2142
2142
2145
2151
2153
2155
2149
2156
2146
2143
2139
2138
2135
2105
2102
2096
2098
2115
2104
2123
2122
2124
2089
2107
2129
2141
2135
2099
2103
2093
2072
2059
2083
2098
2116
2127
2100
2131
2126
2135
2132
2141
2147
2137
2149
2138
2143
2120
2132
2126
2133
2133
2137
2122
2116
2097
2098
2074
2085
2084
2099
2089
2091
2098
2100
2131
2135
2148
2112
2120
2130
2131
2129
2124
2124
2104
2085
2055
2046
2082
2126
2130
2115
2140
2130
2125
2131
2122
2142
2126
2141
2141
2142
2143
2135
2148
2147
2157
2145
2152
2139
2116
2127
2112
2117
2109
2093
2089
2122
2112
2136
2102
2088
2091
2126
2143
2110
2106
2100
2075
2057
2073
2088
2109
2127
2107
2132
2128
2143
2145
2130
2145
2142
2138
2153
2155
2148
2148
2161
2151
2158
2148
2140
2123
2114
2107
2113
2102
2091
2093
2114
2111
2160
2145
2152
2109
2138
2136
2142
2149
2121
2143
2112
2075
2091
2093
2132
2134
2134
2129
2139
2134
2138
2159
2158
2147
2151
2139
2149
2132
2153
2144
2154
2153
2151
2137
2137
2134
2137
2119
2120
2111
2103
2102
2094
2114
2116
2102
2081
2102
2126
2093
2107
2101
2085
2071
2053
2073
2090
2096
2120
2120
2123
2132
2132
2133
2134
2125
2129
2120
2138
2131
2125
2138
2142
2138
2121
2136
2126
2123
2110
2108
2089
2098
2086
2083
2095
2103
2101
2116
2139
2150
2127
2139
2140
2146
2167
2150
2142
2117
2106
2072
2084
2120
2121
2157
2120
2140
2128
2123
2121
2135
2132
2139
2127
2122
2141
2134
2148
2143
2148
2137
2142
2131
2132
2122
2118
2105
2118
2103
2100
2104
2107
2101
2094
2103
2117
2126
2129
2102
2093
2110
2111
2121
2097
2085
2072
2028
2061
2080
2110
2118
2134
2118
2138
2138
2138
2136
2139
2139
2148
2143
2145
2139
2133
2137
2136
2144
2132
2136
2133
2124
2130
2125
2117
2102
2099
2094
2101
2095
2089
2093
2098
2090
2111
2135
2153
2130
2121
2135
2140
2129
2123
2109
2104
2057
2065
2094
2126
2142
2134
2143
2154
2155
2150
2155
2150
2136
2146
2130
2164
2152
2158
2159
2170
2163
2172
2148
2150
2164
2139
2129
2119
2123
2114
2104
2097
2097
2108
2126
2142
2096
2113
2132
2139
2111
2090
2093
2080
2052
2078
2112
2119
2122
2119
2135
2134
2139
2123
2132
2123
2142
2127
2121
2132
2141
2137
2139
2144
2137
2152
2130
2131
2104
2114
2106
2097
2088
2085
2083
2088
2106
2107
2151
2123
2117
2125
2122
2125
2129
2131
2136
2125
2134
2083
2097
2123
2141
2133
2121
2132
2130
2136
2127
2119
2121
2127
2132
2130
2133
2135
2131
2133
2122
2131
2139
2125
2128
2129
2126
2106
2104
2145
2138
2130
2124
2113
2116
2116
2097
2101
2100
2090
2082
2091
2094
2107
2110
2105
2131
2128
2127
2100
2060
2040
2112
2149
2148
2154
2159
2156
2159
2155
2150
2153
2154
2129
2145
2125
2139
2138
2147
2172
2173
2140
2149
2146
2142
2120
2128
2113
2126
2125
2132
2128
2133
2141
2128
2124
2119
2121
2117
2120
2109
2115
2109
2110
2106
2078
2028
2043
2066
2037
2020
2035
2068
2084
2132
2129
2147
2151
2148
2151
2155
2148
2150
2155
2140
2148
2135
2149
2140
2147
2157
2148
2157
2155
2146
2138
2131
2121
2101
2115
2105
2107
2121
2122
2160
2153
2122
2109
2130
2124
2131
2114
2109
2122
2111
2114
2102
2094
2063
2022
2014
2048
2102
2107
2110
2102
2128
2133
2143
2136
2141
2138
2162
2159
2165
2172
2176
2160
2165
2160
2152
2147
2139
2120
2125
2126
2133
2133
2136
2138
2156
2166
2155
2096
2083
2109
2113
2132
2100
2109
2098
2109
2111
2104
2112
2135
2149
2152
2146
2161
2145
2150
2148
2144
2156
2144
2152
2135
2139
2144
2146
2153
2159
2168
2162
2164
2156
2153
2136
2133
2133
2120
2068
2061
2082
2088
2128
2170
2126
2105
2112
2082
2089
2082
2075
2069
2064
2062
2042
2062
2087
2118
2122
2144
2160
2154
2157
2152
2152
2146
2158
2150
2149
2146
2137
2148
2140
2137
2140
2134
2143
2130
2125
2109
2094
2089
2098
2094
2098
2091
2099
2108
2100
2116
2107
2133
2130
2154
2156
2174
2120
2130
2132
2140
2139
2117
2118
2104
2080
2022
2059
2090
2118
2126
2109
2132
2139
2138
2156
2160
2162
2149
2163
2150
2146
2145
2142
2153
2140
2146
2134
2141
2146
2122
2099
2084
2095
2082
2073
2085
2090
2147
2105
2099
2152
2132
2101
2053
2075
2033
2031
2055
2095
2122
2109
2135
2145
2146
2147
2138
2139
2132
2134
2144
2138
2154
2148
2154
2156
2156
2156
2146
2151
2125
2120
2098
2111
2100
2113
2094
2092
2084
2095
2102
2123
2111
2122
2125
2129
2109
2100
2081
2056
2058
2078
2123
2138
2131
2142
2140
2135
2128
2135
2134
2142
2138
2142
2145
2146
2143
2143
2154
2158
2153
2140
2132
2120
2111
2120
2106
2103
2084
2082
2083
2077
2088
2097
2113
2082
2101
2117
2114
2085
2072
2050
2031
2051
2100
2116
2139
2126
2146
2135
2155
2125
2123
2125
2122
2141
2098
2101
2083
2088
2095
2090
2108
2097
2106
2073
2081
2069
2062
2062
2056
2062
2079
2083
2097
2090
2126
2154
2179
2164
2137
2161
2143
2145
2075
2003
1992
2057
2105
2118
2102
2136
2126
2130
2134
2140
2139
2136
2134
2133
2139
2126
2128
2133
2124
2123
2132
2123
2130
2111
2114
2113
2103
2109
2104
2098
2106
2093
2110
2102
2140
2147
2135
2103
2117
2142
2140
2162
2120
2122
2114
2095
2048
2037
2077
2091
2123
2143
2137
2144
2159
2171
2161
2158
2158
2154
2159
2155
2159
2177
2167
2164
2168
2169
2174
2187
2174
2090
2054
2067
2141
2197
2148
2113
2082
2078
2101
2103
2101
2094
2093
2088
2055
2065
2111
2151
2159
2182
2184
2178
2185
2173
2181
2186
2171
2186
2179
2187
2186
2184
2182
2185
2183
2171
2166
2163
2132
2140
2124
2130
2104
2124
2169
2122
2097
2111
2112
2100
2075
2054
2064
2016
2008
2037
2083
2120
2106
2148
2149
2158
2151
2167
2174
2165
2166
2155
2164
2164
2171
2168
2170
2163
2164
2164
2152
2136
2129
2108
2089
2103
2089
2086
2098
2102
2108
2111
2120
2125
2135
2162
2201
2185
2133
2164
2166
2154
2156
2120
2111
2083
2039
2051
2090
2132
2137
2119
2144
2147
2149
2141
2147
2147
2143
2138
2140
2147
2137
2137
2141
2136
2148
2130
2138
2138
2132
2128
2114
2113
2117
2115
2115
2116
2107
2108
2112
2111
2143
2137
2182
2147
2129
2146
2155
2159
2107
2109
2110
2107
2057
2065
2094
2119
2142
2147
2121
2126
2145
2146
2140
2141
2151
2144
2140
2146
2152
2145
2148
2153
2142
2148
2141
2143
2127
2143
2120
2115
2102
2091
2087
2086
2078
2075
2093
2092
2096
2104
2105
2114
2138
2153
2155
2153
2132
2120
2132
2123
2130
2114
2104
2124
2122
2116
2101
2090
2052
2000
2041
2078
2120
2129
2103
2128
2135
2138
2146
2149
2159
2162
2158
2153
2136
2141
2134
2154
2149
2145
2129
2129
2124
2115
2112
2100
2103
2100
2107
2106
2168
2113
2099
2109
2115
2091
2077
2075
2078
2080
2083
2085
2072
2084
2093
2109
2119
2094
2110
2126
2123
2133
2132
2123
2124
2132
2128
2149
2137
2138
2136
2141
2142
2134
2138
2132
2117
2118
2122
2117
2114
2115
2110
2116
2136
2121
2098
2106
2083
2097
2096
2106
2105
2120
2098
2075
2074
2105
2127
2130
2126
2136
2151
2143
2163
2167
2162
2154
2160
2148
2156
2146
2140
2145
2128
2135
2126
2120
2126
2127
2125
2125
2121
2127
2126
2155
2182
2204
2173
2152
2137
2122
2124
2123
2108
2096
2082
2072
2079
2097
2101
2095
2086
2088
2066
2088
2066
2096
2091
2133
2120
2128
2123
2132
2129
2133
2130
2135
2124
2133
2132
2128
2128
2125
2132
2130
2124
2118
2115
2105
2116
2116
2114
2127
2118
2126
2106
2112
2119
2104
2118
2106
2117
2133
2182
2133
2132
2118
2135
2141
2136
2143
2118
2110
2108
2095
2092
2086
2080
2062
2061
2078
2088
2085
2083
2063
2040
2083
2119
2136
2140
2151
2145
2145
2147
2145
2140
2144
2143
2139
2138
2147
2142
2133
2141
2132
2130
2126
2119
2124
2106
2105
2108
2104
2116
2120
2118
2120
2112
2133
2126
2131
2130
2146
2163
2173
2156
2173
2171
2151
2132
2124
2129
2106
2110
2095
2083
2045
2004
2012
2076
2111
2140
2107
2126
2161
2173
2169
2190
2179
2178
2167
2159
2147
2135
2141
2136
2147
2134
2150
2143
2159
2127
2121
2110
2103
2120
2103
2102
2114
2157
2146
2114
2108
2095
2061
2063
2073
2095
2100
2107
2105
2115
2127
2113
2101
2109
2118
2114
2114
2124
2135
2130
2133
2132
2140
2128
2128
2127
2132
2149
2150
2155
2144
2148
2144
2156
2153
2151
2144
2131
2127
2127
2123
2122
2124
2123
2121
2151
2136
2159
2153
2142
2127
2102
2087
2074
2051
2056
2063
2083
2074
2058
2023
1986
1997
2077
2119
2142
2157
2159
2155
2160
2155
2165
2173
2167
2173
2169
2178
2178
2178
2155
2154
2143
2135
2144
2143
2139
2134
2127
2130
2123
2135
2137
2132
2141
2137
2133
2118
2120
2104
2093
2098
2117
2120
2113
2116
2113
2111
2112
2102
2095
2106
2074
2073
2071
2094
2104
2098
2126
2134
2133
2134
2135
2141
2149
2135
2125
2133
2131
2134
2136
2139
2140
2139
2130
2133
2129
2127
2128
2125
2120
2119
2116
2116
2101
2105
2107
2112
2123
2126
2131
2130
2108
2111
2121
2136
2141
2132
2127
2117
2126
2108
2126
2100
2086
2098
2101
2108
2109
2118
2095
2125
2123
2113
2130
2120
2128
2127
2132
2141
2138
2145
2142
2138
2141
2133
2134
2127
2121
2119
2115
2118
2107
2120
2117
2123
2120
2118
2118
2113
2131
2127
2136
2115
2124
2113
2137
2124
2125
2106
2107
2089
2099
2078
2081
2093
2110
2120
2111
2114
2120
2117
2126
2128
2132
2129
2127
2130
2127
2125
2148
2136
2132
2129
2140
2135
2141
2139
2146
2119
2093
2104
2108
2111
2126
2121
2127
2152
2156
2132
2126
2133
2101
2085
2090
2093
2102
2110
2103
2098
2078
2066
2058
2078
2101
2114
2109
2127
2137
2134
2139
2147
2140
2139
2141
2146
2155
2155
2144
2148
2145
2146
2144
2140
2135
2126
2125
2125
2119
2121
2125
2117
2127
2122
2135
2130
2136
2132
2142
2129
2105
2097
2125
2128
2139
2130
2130
2144
2132
2143
2126
2134
2100
2088
2085
2098
2110
2101
2100
2130
2149
2148
2136
2140
2137
2137
2139
2136
2136
2142
2145
2141
2145
2145
2147
2148
2139
2129
2130
2130
2117
2110
2108
2097
2109
2097
2101
2110
2105
2121
2109
2122
2108
2125
2122
2131
2140
2116
2107
2106
2078
2076
2106
2113
2146
2120
2125
2142
2143
2144
2143
2143
2147
2132
2141
2141
2142
2143
2140
2151
2132
2154
2138
2146
2142
2128
2118
2115
2109
2096
2098
2107
2098
2105
2102
2120
2122
2120
2142
2130
2155
2133
2121
2140
2125
2155
2147
2135
2138
2133
2131
2122
2110
2090
2094
2116
2119
2148
2139
2130
2145
2138
2148
2138
2154
2133
2135
2131
2129
2138
2135
2146
2143
2143
2146
2145
2135
2145
2123
2139
2112
2116
2102
2114
2112
2110
2120
2106
2110
2104
2117
2125
2126
2136
2114
2101
2121
2134
2132
2123
2120
2111
2119
2109
2095
2088
2068
2105
2096
2106
2103
2130
2113
2125
2145
2132
2142
2132
2132
2134
2128
2144
2131
2142
2130
2148
2156
2154
2156
2147
2162
2140
2132
2121
2118
2122
2125
2126
2116
2124
2118
2140
2126
2117
2109
2098
2116
2116
2113
2115
2106
2103
2097
2109
2105
2100
2090
2090
2112
2119
2120
2120
2138
2144
2137
2145
2135
2133
2141
2140
2139
2143
2142
2151
2135
2148
2137
2137
2125
2136
2134
2130
2133
2138
2128
2126
2119
2125
2121
2124
2115
2115
2111
2107
2121
2123
2131
2129
2127
2117
2116
2108
2124
2114
2112
2117
2114
2109
2085
2072
2057
2075
2089
2097
2099
2109
2095
2131
2133
2113
2126
2122
2113
2124
2117
2132
2130
2133
2138
2133
2140
2127
2131
2124
2127
2119
2119
2126
2114
2111
2107
2114
2107
2089
2113
2098
2102
2093
2118
2120
2131
2118
2123
2140
2141
2143
2133
2134
2130
2123
2117
2105
2081
2075
2089
2103
2126
2114
2115
2130
2146
2141
2147
2140
2140
2137
2137
2140
2138
2141
2141
2146
2139
2149
2149
2138
2136
2132
2130
2128
2129
2132
2124
2117
2121
2113
2105
2117
2126
2125
2098
2083
2092
2116
2130
2106
2106
2095
2093
2072
2062
2075
2100
2121
2130
2114
2142
2147
2138
2150
2138
2139
2129
2133
2139
2141
2139
2138
2142
2142
2145
2151
2149
2127
2087
2111
2090
2087
2102
2107
2123
2131
2133
2106
2084
2089
2089
2094
2097
2103
2099
2107
2096
2100
2092
2088
2101
2109
2108
2094
2119
2129
2124
2132
2130
2127
2141
2130
2132
2138
2129
2137
2141
2130
2133
2128
2136
2131
2131
2123
2119
2110
2117
2115
2115
2113
2129
2129
2137
2133
2126
2149
2120
2111
2113
2115
2090
2075
2082
2099
2097
2096
2084
2070
2066
2050
2072
2098
2090
2124
2135
2132
2133
2128
2143
2135
2147
2145
2147
2156
2163
2161
2162
2154
2156
2155
2151
2147
2144
2139
2128
2128
2133
2126
2128
2125
2128
2136
2137
2153
2144
2138
2135
2152
2153
2145
2148
2166
2152
2158
2128
2151
2138
2119
2115
2102
2085
2088
2085
2085
2084
2095
2090
2098
2095
2099
2106
2103
2090
2066
2066
2086
2093
2100
2127
2131
2129
2128
2145
2130
2139
2123
2117
2117
2117
2113
2104
2110
2097
2098
2095
2100
2100
2100
2098
2094
2111
2127
2132
2134
2159
2152
2169
2186
2169
2175
2185
2162
2146
2135
2116
2098
2083
2056
2053
2068
2070
2062
2040
2059
2063
2113
2122
2123
2113
2122
2135
2133
2150
2139
2131
2128
2138
2141
2143
2142
2143
2150
2146
2147
2146
2147
2150
2134
2150
2134
2151
2139
2159
2158
2154
2217
2170
2159
2120
2094
2061
2008
2052
2073
2081
2082
2061
2040
2075
2106
2115
2136
2161
2159
2158
2167
2139
2131
2422
2134
2168
2077
2102
2104
2128
2128
2145
2123
2121
2115
2113
2115
2117
2121
2130
2133
2139
2144
2135
2141
2123
2134
2126
2127
2117
2106
2094
2081
2083
2088
2103
2088
2085
2074
2065
2053
2028
2060
2044
2118
2128
2134
2134
2144
2135
2137
2139
2150
2155
2147
2149
2149
2158
2153
2151
2137
2154
2148
2155
2146
2143
2137
2133
2127
2143
2143
2149
2148
2174
2195
2144
2133
2110
2105
2101
2106
2110
2099
2128
2119
2117
2091
2042
2010
2050
2080
2094
2092
2124
2135
2152
2143
2148
2145
2152
2149
2159
2147
2154
2147
2155
2133
2128
2134
2122
2126
2122
2126
2120
2125
2115
2112
2118
2107
2105
2118
2127
2125
2132
2117
2098
2094
2098
2106
2114
2102
2094
2091
2072
2066
2038
2066
2127
2117
2130
2129
2142
2130
2140
2140
2134
2143
2136
2140
2144
2149
2142
2144
2144
2144
2156
2151
2147
2148
2165
2129
2095
2095
2066
2052
2083
2102
2105
2103
2092
2097
2105
2096
2125
2131
2124
2121
2135
2122
2133
2135
2151
2157
2164
2153
2119
2086
2061
2096
2122
2127
2121
2131
2133
2126
2104
2099
2108
2110
2102
2109
2104
2117
2118
2124
2118
2115
2116
2107
2106
2107
2106
2094
2094
2088
2092
2089
2080
2091
2084
2098
2096
2096
2074
2075
2087
2103
2129
2093
2093
2084
2082
2043
2023
2049
2082
2110
2131
2111
2146
2132
2141
2134
2128
2130
2147
2142
2132
2131
2136
2127
2143
2135
2131
2135
2141
2130
2138
2129
2116
2114
2114
2102
2104
2106
2111
2100
2120
2110
2126
2128
2143
2122
2130
2140
2135
2140
2129
2122
2118
2116
2084
2064
2066
2102
2132
2144
2121
2134
2142
2134
2143
2136
2137
2142
2151
2145
2162
2150
2148
2153
2148
2145
2159
2163
2166
2150
2153
2139
2125
2124
2114
2117
2113
2128
2121
2124
2088
2083
2098
2114
2103
2094
2104
2097
2086
2044
2048
2074
2096
2119
2110
2113
2133
2143
2146
2145
2142
2146
2148
2148
2148
2161
2152
2153
2153
2148
2147
2140
2149
2147
2131
2129
2120
2124
2136
2138
2164
2152
2179
2152
2138
2136
2141
2097
2033
2065
2077
2097
2100
2099
2078
2072
2083
2107
2112
2121
2141
2156
2153
2167
2162
2172
2154
2165
2155
2157
2154
2134
2156
2142
2142
2156
2147
2134
2140
2137
2124
2123
2125
2120
2121
2128
2129
2128
2146
2129
2134
2149
2138
2118
2094
2082
2089
2105
2099
2068
2077
2073
2071
2051
2045
2059
2104
2135
2118
2151
2152
2173
2171
2162
2182
2172
2170
2155
2154
2149
2154
2163
2163
2151
2151
2160
2154
2141
2150
2140
2138
2137
2131
2129
2136
2124
2121
2131
2121
2130
2122
2121
2150
2128
2112
2117
2122
2130
2134
2115
2121
2109
2110
2123
2121
2103
2089
2072
2093
2109
2121
2111
2129
2147
2153
2154
2154
2161
2143
2151
2152
2139
2141
2142
2132
2144
2134
2149
2136
2124
2125
2121
2117
2117
2104
2106
2116
2111
2114
2118
2118
2125
2132
2143
2097
2081
2084
2080
2105
2082
2086
2082
2084
2053
2047
2045
2055
2087
2087
2093
2132
2138
2139
2138
2153
2150
2138
2150
2144
2143
2157
2152
2164
2149
2150
2156
2149
2146
2135
2131
2121
2131
2122
2124
2131
2135
2134
2151
2145
2146
2138
2123
2113
2098
2097
2088
2097
2098
2107
2112
2120
2102
2093
2090
2102
2135
2115
2124
2129
2132
2139
2131
2133
2128
2137
2124
2147
2145
2148
2151
2147
2139
2148
2151
2159
2147
2138
2127
2124
2116
2122
2125
2114
2117
2116
2116
2130
2137
2108
2091
2087
2094
2108
2093
2093
2091
2100
2093
2084
2094
2117
2142
2128
2156
2152
2154
2146
2158
2146
2147
2152
2127
2158
2142
2161
2163
2143
2153
2155
2141
2148
2140
2138
2123
2116
2126
2121
2126
2121
2122
2125
2127
2150
2143
2154
2139
2111
2107
2115
2120
2122
2133
2138
2123
2114
2106
2105
2116
2110
2108
2094
2106
2127
2151
2130
2150
2143
2146
2145
2147
2140
2147
2124
2130
2142
2146
2150
2152
2146
2147
2151
2147
2142
2127
2121
2114
2115
2119
2123
2117
2114
2123
2126
2124
2114
2115
2113
2129
2124
2098
2094
2093
2102
2118
2128
2131
2113
2116
2111
2102
2083
2056
2070
2075
2097
2101
2095
2102
2127
2135
2124
2129
2131
2133
2145
2144
2148
2148
2141
2136
2131
2129
2137
2147
2146
2148
2135
2131
2132
2115
2113
2104
2104
2116
2115
2122
2124
2126
2141
2163
2161
2159
2135
2139
2116
2105
2088
2080
2071
2079
2099
2083
2101
2101
2099
2109
2094
2079
2039
2037
2075
2115
2115
2107
2142
2138
2151
2145
2148
2137
2153
2167
2173
2166
2148
2145
2142
2156
2153
2155
2145
2139
2139
2133
2130
2127
2120
2123
2124
2136
2140
2150
2155
2164
2136
2127
2123
2113
2086
2077
2082
2091
2099
2106
2100
2086
2073
2068
2109
2121
2119
2127
2123
2128
2141
2137
2135
2126
2133
2136
2138
2130
2126
2125
2131
2134
2128
2129
2122
2123
2120
2115
2116
2100
2098
2099
2096
2101
2093
2098
2096
2098
2100
2096
2099
2106
2110
2120
2143
2141
2152
2126
2141
2156
2146
2148
2143
2127
2134
2129
2125
2127
2127
2102
2081
2060
2074
2093
2109
2116
2099
2114
2128
2136
2130
2137
2142
2144
2141
2146
2134
2133
2142
2132
2134
2121
2124
2116
2134
2126
2131
2123
2138
2126
2120
2124
2125
2129
2118
2130
2115
2116
2113
2115
2116
2114
2112
2092
2082
2102
2117
2141
2130
2119
2121
2113
2101
2106
2080
2055
2054
2069
2090
2105
2095
2106
2122
2129
2127
2140
2137
2151
2141
2136
2148
2152
2156
2152
2142
2142
2131
2137
2121
2111
2104
2052
2042
2046
2057
2081
2118
2153
2114
2115
2108
2111
2117
2111
2111
2108
2115
2113
2115
2109
2110
2125
2134
2122
2144
2149
2147
2134
2146
2151
2161
2165
2154
2156
2156
2143
2156
2147
2151
2139
2133
2128
2141
2125
2117
2108
2098
2096
2080
2092
2084
2104
2100
2111
2116
2117
2141
2141
2116
2123
2144
2164
2107
2108
2103
2078
2064
2063
2096
2119
2120
2115
2146
2148
2151
2148
2151
2151
2141
2140
2132
2136
2136
2137
2131
2140
2141
2145
2136
2133
2132
2120
2128
2126
2131
2127
2125
2129
2138
2135
2140
2142
2140
2138
2157
2170
2155
2113
2114
2136
2121
2133
2108
2100
2098
2101
2092
2089
2055
2079
2085
2121
2130
2121
2143
2145
2142
2145
2138
2134
2135
2135
2128
2133
2131
2138
2138
2134
2134
2128
2122
2116
2109
2104
2107
2105
2111
2100
2099
2085
2095
2098
2103
2103
2118
2134
2139
2146
2119
2117
2108
2146
2145
2132
2113
2110
2111
2089
2052
2062
2076
2100
2121
2131
2107
2136
2135
2149
2141
2151
2139
2136
2139
2139
2141
2154
2140
2136
2139
2135
2125
2121
2109
2110
2104
2101
2088
2096
2084
2092
2093
2082
2090
2094
2124
2132
2162
2160
2156
2155
2161
2160
2152
2158
2125
2126
2121
2110
2111
2075
2070
2115
2129
2154
2135
2162
2149
2159
2164
2162
2164
2153
2155
2150
2143
2145
2145
2147
2143
2143
2137
2136
2134
2138
2114
2114
2113
2106
2107
2100
2096
2101
2103
2108
2100
2097
2100
2093
2106
2116
2116
2121
2146
2160
2129
2102
2135
2134
2138
2149
2130
2120
2112
2120
2095
2101
2103
2123
2138
2154
2167
2161
2164
2157
2160
2153
2152
2147
2157
2153
2146
2146
2137
2153
2143
2142
2137
2132
2136
2138
2139
2131
2132
2128
2123
2124
2130
2120
2133
2116
2106
2094
2103
2098
2106
2106
2107
2103
2115
2096
2106
2115
2131
2115
2105
2099
2097
2112
2106
2112
2092
2074
2068
2087
2108
2128
2114
2142
2132
2131
2124
2124
2127
2129
2132
2145
2131
2126
2121
2125
2139
2145
2130
2125
2116
2109
2116
2120
2120
2123
2122
2115
2123
2124
2123
2144
2151
2140
2144
2143
2145
2123
2118
2120
2129
2130
2140
2133
2107
2112
2112
2112
2106
2107
2107
2116
2122
2129
2149
2139
2144
2147
2140
2133
2145
2146
2139
2138
2143
2136
2146
2155
2161
2159
2153
2148
2150
2165
2139
2128
2104
2115
2090
2075
2089
2095
2110
2113
2121
2134
2143
2113
2113
2114
2136
2121
2124
2108
2113
2115
2119
2124
2135
2121
2097
2077
2075
2085
2115
2123
2120
2101
2121
2122
2133
2139
2142
2135
2123
2123
2145
2146
2148
2136
2133
2121
2126
2136
2143
2133
2116
2101
2106
2106
2120
2123
2115
2117
2102
2106
2108
2127
2143
2139
2130
2100
2090
2105
2117
2126
2093
2079
2070
2075
2090
2089
2098
2094
2097
2093
2107
2118
2137
2139
2123
2113
2118
2121
2134
2151
2148
2137
2120
2125
2146
2158
2160
2152
2145
2132
2120
2114
2143
2091
2052
2057
2082
2114
2121
2122
2114
2145
2151
2138
2124
2125
2127
2119
2123
2124
2126
2134
2125
2093
2083
2053
2080
2116
2134
2122
2135
2137
2141
2153
2161
2163
2135
2138
2136
2138
2158
2158
2154
2139
2132
2124
2142
2157
2139
2126
2116
2109
2124
2133
2127
2118
2093
2097
2099
2116
2125
2125
2101
2090
2077
2102
2119
2117
2111
2103
2138
2166
2162
2122
2139
2125
2136
2129
2124
2134
2124
2078
2022
2056
2089
2128
2130
2119
2120
2131
2131
2146
2140
2146
2146
2139
2138
2148
2156
2160
2155
2134
2131
2125
2130
2138
2144
2137
2126
2114
2126
2138
2141
2134
2119
2098
2094
2098
2112
2113
2124
2110
2132
2147
2138
2136
2146
2130
2136
2128
2134
2142
2146
2129
2108
2090
2077
2103
2123
2138
2134
2105
2116
2139
2141
2135
2142
2138
2129
2118
2129
2136
2136
2148
2147
2133
2117
2122
2124
2132
2146
2133
2134
2120
2124
2123
2126
2134
2115
2105
2096
2095
2104
2116
2127
2116
2129
2114
2133
2131
2120
2121
2133
2132
2147
2136
2124
2121
2124
2123
2120
2102
2097
2079
2068
2074
2093
2115
2108
2100
2106
2123
2131
2136
2139
2133
2120
2133
2128
2135
2133
2136
2129
2138
2131
2130
2133
2132
2133
2127
2119
2117
2113
2116
2113
2116
2115
2121
2121
2137
2132
2162
2159
2146
2143
2126
2096
2080
2103
2111
2111
2108
2115
2101
2089
2080
2080
2088
2111
2117
2118
2121
2141
2133
2146
2132
2139
2132
2121
2122
2124
2129
2129
2122
2122
2119
2123
2130
2138
2130
2119
2117
2118
2134
2130
2129
2130
2123
2130
2154
2140
2143
2126
2128
2149
2157
2124
2127
2119
2114
2113
2111
2110
2110
2101
2098
2100
2127
2127
2121
2107
2111
2130
2137
2155
2140
2130
2129
2123
2127
2098
2056
2014
2057
2101
2132
2141
2132
2133
2128
2143
2136
2146
2126
2123
2131
2127
2124
2123
2116
2124
2138
2141
2131
2130
2126
2132
2143
2139
2130
2119
2125
2133
2140
2150
2145
2143
2142
2158
2156
2150
2157
2149
2151
2148
2136
2120
2096
2103
2116
2129
2134
2124
2121
2132
2138
2143
2142
2126
2106
2114
2124
2114
2136
2155
2145
2161
2161
2162
2138
2142
2137
2148
2148
2147
2134
2122
2135
2149
2139
2125
2116
2105
2118
2122
2132
2119
2106
2113
2115
2121
2116
2111
2097
2106
2107
2110
2106
2108
2110
2121
2136
2132
2136
2155
2144
2140
2146
2145
2126
2119
2108
2116
2123
2107
2105
2091
2097
2112
2108
2083
2064
2060
2065
2089
2115
2121
2111
2107
2138
2141
2147
2136
2139
2140
2137
2141
2122
2124
2114
2126
2140
2139
2130
2119
2112
2123
2130
2142
2136
2129
2133
2133
2141
2140
2136
2126
2116
2135
2130
2142
2140
2154
2127
2126
2132
2098
2089
2078
2086
2094
2099
2101
2092
2105
2105
2107
2091
2058
2052
2079
2105
2129
2106
2109
2120
2125
2135
2139
2161
2167
2141
2140
2137
2153
2156
2150
2140
2123
2121
2131
2129
2123
2118
2114
2105
2117
2114
2122
2123
2123
2122
2129
2135
2150
2132
2126
2139
2129
2117
2110
2107
2105
2117
2117
2116
2102
2094
2103
2098
2098
2106
2109
2122
2130
2121
2126
2141
2158
2146
2153
2143
2147
2141
2162
2164
2164
2168
2169
2155
2152
2157
2162
2171
2165
2146
2127
2125
2120
2138
2123
2132
2123
2104
2105
2089
2106
2108
2123
2133
2124
2133
2123
2135
2146
2164
2159
2168
2151
2154
2155
2151
2158
2137
2123
2103
2107
2087
2096
2114
2130
2137
2134
2108
2142
2137
2154
2164
2160
2149
2147
2143
2150
2159
2172
2163
2159
2151
2136
2146
2145
2146
2126
2142
2123
2125
2117
2120
2124
2124
2121
2109
2103
2101
2112
2116
2135
2133
2148
2142
2121
2124
2143
2147
2155
2144
2130
2130
2139
2149
2140
2114
2100
2094
2102
2117
2128
2126
2135
2125
2115
2130
2129
2142
2148
2133
2130
2126
2124
2132
2132
2139
2138
2131
2127
2120
2115
2121
2122
2116
2105
2095
2088
2103
2116
2109
2121
2096
2087
2091
2087
2108
2104
2117
2120
2133
2126
2120
2121
2142
2130
2132
2130
2147
2148
2148
2127
2116
2096
2089
2078
2078
2094
2113
2107
2099
2100
2122
2131
2139
2138
2134
2121
2141
2132
2143
2138
2133
2122
2115
2128
2132
2152
2144
2133
2113
2114
2113
2127
2122
2124
2108
2099
2104
2108
2116
2119
2124
2118
2110
2114
2122
2129
2128
2126
2123
2130
2108
2111
2125
2117
2103
2079
2068
2083
2109
2135
2146
2132
2126
2152
2180
2181
2171
2155
2148
2157
2152
2172
2165
2160
2151
2152
2159
2159
2162
2163
2145
2131
2125
2124
2132
2133
2126
2119
2115
2122
2124
2132
2129
2134
2135
2127
2109
2126
2164
2175
2150
2131
2108
2107
2106
2119
2102
2095
2072
2079
2108
2135
2119
2142
2138
2143
2136
2140
2141
2150
2146
2145
2147
2150
2147
2158
2157
2157
2154
2131
2129
2119
2119
2134
2119
2100
2098
2094
2095
2102
2098
2083
2087
2090
2104
2090
2097
2123
2124
2112
2082
2091
2091
2106
2125
2104
2093
2083
2073
2050
2039
2052
2069
2088
2111
2101
2127
2144
2146
2140
2147
2139
2138
2136
2140
2145
2143
2140
2147
2150
2140
2142
2151
2142
2144
2153
2143
2140
2145
2134
2138
2126
2130
2139
2136
2136
2146
2163
2151
2124
2125
2115
2095
2101
2084
2095
2107
2112
2116
2115
2108
2119
2113
2122
2108
2124
2132
2139
2141
2141
2137
2142
2140
2141
2139
2141
2142
2150
2145
2142
2135
2136
2137
2145
2146
2140
2142
2128
2138
2132
2133
2129
2135
2129
2137
2129
2128
2127
2127
2126
2121
2135
2156
2142
2158
2130
2121
2120
2108
2111
2115
2128
2117
2112
2116
2121
2119
2124
2129
2114
2115
2111
2120
2131
2106
2127
2135
2134
2140
2146
2141
2147
2141
2154
2148
2143
2145
2148
2144
2139
2133
2141
2138
2141
2150
2139
2140
2143
2142
2143
2145
2139
2143
2141
2146
2143
2140
2145
2140
2153
2158
2165
2157
2156
2149
2141
2150
2137
2134
2139
2137
2122
2126
2114
2121
2113
2110
2087
2090
2115
2118
2118
2151
2153
2153
2151
2153
2145
2152
2144
2135
2137
2147
2135
2139
2139
2134
2127
2128
2122
2124
2121
2115
2122
2121
2109
2103
2107
2101
2115
2110
2107
2115
2103
2122
2115
2124
2128
2132
2119
2115
2118
2123
2121
2125
2114
2111
2114
2115
2106
2106
2104
2094
2084
2079
2081
2090
2103
2115
2107
2135
2134
2140
2140
2137
2137
2140
2135
2145
2131
2121
2122
2134
2125
2126
2129
2129
2129
2125
2124
2124
2116
2116
2115
2112
2111
2103
2104
2103
2115
2106
2108
2107
2105
2099
2098
2103
2115
2128
2129
2123
2115
2120
2129
2119
2121
2116
2115
2108
2114
2123
2121
2122
2130
2134
2127
2111
2087
2089
2099
2117
2122
2117
2117
2142
2147
2146
2142
2145
2131
2151
2132
2142
2152
2146
2152
2152
2157
2144
2154
2151
2144
2146
2134
2136
2125
2126
2116
2114
2122
2118
2117
2124
2118
2129
2147
2155
2203
2129
2149
2109
2099
2106
2096
2095
2097
2099
2101
2108
2113
2115
2115
2119
2130
2136
2138
2139
2139
2142
2138
2125
2122
2113
2099
2083
2072
2059
2063
2089
2106
2129
2112
2143
2145
2146
2141
2157
2147
2150
2147
2154
2152
2148
2133
2148
2153
2159
2150
2149
2160
2147
2121
2094
2092
2085
2098
2106
2129
2141
2169
2172
2151
2163
2162
2153
2149
2146
2140
2132
2131
2140
2127
2133
2127
2129
2114
2107
2060
2036
2047
2081
2107
2113
2118
2126
2139
2141
2150
2143
2153
2150
2166
2157
2161
2140
2145
2146
2146
2146
2140
2152
2154
2152
2131
2114
2104
2120
2121
2143
2155
2161
2137
2133
2122
2107
2100
2095
2094
2098
2099
2100
2107
2114
2105
2099
2104
2106
2091
2063
2069
2090
2108
2104
2132
2135
2141
2143
2138
2136
2148
2146
2161
2148
2164
2138
2152
2140
2133
2152
2142
2138
2140
2138
2124
2133
2124
2133
2126
2141
2142
2151
2159
2166
2145
2143
2146
2120
2097
2091
2100
2115
2123
2109
2119
2122
2117
2107
2103
2117
2116
2105
2111
2130
2130
2130
2129
2127
2129
2140
2132
2134
2126
2139
2129
2140
2145
2139
2128
2142
2129
2132
2131
2124
2118
2109
2099
2108
2106
2115
2113
2111
2106
2110
2114
2107
2116
2117
2116
2122
2119
2133
2138
2134
2111
2110
2117
2112
2116
2125
2122
2123
2117
2127
2128
2107
2080
2055
2090
2094
2110
2125
2105
2103
2121
2128
2128
2129
2133
2133
2134
2142
2144
2148
2145
2154
2145
2151
2158
2160
2152
2149
2143
2137
2130
2122
2122
2114
2113
2116
2107
2104
2112
2111
2111
2113
2112
2117
2117
2136
2156
2149
2159
2122
2135
2136
2134
2130
2133
2123
2126
2118
2109
2087
2081
2109
2138
2146
2143
2143
2166
2154
2153
2154
2147
2149
2142
2154
2155
2146
2139
2147
2153
2148
2147
2152
2137
2131
2128
2124
2122
2124
2118
2124
2114
2121
2125
2135
2139
2121
2113
2091
2093
2094
2091
2111
2108
2109
2096
2102
2095
2076
2063
2059
2093
2109
2115
2104
2141
2147
2155
2152
2162
2165
2154
2174
2169
2163
2160
2158
2148
2151
2155
2159
2157
2146
2135
2132
2136
2127
2119
2119
2127
2133
2120
2134
2139
2135
2158
2136
2125
2111
2121
2130
2114
2109
2112
2119
2123
2110
2119
2101
2108
2089
2071
2081
2096
2116
2097
2123
2126
2133
2134
2125
2134
2127
2127
2137
2137
2140
2147
2144
2146
2152
2153
2149
2148
2151
2140
2129
2130
2114
2112
2114
2123
2118
2130
2125
2137
2143
2104
2101
2108
2109
2118
2107
2097
2099
2103
2103
2098
2079
2073
2070
2080
2105
2118
2103
2126
2134
2141
2147
2150
2142
2150
2136
2144
2129
2148
2134
2146
2134
2134
2135
2118
2126
2120
2113
2119
2111
2110
2104
2107
2111
2105
2110
2094
2116
2104
2117
2112
2124
2124
2141
2135
2143
2135
2128
2136
2136
2135
2134
2130
2140
2139
2154
2132
2153
2134
2126
2128
2115
2108
2101
2119
2119
2114
2095
2117
2131
2133
2127
2128
2131
2136
2140
2136
2137
2134
2130
2126
2120
2121
2115
2121
2113
2123
2102
2113
2122
2113
2130
2118
2122
2120
2115
2113
2112
2111
2122
2115
2120
2125
2121
2118
2119
2116
2127
2116
2143
2135
2139
2118
2123
2136
2134
2141
2132
2145
2154
2129
2122
2099
2116
2099
2101
2114
2086
2106
2091
2100
2087
2099
2094
2097
2109
2101
2107
2104
2105
2094
2084
2071
2063
2046
2057
2091
2108
2114
2113
2134
2132
2134
2124
2139
2133
2139
2149
2147
2137
2144
2132
2135
2129
2136
2132
2180
2158
2147
2142
2101
2094
2106
2108
2119
2108
