2137
2135
2134
2158
2169
2155
2167
2162
2139
2147
2134
2127
2117
2122
2117
2127
2131
2120
2119
2121
2114
2117
2117
2114
2114
2130
2130
2115
2110
2102
2094
2103
2113
2111
2120
2113
2110
2112
2107
2110
2109
2128
2111
2115
2115
2117
2110
2113
2105
2116
2121
2114
2117
2100
2104
2101
2104
2111
2108
2117
2113
2106
2123
2124
2126
2121
2123
2131
2134
2132
2130
2126
2136
2136
2140
2145
2161
2150
2155
2131
2140
2136
2138
2137
2131
2136
2140
2153
2151
2144
2135
2136
2132
2139
2145
2137
2144
2137
2144
2132
2142
2140
2136
2128
2134
2133
2144
2140
2139
2128
2123
2133
2129
2135
2132
2134
2135
2124
2130
2124
2137
2139
2143
2141
2136
2148
2132
2143
2138
2141
2146
2144
2145
2141
2135
2129
2130
2128
2128
2138
2132
2142
2142
2147
2145
2139
2141
2133
2142
2129
2134
2138
2127
2127
2123
2121
2125
2135
2135
2136
2135
2124
2137
2132
2132
2136
2128
2139
2132
2156
2153
2145
2151
2143
2135
2127
2138
2131
2143
2133
2152
2143
2139
2134
2132
2127
2115
2128
2130
2132
2128
2135
2136
2141
2133
2132
2126
2125
2129
2123
2129
2114
2119
2103
2114
2096
2092
2115
2124
2127
2128
2113
2118
2117
2124
2132
2142
2146
2153
2153
2143
2136
2119
2121
2138
2134
2135
2128
2116
2118
2120
2127
2117
2132
2123
2126
2110
2131
2116
2117
2116
2113
2122
2118
2134
2122
2124
2118
2118
2113
2119
2130
2137
2139
2136
2145
2132
2137
2126
2130
2117
2126
2124
2121
2124
2122
2138
2133
2142
2145
2144
2148
2148
2138
2124
2139
2131
2146
2133
2138
2107
2111
2098
2100
2115
2096
2107
2091
2083
2081
2078
2083
2102
2070
2141
2126
2124
2135
2131
2139
2148
2144
2156
2146
2158
2138
2137
2139
2148
2155
2149
2158
2143
2144
2142
2155
2131
2167
2133
2148
2128
2131
2117
2125
2138
2129
2128
2120
2133
2130
2139
2124
2151
2134
2146
2142
2154
2157
2159
2160
2148
2139
2144
2137
2154
2125
2119
2117
2120
2103
2098
2098
2062
2083
2128
2123
2162
2116
2167
2168
2191
2181
2165
2156
2153
2154
2159
2148
2164
2173
2169
2162
2172
2175
2187
2176
2166
2175
2173
2189
2187
2199
2212
2196
2191
2159
2150
2160
2147
2156
2162
2173
2168
2155
2126
2116
2123
2118
2107
2101
2109
2093
2102
2101
2112
2112
2114
2104
2103
2084
2075
2078
2085
2091
2102
2099
2112
2112
2082
2102
2093
2110
2107
2108
2106
2101
2099
2095
2099
2092
2088
2095
2087
2091
2097
2087
2097
2087
2089
2067
2096
2074
2100
2093
2138
2133
2145
2138
2137
2154
2138
2161
2171
2165
2171
2136
2172
2173
2151
2174
2133
2134
2118
2122
2105
2106
2105
2067
2088
2102
2117
2101
2115
2133
2130
2127
2126
2118
2123
2140
2132
2135
2145
2144
2129
2135
2128
2139
2128
2131
2128
2135
2123
2101
2120
2120
2107
2111
2107
2113
2101
2108
2106
2100
2104
2093
2084
2075
2079
2091
2102
2117
2116
2119
2117
2103
2109
2082
2087
2071
2036
2043
2044
2056
2075
2070
2091
2099
2096
2088
2101
2111
2110
2113
2103
2114
2103
2112
2110
2130
2115
2117
2104
2108
2106
2109
2104
2122
2109
2107
2106
2111
2106
2106
2107
2109
2116
2127
2141
2125
2138
2147
2144
2150
2150
2118
2108
2098
2100
2059
2082
2095
2100
2123
2099
2112
2123
2096
2113
2114
2121
2116
2128
2120
2124
2108
2111
2122
2116
2127
2107
2102
2092
2089
2083
2091
2083
2091
2083
2092
2091
2082
2085
2106
2102
2113
2118
2103
2114
2119
2121
2148
2140
2124
2122
2124
2131
2120
2144
2128
2129
2111
2110
2074
2090
2087
2099
2107
2111
2107
2110
2126
2128
2119
2134
2128
2124
2131
2133
2114
2139
2122
2126
2140
2127
2139
2139
2138
2146
2132
2137
2130
2117
2124
2124
2132
2122
2125
2106
2098
2116
2126
2112
2102
2107
2104
2114
2114
2104
2113
2105
2088
2087
2093
2117
2154
2121
2155
2155
2160
2157
2159
2164
2152
2157
2153
2161
2176
2162
2156
2154
2152
2167
2145
2152
2132
2127
2113
2121
2107
2109
2098
2103
2118
2112
2117
2104
2124
2110
2127
2130
2148
2141
2137
2124
2116
2119
2105
2106
2093
2077
2077
2063
2041
2050
2056
2077
2105
2103
2100
2122
2128
2113
2125
2108
2116
2115
2120
2125
2120
2113
2117
2123
2122
2129
2126
2153
2138
2129
2145
2127
2136
2134
2097
2136
2113
2102
2119
2104
2099
2097
2114
2125
2135
2127
2098
2093
2103
2108
2100
2088
2096
2094
2085
2093
2087
2103
2084
2069
2070
2079
2094
2104
2104
2106
2135
2131
2129
2138
2142
2139
2145
2136
2142
2146
2141
2134
2139
2139
2130
2117
2125
2121
2119
2108
2108
2105
2113
2101
2111
2103
2109
2120
2126
2092
2122
2138
2121
2116
2104
2098
2089
2106
2104
2095
2099
2111
2080
2061
2058
2107
2092
2118
2123
2139
2109
2138
2122
2109
2129
2112
2131
2130
2130
2112
2134
2113
2130
2129
2119
2117
2136
2112
2124
2120
2119
2110
2128
2105
2120
2108
2112
2109
2117
2112
2108
2102
2121
2132
2140
2139
2121
2132
2133
2134
2153
2131
2106
2113
2102
2085
2067
2070
2083
2094
2154
2116
2128
2124
2132
2129
2142
2117
2139
2151
2155
2136
2136
2140
2131
2127
2146
2134
2132
2146
2134
2130
2151
2133
2121
2133
2118
2111
2116
2121
2108
2128
2114
2108
2109
2123
2113
2095
2106
2095
2092
2120
2105
2091
2115
2082
2094
2078
2065
2063
2089
2132
2109
2143
2123
2140
2139
2138
2140
2124
2122
2129
2119
2142
2128
2119
2130
2130
2122
2142
2143
2133
2134
2133
2136
2138
2125
2140
2123
2126
2119
2107
2100
2116
2098
2106
2103
2099
2095
2107
2109
2124
2132
2127
2111
2127
2125
2126
2133
2120
2108
2106
2112
2113
2112
2097
2082
2084
2090
2101
2107
2125
2105
2132
2149
2134
2130
2134
2127
2123
2124
2138
2127
2146
2153
2144
2140
2142
2130
2127
2122
2119
2107
2093
2112
2098
2104
2095
2104
2100
2110
2110
2111
2105
2135
2133
2134
2129
2126
2136
2131
2140
2140
2126
2123
2112
2121
2101
2074
2059
2077
2132
2140
2139
2130
2142
2132
2141
2134
2128
2132
2127
2123
2126
2149
2140
2139
2145
2136
2128
2129
2140
2117
2105
2112
2118
2121
2115
2085
2107
2091
2127
2099
2095
2091
2088
2102
2099
2095
2104
2087
2082
2074
2112
2114
2130
2117
2114
2132
2138
2147
2134
2147
2137
2143
2139
2149
2146
2152
2143
2141
2148
2139
2142
2133
2127
2118
2113
2097
2105
2093
2104
2094
2089
2081
2088
2082
2098
2113
2120
2127
2132
2120
2124
2140
2139
2134
2131
2114
2110
2091
2070
2038
2052
2084
2106
2113
2107
2112
2125
2116
2127
2123
2124
2130
2120
2126
2135
2126
2135
2144
2131
2143
2129
2138
2125
2114
2110
2106
2106
2103
2104
2098
2101
2113
2160
2141
2115
2093
2112
2111
2119
2101
2090
2083
2072
2052
2084
2111
2130
2133
2122
2156
2165
2162
2159
2162
2142
2143
2139
2139
2144
2146
2143
2147
2130
2151
2136
2129
2138
2121
2116
2108
2095
2078
2085
2087
2089
2096
2097
2110
2113
2119
2115
2109
2110
2122
2113
2115
2099
2097
2095
2096
2094
2086
2055
2077
2090
2113
2118
2101
2095
2110
2118
2119
2128
2129
2134
2139
2138
2137
2147
2149
2153
2176
2152
2186
2161
2154
2147
2156
2128
2139
2132
2128
2127
2115
2129
2124
2137
2133
2109
2091
2089
2094
2107
2087
2094
2092
2088
2076
2057
2091
2120
2133
2126
2146
2153
2147
2151
2149
2150
2157
2141
2155
2152
2154
2157
2153
2153
2158
2155
2166
2146
2142
2127
2111
2130
2064
2033
2033
2041
2080
2091
2102
2122
2181
2157
2128
2138
2121
2118
2114
2122
2117
2103
2059
2094
2126
2162
2112
2154
2143
2161
2135
2142
2143
2151
2142
2152
2158
2140
2155
2156
2141
2159
2149
2152
2139
2133
2146
2131
2121
2123
2115
2117
2112
2118
2118
2136
2131
2163
2162
2127
2164
2144
2112
2102
2100
2108
2101
2093
2064
2047
2056
2084
2112
2102
2127
2140
2146
2132
2147
2136
2121
2159
2149
2145
2130
2151
2132
2143
2128
2151
2152
2148
2128
2118
2119
2106
2120
2111
2112
2139
2138
2096
2111
2085
2092
2089
2101
2102
2085
2089
2068
2071
2050
2073
2071
2108
2078
2117
2111
2136
2118
2138
2127
2122
2127
2134
2141
2141
2130
2142
2129
2142
2120
2138
2120
2127
2125
2119
2120
2110
2111
2104
2094
2097
2096
2094
2107
2079
2110
2106
2064
2094
2090
2113
2098
2086
2089
2081
2071
2059
2049
2069
2089
2115
2086
2128
2137
2132
2143
2133
2137
2144
2147
2139
2141
2138
2148
2153
2171
2185
2126
2118
2099
2048
2062
2049
2059
2090
2129
2141
2198
2147
2110
2101
2092
2074
2101
2098
2116
2112
2113
2103
2071
2076
2082
2113
2118
2101
2141
2128
2143
2139
2143
2131
2145
2149
2143
2148
2146
2153
2151
2148
2164
2154
2142
2132
2130
2127
2107
2108
2099
2096
2108
2107
2124
2124
2129
2094
2102
2130
2139
2141
2096
2104
2086
2076
2067
2088
2105
2126
2136
2106
2134
2134
2142
2139
2141
2147
2141
2156
2147
2147
2142
2159
2147
2157
2152
2155
2139
2137
2110
2116
2087
2097
2096
2107
2099
2103
2106
2107
2124
2147
2145
2109
2127
2127
2138
2134
2137
2122
2102
2092
2060
2066
2091
2136
2133
2122
2140
2140
2135
2137
2133
2148
2126
2140
2140
2141
2146
2148
2157
2160
2153
2142
2151
2144
2128
2129
2121
2126
2115
2099
2090
2118
2109
2134
2108
2093
2104
2139
2147
2108
2101
2103
2091
2068
2084
2105
2124
2134
2123
2139
2140
2138
2144
2120
2154
2138
2138
2175
2149
2161
2146
2176
2152
2169
2163
2153
2136
2120
2123
2110
2094
2094
2098
2116
2114
2144
2140
2147
2114
2125
2140
2133
2134
2110
2127
2108
2078
2081
2082
2133
2132
2124
2124
2123
2123
2117
2120
2118
2115
2120
2121
2120
2110
2120
2120
2125
2121
2122
2100
2122
2104
2113
2102
2094
2097
2079
2088
2077
2099
2099
2083
2069
2083
2098
2074
2071
2079
2070
2063
2051
2070
2081
2091
2114
2115
2126
2115
2120
2106
2127
2114
2110
2119
2126
2120
2127
2133
2132
2127
2122
2129
2114
2112
2094
2100
2077
2089
2078
2068
2085
2078
2093
2107
2128
2146
2119
2135
2126
2129
2135
2141
2127
2111
2087
2073
2074
2114
2115
2137
2105
2129
2116
2122
2116
2143
2124
2135
2126
2124
2135
2134
2147
2143
2149
2142
2142
2138
2136
2125
2124
2104
2120
2111
2102
2108
2105
2101
2110
2107
2115
2132
2130
2105
2100
2115
2111
2127
2100
2087
2074
2041
2074
2093
2128
2134
2145
2128
2143
2153
2144
2142
2158
2141
2130
2153
2143
2155
2132
2144
2144
2155
2146
2140
2155
2141
2134
2127
2125
2113
2102
2104
2106
2106
2100
2104
2094
2114
2126
2138
2158
2134
2126
2146
2141
2131
2126
2114
2113
2065
2076
2109
2135
2151
2137
2153
2148
2153
2152
2159
2145
2146
2148
2130
2148
2171
2125
2190
2152
2187
2169
2162
2168
2189
2162
2153
2136
2151
2127
2123
2110
2111
2135
2125
2153
2107
2127
2144
2147
2126
2105
2106
2078
2072
2106
2129
2141
2134
2154
2150
2165
2155
2141
2145
2142
2148
2136
2129
2148
2142
2134
2153
2148
2141
2131
2140
2113
2105
2114
2098
2090
2084
2092
2081
2090
2113
2095
2158
2090
2134
2123
2117
2124
2103
2129
2135
2132
2148
2103
2055
2150
2100
2114
2095
2111
2093
2119
2098
2094
2088
2093
2100
2107
2104
2120
2118
2115
2109
2129
2117
2099
2119
2115
2109
2087
2093
2132
2119
2112
2106
2094
2101
2107
2097
2072
2088
2070
2082
2086
2087
2093
2106
2108
2118
2102
2103
2089
2033
2043
2088
2147
2133
2137
2157
2143
2159
2148
2140
2146
2161
2126
2138
2126
2133
2123
2142
2155
2166
2129
2155
2143
2128
2098
2115
2094
2103
2123
2119
2119
2115
2122
2116
2108
2109
2098
2110
2109
2101
2103
2104
2100
2090
2068
2016
2045
2064
2034
2018
2027
2057
2069
2109
2127
2128
2140
2157
2149
2154
2149
2157
2146
2137
2150
2141
2141
2147
2143
2159
2151
2157
2149
2145
2135
2122
2122
2119
2109
2116
2111
2133
2127
2166
2149
2128
2109
2147
2132
2143
2124
2116
2130
2118
2121
2109
2105
2082
2036
2038
2064
2110
2123
2122
2122
2141
2141
2153
2138
2155
2148
2159
2165
2170
2175
2179
2161
2173
2160
2159
2153
2141
2129
2135
2124
2143
2135
2136
2139
2160
2165
2151
2100
2089
2115
2120
2142
2102
2110
2100
2111
2117
2106
2119
2137
2151
2142
2138
2158
2145
2145
2155
2140
2148
2139
2145
2138
2142
2153
2154
2158
2153
2171
2161
2168
2153
2151
2136
2132
2127
2121
2071
2069
2094
2102
2139
2170
2126
2106
2112
2082
2095
2080
2089
2080
2077
2072
2058
2075
2099
2130
2137
2160
2173
2164
2158
2162
2152
2145
2156
2150
2153
2146
2139
2154
2148
2133
2136
2131
2131
2131
2125
2114
2096
2097
2096
2094
2103
2091
2102
2107
2100
2111
2106
2127
2126
2153
2151
2178
2121
2132
2134
2137
2141
2121
2120
2104
2082
2023
2060
2101
2125
2129
2111
2134
2138
2136
2148
2162
2160
2149
2166
2150
2153
2148
2147
2159
2152
2142
2144
2146
2143
2129
2105
2098
2104
2087
2091
2089
2098
2154
2110
2107
2159
2126
2110
2066
2084
2047
2046
2075
2114
2141
2124
2145
2147
2147
2146
2141
2142
2140
2131
2141
2137
2152
2144
2147
2151
2153
2156
2143
2153
2130
2119
2107
2117
2106
2119
2102
2100
2089
2106
2114
2139
2122
2132
2132
2127
2113
2096
2088
2061
2065
2080
2114
2129
2124
2137
2132
2134
2132
2130
2138
2136
2137
2126
2137
2143
2138
2143
2151
2154
2136
2136
2121
2120
2112
2128
2114
2111
2095
2084
2091
2088
2098
2109
2120
2093
2107
2129
2113
2093
2079
2058
2040
2062
2098
2126
2145
2138
2142
2153
2151
2141
2122
2136
2128
2144
2138
2145
2146
2142
2155
2144
2152
2149
2149
2128
2122
2102
2106
2106
2108
2114
2121
2116
2124
2121
2153
2175
2204
2175
2143
2174
2146
2159
2090
2024
2008
2071
2112
2136
2121
2151
2141
2136
2137
2147
2146
2157
2143
2151
2153
2148
2150
2161
2149
2145
2158
2140
2156
2134
2127
2123
2110
2117
2109
2102
2113
2104
2117
2106
2140
2144
2130
2106
2106
2129
2126
2146
2110
2118
2103
2090
2038
2030
2070
2081
2113
2131
2117
2132
2136
2153
2145
2135
2136
2130
2137
2130
2149
2156
2152
2156
2145
2151
2157
2167
2146
2073
2043
2054
2135
2190
2134
2104
2068
2068
2084
2076
2086
2073
2077
2064
2037
2051
2078
2102
2113
2137
2143
2134
2145
2137
2138
2146
2129
2153
2151
2157
2155
2154
2153
2152
2146
2137
2129
2136
2117
2102
2102
2096
2070
2100
2138
2097
2064
2094
2088
2076
2056
2042
2042
2003
1998
2034
2084
2108
2104
2143
2143
2153
2139
2167
2151
2156
2156
2146
2156
2160
2162
2159
2163
2159
2156
2156
2142
2130
2120
2104
2086
2095
2090
2089
2087
2102
2094
2113
2108
2127
2124
2155
2198
2205
2185
2234
2265
2259
2282
2255
2280
2254
2230
2243
2302
2334
2351
2326
2359
2362
2361
2342
2338
2313
2299
2276
2263
2237
2181
2155
2142
2123
2123
2101
2095
2089
2085
2065
2061
2059
2050
2053
2051
2051
2039
2038
2043
2045
2069
2065
2113
2079
2057
2072
2074
2081
2038
2040
2050
2038
1990
2008
2029
2049
2068
2076
2057
2065
2085
2082
2079
2083
2084
2083
2082
2087
2094
2089
2094
2100
2088
2092
2082
2087
2079
2079
2060
2062
2050
2039
2036
2038
2035
2037
2047
2043
2046
2053
2061
2069
2091
2104
2112
2122
2101
2101
2104
2089
2095
2090
2076
2094
2092
2096
2083
2072
2022
1977
2019
2062
2094
2102
2067
2095
2116
2124
2134
2134
2142
2139
2130
2126
2118
2126
2121
2135
2125
2117
2112
2117
2111
2092
2090
2087
2093
2095
2107
2102
2158
2102
2089
2096
2099
2077
2074
2070
2083
2080
2086
2085
2083
2096
2106
2123
2129
2108
2124
2133
2135
2140
2138
2135
2138
2142
2138
2151
2143
2152
2148
2151
2149
2148
2153
2143
2129
2118
2119
2128
2123
2128
2115
2131
2132
2133
2114
2104
2093
2101
2102
2119
2112
2124
2104
2090
2073
2116
2134
2132
2130
2142
2156
2142
2155
2158
2156
2151
2157
2142
2152
2149
2143
2149
2136
2141
2129
2123
2125
2121
2129
2123
2120
2135
2128
2159
2179
2216
2164
2167
2149
2136
2144
2139
2122
2109
2095
2078
2102
2108
2112
2111
2096
2101
2086
2101
2095
2112
2123
2143
2138
2140
2142
2149
2143
2147
2150
2162
2142
2152
2153
2146
2149
2140
2149
2146
2150
2139
2145
2129
2131
2131
2129
2141
2134
2133
2114
2117
2127
2111
2130
2111
2131
2138
2193
2138
2136
2123
2137
2140
2143
2147
2129
2115
2105
2098
2085
2085
2082
2068
2073
2085
2094
2092
2090
2067
2051
2086
2119
2140
2134
2135
2132
2130
2129
2130
2130
2133
2126
2119
2124
2131
2129
2114
2124
2116
2115
2116
2105
2118
2097
2105
2096
2101
2112
2112
2116
2116
2105
2126
2120
2122
2133
2149
2167
2173
2156
2165
2180
2130
2125
2103
2132
2103
2105
2094
2080
2043
2009
2020
2088
2119
2145
2112
2131
2164
2165
2176
2183
2176
2179
2169
2164
2149
2139
2142
2135
2145
2134
2146
2141
2161
2127
2124
2116
2113
2123
2106
2106
2127
2165
2153
2125
2119
2110
2076
2078
2085
2103
2107
2112
2113
2115
2118
2101
2094
2095
2112
2103
2101
2113
2121
2120
2118
2115
2123
2114
2113
2120
2126
2144
2138
2143
2137
2140
2132
2139
2138
2140
2128
2122
2122
2129
2123
2111
2122
2112
2115
2145
2132
2150
2149
2140
2118
2088
2077
2064
2045
2044
2051
2070
2058
2059
2024
1999
2005
2092
2126
2147
2159
2156
2162
2160
2167
2172
2176
2167
2168
2162
2159
2169
2159
2150
2133
2144
2123
2146
2135
2143
2136
2123
2139
2130
2139
2133
2141
2148
2142
2134
2126
2128
2114
2100
2105
2123
2123
2120
2120
2124
2116
2121
2107
2112
2114
2088
2088
2087
2107
2114
2102
2133
2136
2132
2135
2133
2138
2138
2134
2132
2148
2138
2143
2146
2150
2148
2151
2141
2143
2138
2133
2133
2129
2120
2124
2123
2122
2117
2109
2113
2114
2132
2130
2143
2142
2122
2118
2135
2139
2148
2136
2123
2132
2134
2124
2136
2106
2109
2116
2114
2127
2125
2135
2107
2146
2140
2133
2143
2137
2140
2140
2144
2148
2149
2151
2149
2147
2147
2141
2142
2134
2132
2132
2121
2126
2118
2123
2128
2127
2129
2119
2121
2109
2130
2126
2129
2109
2120
2119
2129
2119
2123
2108
2107
2094
2097
2087
2094
2105
2121
2126
2118
2124
2125
2129
2131
2129
2138
2130
2126
2138
2131
2129
2149
2138
2133
2130
2140
2132
2139
2147
2151
2126
2098
2106
2111
2114
2125
2121
2124
2143
2157
2125
2126
2115
2089
2089
2087
2097
2110
2117
2113
2099
2096
2082
2072
2091
2105
2121
2113
2139
2145
2147
2146
2155
2152
2149
2155
2152
2159
2163
2158
2156
2154
2151
2155
2147
2147
2135
2135
2130
2126
2122
2121
2122
2122
2119
2138
2134
2138
2132
2140
2121
2106
2098
2117
2127
2129
2123
2122
2139
2128
2138
2125
2127
2096
2086
2083
2094
2107
2102
2098
2134
2141
2139
2132
2133
2129
2129
2135
2128
2133
2137
2136
2139
2140
2138
2141
2140
2138
2130
2132
2136
2114
2114
2115
2101
2109
2104
2101
2115
2110
2132
2117
2126
2109
2117
2123
2137
2143
2126
2113
2116
2083
2085
2111
2118
2154
2129
2132
2151
2153
2155
2146
2155
2147
2145
2150
2152
2156
2150
2147
2155
2143
2154
2147
2148
2147
2138
2130
2116
2112
2106
2100
2114
2102
2110
2111
2120
2119
2125
2135
2135
2150
2126
2112
2134
2122
2146
2140
2123
2133
2128
2124
2123
2106
2095
2096
2116
2116
2136
2126
2115
2133
2125
2139
2127
2143
2134
2129
2132
2124
2127
2132
2140
2139
2135
2135
2132
2125
2136
2122
2136
2111
2115
2112
2110
2115
2109
2118
2108
2099
2113
2116
2128
2124
2129
2117
2106
2129
2126
2139
2120
2111
2111
2112
2113
2099
2090
2072
2102
2103
2109
2109
2121
2112
2117
2138
2130
2132
2124
2127
2129
2120
2138
2131
2132
2131
2144
2150
2146
2146
2152
2142
2130
2122
2117
2111
2113
2124
2119
2122
2122
2117
2132
2116
2117
2104
2112
2112
2113
2115
2104
2108
2093
2105
2109
2107
2102
2083
2086
2109
2119
2113
2115
2128
2139
2136
2135
2135
2129
2136
2133
2133
2140
2138
2139
2127
2142
2130
2133
2130
2129
2133
2130
2136
2136
2130
2124
2123
2122
2115
2118
2114
2111
2111
2113
2111
2125
2132
2128
2130
2115
2115
2113
2117
2111
2100
2109
2105
2117
2089
2070
2062
2083
2096
2108
2104
2109
2097
2126
2128
2126
2123
2136
2124
2137
2126
2135
2136
2135
2147
2134
2137
2127
2137
2132
2128
2120
2123
2117
2116
2115
2103
2105
2109
2090
2106
2096
2105
2104
2118
2129
2134
2119
2126
2137
2137
2135
2131
2123
2117
2116
2106
2107
2076
2075
2096
2112
2120
2111
2115
2123
2134
2130
2138
2129
2133
2131
2130
2133
2138
2138
2141
2142
2140
2148
2148
2137
2140
2136
2136
2133
2135
2127
2127
2123
2124
2123
2113
2125
2131
2127
2116
2097
2103
2119
2132
2109
2114
2108
2104
2090
2071
2088
2111
2134
2143
2132
2153
2150
2148
2142
2150
2143
2138
2140
2142
2139
2139
2150
2144
2152
2147
2153
2152
2129
2102
2115
2089
2096
2103
2108
2126
2136
2141
2116
2087
2096
2089
2097
2099
2107
2098
2109
2098
2100
2096
2092
2106
2111
2116
2093
2124
2127
2127
2128
2128
2124
2134
2127
2133
2131
2137
2139
2140
2136
2134
2133
2139
2136
2136
2129
2123
2107
2119
2118
2116
2121
2139
2139
2134
2138
2129
2145
2119
2113
2123
2123
2096
2077
2089
2101
2105
2107
2099
2081
2073
2064
2079
2114
2098
2129
2135
2139
2140
2136
2144
2136
2146
2145
2147
2154
2159
2160
2158
2154
2158
2151
2143
2137
2143
2141
2130
2131
2129
2129
2144
2142
2138
2147
2136
2145
2147
2137
2126
2138
2142
2148
2145
2165
2151
2149
2123
2133
2129
2117
2104
2100
2091
2092
2091
2094
2088
2094
2088
2099
2094
2096
2096
2098
2082
2065
2052
2073
2082
2099
2126
2146
2182
2167
2198
2177
2194
2189
2188
2206
2202
2191
2184
2187
2183
2176
2168
2162
2161
2163
2160
2172
2174
2166
2166
2144
2150
2123
2134
2127
2121
2125
2129
2107
2092
2074
2069
2055
2045
2016
2028
2032
2042
2038
2017
2041
2035
2090
2096
2099
2102
2108
2119
2110
2116
2103
2106
2108
2122
2124
2121
2117
2122
2128
2116
2116
2118
2121
2127
2120
2129
2108
2125
2121
2136
2139
2140
2204
2164
2142
2111
2073
2046
1999
2046
2069
2082
2081
2061
2033
2078
2095
2101
2128
2140
2151
2137
2143
2117
2107
2378
2109
2151
2071
2097
2087
2115
2115
2138
2119
2110
2105
2100
2102
2104
2109
2118
2125
2124
2134
2131
2130
2111
2120
2117
2121
2116
2101
2085
2082
2087
2077
2112
2092
2091
2087
2071
2067
2044
2067
2065
2117
2133
2130
2142
2138
2144
2134
2149
2153
2160
2150
2156
2145
2171
2144
2167
2144
2160
2152
2155
2146
2143
2135
2134
2128
2146
2139
2150
2148
2175
2198
2144
2137
2109
2107
2092
2113
2110
2107
2131
2126
2123
2101
2050
2026
2057
2088
2091
2095
2122
2128
2149
2138
2149
2148
2153
2152
2155
2146
2150
2145
2146
2135
2129
2130
2125
2133
2112
2117
2110
2116
2112
2106
2113
2102
2103
2111
2118
2112
2116
2106
2090
2088
2086
2098
2095
2090
2082
2084
2071
2063
2040
2063
2130
2111
2132
2118
2125
2121
2122
2132
2121
2131
2115
2123
2124
2126
2126
2128
2120
2129
2134
2138
2128
2127
2136
2109
2084
2083
2059
2041
2072
2091
2088
2089
2079
2082
2099
2088
2115
2124
2106
2111
2120
2107
2114
2117
2127
2135
2143
2131
2098
2050
2034
2067
2090
2101
2088
2098
2100
2101
2102
2102
2116
2114
2117
2122
2115
2125
2121
2123
2127
2117
2127
2115
2115
2116
2112
2098
2096
2090
2091
2090
2078
2085
2091
2092
2095
2091
2069
2072
2086
2096
2121
2095
2091
2083
2078
2046
2026
2051
2092
2109
2138
2111
2154
2142
2141
2149
2139
2135
2149
2149
2138
2143
2133
2131
2138
2134
2133
2132
2139
2130
2134
2124
2117
2115
2109
2109
2107
2099
2100
2090
2106
2101
2117
2119
2136
2116
2125
2134
2123
2124
2117
2115
2104
2101
2071
2056
2061
2090
2120
2129
2109
2132
2137
2127
2137
2135
2132
2135
2148
2138
2153
2153
2154
2154
2156
2155
2163
2165
2165
2154
2147
2138
2118
2114
2101
2114
2111
2121
2120
2126
2083
2075
2089
2111
2090
2084
2095
2087
2082
2047
2054
2079
2103
2128
2113
2116
2145
2141
2149
2140
2146
2149
2147
2149
2154
2159
2157
2161
2160
2156
2153
2148
2152
2149
2133
2133
2121
2131
2133
2131
2150
2148
2166
2147
2130
2134
2136
2097
2035
2064
2077
2087
2092
2089
2079
2064
2074
2096
2106
2117
2134
2140
2144
2147
2147
2148
2130
2142
2132
2144
2142
2133
2154
2145
2148
2146
2145
2129
2124
2112
2107
2116
2107
2109
2117
2131
2130
2115
2118
2121
2125
2138
2127
2108
2088
2088
2095
2104
2103
2078
2075
2075
2071
2053
2053
2071
2111
2139
2128
2163
2171
2183
2169
2181
2170
2185
2172
2167
2166
2155
2161
2162
2161
2160
2145
2163
2146
2147
2144
2144
2145
2153
2137
2141
2151
2139
2130
2142
2139
2130
2133
2139
2161
2142
2125
2129
2134
2130
2137
2116
2120
2111
2113
2124
2132
2110
2091
2083
2102
2117
2126
2116
2138
2139
2156
2151
2160
2153
2147
2145
2149
2143
2139
2137
2136
2142
2134
2143
2127
2121
2115
2123
2119
2123
2105
2109
2113
2115
2106
2118
2122
2128
2130
2133
2098
2083
2083
2074
2094
2080
2086
2074
2084
2062
2057
2049
2070
2100
2101
2104
2131
2132
2134
2143
2143
2145
2141
2145
2146
2146
2157
2147
2158
2149
2153
2160
2151
2141
2133
2131
2120
2127
2118
2121
2129
2138
2142
2157
2153
2156
2140
2124
2117
2097
2094
2088
2103
2122
2131
2132
2126
2120
2085
2125
2127
2161
2145
2148
2154
2161
2158
2155
2153
2151
2159
2142
2166
2165
2173
2175
2173
2169
2168
2174
2170
2162
2155
2142
2146
2143
2139
2140
2129
2124
2137
2138
2147
2150
2122
2093
2097
2107
2100
2118
2115
2095
2132
2089
2124
2118
2148
2197
2158
2186
2187
2181
2174
2183
2164
2160
2170
2153
2172
2160
2163
2168
2153
2159
2164
2148
2167
2137
2149
2120
2121
2151
2140
2152
2154
2156
2153
2155
2166
2162
2167
2147
2119
2122
2118
2117
2146
2134
2132
2115
2107
2096
2097
2104
2094
2095
2082
2082
2113
2129
2093
2125
2115
2110
2099
2108
2105
2119
2100
2098
2113
2112
2119
2114
2111
2115
2115
2110
2108
2102
2096
2089
2085
2083
2092
2089
2093
2099
2102
2101
2100
2093
2097
2111
2111
2085
2085
2093
2098
2106
2115
2115
2096
2102
2090
2093
2072
2043
2063
2076
2096
2099
2085
2086
2102
2120
2112
2117
2116
2117
2123
2119
2126
2120
2116
2116
2115
2114
2123
2126
2127
2134
2122
2116
2118
2106
2100
2098
2095
2101
2106
2109
2116
2118
2132
2149
2145
2151
2129
2132
2115
2091
2078
2072
2066
2075
2082
2081
2088
2085
2081
2094
2084
2062
2021
2020
2061
2094
2099
2098
2113
2117
2134
2134
2140
2130
2133
2149
2157
2155
2138
2128
2132
2140
2132
2142
2149
2141
2135
2123
2119
2122
2115
2113
2116
2122
2135
2144
2153
2153
2120
2117
2122
2108
2084
2076
2081
2091
2100
2114
2118
2104
2089
2093
2114
2135
2126
2136
2136
2131
2145
2147
2146
2145
2147
2146
2150
2140
2140
2141
2149
2140
2136
2134
2128
2123
2124
2121
2117
2109
2106
2105
2105
2108
2106
2102
2106
2109
2103
2108
2111
2114
2124
2128
2154
2155
2164
2140
2147
2159
2146
2142
2143
2127
2129
2122
2126
2126
2127
2107
2075
2061
2076
2089
2104
2112
2097
2113
2125
2130
2132
2138
2141
2136
2135
2136
2133
2135
2140
2141
2138
2127
2127
2117
2135
2124
2125
2120
2132
2127
2115
2126
2121
2128
2120
2129
2125
2126
2120
2122
2120
2124
2121
2106
2096
2114
2130
2155
2145
2135
2133
2130
2115
2117
2094
2071
2071
2092
2112
2128
2125
2131
2150
2149
2143
2152
2151
2157
2149
2151
2154
2166
2169
2159
2159
2155
2149
2153
2134
2127
2122
2078
2064
2064
2080
2095
2134
2165
2137
2128
2128
2126
2132
2122
2117
2115
2129
2128
2120
2112
2110
2127
2139
2119
2142
2146
2149
2146
2151
2161
2166
2167
2155
2159
2151
2146
2152
2146
2154
2146
2138
2132
2144
2135
2127
2121
2108
2102
2096
2100
2095
2106
2106
2116
2132
2123
2146
2136
2107
2122
2139
2157
2103
2107
2100
2076
2068
2067
2092
2108
2107
2102
2140
2142
2147
2146
2144
2152
2138
2143
2137
2136
2136
2127
2130
2130
2136
2141
2140
2139
2133
2128
2130
2130
2135
2135
2132
2135
2146
2148
2152
2141
2139
2137
2159
2177
2158
2126
2123
2148
2133
2143
2116
2106
2102
2116
2112
2105
2081
2094
2108
2132
2140
2134
2153
2158
2164
2157
2153
2156
2155
2156
2147
2149
2154
2154
2156
2148
2147
2140
2137
2128
2123
2112
2123
2117
2122
2111
2104
2099
2100
2100
2106
2097
2107
2124
2130
2142
2122
2114
2105
2141
2146
2138
2122
2116
2117
2107
2072
2085
2098
2126
2138
2150
2139
2166
2165
2177
2172
2175
2171
2170
2170
2164
2164
2176
2166
2164
2160
2153
2147
2140
2139
2131
2122
2112
2100
2107
2106
2108
2103
2097
2106
2107
2129
2137
2165
2164
2147
2146
2135
2134
2123
2134
2105
2097
2092
2080
2080
2052
2043
2079
2095
2123
2102
2140
2119
2129
2131
2137
2141
2143
2151
2145
2143
2142
2149
2151
2154
2153
2153
2160
2160
2163
2138
2132
2129
2126
2122
2123
2115
2112
2106
2101
2090
2096
2091
2094
2104
2104
2103
2102
2133
2144
2110
2088
2112
2109
2116
2118
2106
2098
2100
2110
2095
2095
2101
2114
2136
2151
2176
2163
2164
2163
2153
2158
2151
2156
2163
2156
2153
2146
2144
2152
2154
2156
2146
2147
2148
2147
2153
2147
2148
2147
2139
2139
2140
2136
2136
2127
2123
2119
2123
2125
2116
2123
2122
2126
2134
2117
2130
2135
2139
2132
2121
2123
2123
2125
2118
2119
2104
2084
2082
2096
2124
2138
2121
2132
2127
2134
2130
2123
2129
2126
2135
2129
2126
2129
2126
2131
2128
2135
2119
2112
2110
2097
2105
2111
2109
2106
2091
2097
2103
2124
2125
2148
2141
2137
2141
2147
2152
2135
2123
2121
2131
2124
2132
2130
2106
2109
2106
2095
2086
2085
2094
2109
2111
2125
2129
2110
2121
2122
2130
2125
2135
2133
2113
2117
2120
2124
2137
2148
2144
2139
2129
2134
2143
2156
2132
2115
2085
2090
2070
2069
2091
2099
2113
2104
2106
2122
2146
2127
2123
2116
2129
2107
2104
2109
2119
2126
2127
2123
2114
2112
2105
2093
2095
2091
2108
2115
2104
2101
2132
2139
2140
2130
2125
2127
2122
2136
2151
2136
2132
2125
2124
2132
2138
2138
2141
2117
2099
2102
2114
2123
2129
2112
2096
2100
2102
2115
2117
2130
2136
2124
2128
2115
2108
2126
2116
2110
2086
2084
2106
2117
2123
2107
2104
2093
2113
2129
2143
2141
2147
2136
2131
2139
2156
2158
2157
2148
2139
2135
2142
2155
2163
2156
2146
2136
2142
2147
2142
2122
2135
2081
2064
2088
2116
2134
2120
2103
2111
2149
2173
2156
2123
2105
2106
2105
2138
2148
2140
2129
2109
2085
2097
2084
2109
2122
2116
2099
2126
2149
2165
2166
2154
2143
2127
2142
2159
2162
2164
2150
2134
2134
2142
2154
2150
2147
2113
2104
2113
2128
2139
2134
2112
2100
2090
2111
2124
2131
2115
2100
2092
2094
2109
2117
2114
2097
2097
2107
2157
2175
2158
2099
2118
2123
2157
2159
2135
2120
2106
2077
2042
2089
2115
2135
2117
2118
2132
2151
2151
2153
2137
2129
2134
2140
2151
2158
2151
2146
2133
2127
2140
2142
2144
2132
2127
2121
2121
2122
2131
2141
2126
2108
2103
2103
2115
2115
2111
2097
2097
2098
2144
2154
2146
2128
2130
2117
2128
2135
2150
2145
2127
2119
2114
2099
2089
2104
2117
2117
2125
2105
2121
2146
2143
2138
2127
2134
2133
2131
2141
2140
2137
2136
2131
2124
2120
2136
2137
2140
2125
2120
2120
2115
2139
2132
2132
2116
2107
2098
2104
2116
2120
2116
2118
2103
2120
2117
2145
2140
2119
2122
2129
2132
2142
2127
2116
2122
2121
2113
2109
2101
2098
2091
2082
2079
2090
2099
2106
2101
2123
2140
2134
2127
2123
2121
2127
2140
2139
2134
2128
2134
2138
2136
2138
2132
2139
2132
2126
2115
2112
2115
2113
2123
2113
2115
2105
2110
2119
2139
2139
2164
2154
2130
2132
2117
2093
2080
2090
2083
2085
2091
2102
2105
2082
2075
2064
2083
2097
2113
2110
2116
2121
2128
2131
2123
2121
2117
2112
2125
2127
2120
2107
2107
2114
2124
2129
2123
2113
2105
2108
2119
2120
2128
2121
2111
2114
2118
2133
2151
2131
2128
2113
2122
2146
2144
2108
2110
2115
2118
2112
2098
2089
2100
2096
2100
2106
2106
2109
2103
2104
2115
2132
2127
2134
2130
2134
2134
2123
2111
2091
2050
2021
2074
2114
2131
2138
2139
2149
2144
2151
2139
2140
2133
2135
2132
2121
2119
2122
2127
2141
2142
2138
2132
2140
2143
2150
2141
2133
2124
2134
2137
2145
2147
2145
2146
2155
2157
2167
2148
2147
2153
2157
2154
2138
2114
2096
2089
2102
2109
2109
2103
2108
2109
2127
2120
2123
2110
2105
2088
2103
2113
2096
2109
2135
2135
2149
2144
2134
2125
2134
2140
2148
2140
2131
2128
2130
2143
2139
2126
2117
2114
2118
2128
2121
2118
2108
2116
2126
2131
2128
2114
2115
2114
2125
2124
2120
2111
2129
2136
2141
2154
2137
2149
2177
2173
2159
2155
2147
2147
2152
2145
2141
2133
2113
2116
2121
2136
2131
2118
2090
2072
2083
2089
2113
2121
2136
2130
2128
2156
2153
2156
2150
2158
2159
2149
2139
2135
2134
2142
2156
2146
2136
2136
2135
2151
2155
2143
2140
2128
2138
2148
2154
2142
2130
2130
2129
2138
2149
2141
2147
2144
2172
2125
2130
2123
2101
2107
2097
2090
2086
2091
2103
2110
2118
2108
2100
2100
2082
2071
2084
2090
2117
2105
2116
2128
2129
2135
2142
2136
2148
2139
2153
2154
2156
2146
2136
2140
2141
2146
2149
2131
2122
2126
2130
2127
2128
2121
2132
2118
2122
2120
2126
2137
2157
2142
2111
2116
2104
2104
2099
2111
2116
2115
2105
2094
2095
2102
2121
2115
2102
2098
2108
2119
2138
2133
2138
2147
2158
2142
2143
2136
2148
2145
2159
2152
2146
2142
2149
2146
2154
2163
2165
2151
2145
2139
2129
2140
2137
2142
2120
2115
2111
2106
2111
2109
2117
2118
2123
2132
2134
2144
2145
2149
2150
2150
2139
2149
2146
2156
2156
2149
2147
2118
2109
2117
2118
2096
2107
2104
2121
2119
2126
2107
2144
2142
2155
2146
2146
2144
2155
2162
2173
2173
2172
2160
2155
2154
2152
2164
2153
2158
2130
2142
2127
2141
2134
2141
2140
2126
2116
2114
2116
2130
2134
2129
2127
2123
2145
2161
2145
2142
2148
2144
2154
2152
2149
2157
2179
2180
2174
2140
2146
2160
2187
2195
2192
2175
2177
2171
2173
2191
2196
2187
2181
2160
2154
2164
2164
2165
2150
2135
2125
2122
2126
2132
2128
2118
2102
2098
2089
2097
2104
2117
2118
2096
2100
2088
2091
2095
2098
2097
2082
2087
2108
2138
2140
2127
2126
2124
2112
2127
2140
2156
2146
2129
2114
2103
2098
2107
2088
2081
2081
2093
2102
2105
2119
2136
2129
2126
2121
2124
2124
2142
2134
2128
2121
2112
2116
2115
2134
2127
2134
2123
2119
2107
2122
2123
2126
2114
2108
2106
2105
2112
2118
2118
2115
2108
2109
2117
2137
2124
2117
2106
2103
2119
2138
2120
2117
2113
2106
2098
2095
2088
2103
2115
2126
2133
2137
2141
2171
2174
2179
2161
2149
2153
2165
2155
2159
2146
2138
2144
2160
2164
2162
2153
2140
2131
2122
2127
2131
2126
2115
2108
2109
2116
2133
2131
2129
2121
2117
2126
2132
2115
2133
2156
2155
2127
2121
2110
2116
2115
2111
2095
2084
2066
2083
2114
2136
2112
2133
2128
2135
2143
2149
2146
2147
2146
2142
2156
2167
2170
2171
2167
2167
2157
2146
2147
2145
2141
2142
2126
2115
2121
2121
2114
2117
2107
2091
2095
2101
2112
2102
2114
2128
2126
2111
2084
2104
2101
2116
2124
2100
2089
2091
2082
2058
2052
2059
2076
2097
2128
2122
2145
2154
2143
2139
2135
2126
2126
2134
2133
2130
2128
2119
2133
2131
2125
2130
2124
2121
2125
2126
2120
2126
2129
2119
2119
2107
2110
2113
2113
2124
2121
2137
2126
2105
2104
2091
2076
2072
2059
2066
2079
2082
2090
2086
2088
2093
2095
2102
2088
2101
2107
2113
2113
2106
2105
2113
2119
2119
2120
2120
2127
2132
2119
2123
2118
2119
2114
2119
2118
2117
2117
2108
2118
2106
2112
2111
2110
2109
2122
2115
2116
2106
2112
2109
2102
2116
2139
2129
2131
2108
2109
2106
2095
2091
2100
2101
2096
2098
2097
2101
2102
2110
2117
2105
2098
2097
2106
2123
2099
2119
2132
2126
2133
2135
2138
2145
2136
2146
2140
2136
2141
2138
2142
2135
2132
2133
2125
2125
2136
2133
2135
2131
2131
2132
2135
2132
2135
2130
2130
2131
2124
2130
2126
2139
2139
2142
2134
2133
2136
2112
2126
2117
2114
2116
2105
2103
2103
2105
2108
2104
2101
2074
2079
2095
2099
2096
2128
2126
2132
2128
2129
2125
2133
2132
2124
2129
2135
2132
2130
2131
2128
2120
2122
2114
2120
2118
2116
2119
2120
2114
2109
2110
2109
2114
2116
2110
2118
2108
2115
2115
2122
2127
2132
2122
2119
2128
2127
2126
2133
2125
2123
2121
2118
2117
2121
2123
2119
2107
2101
2109
2112
2122
2128
2116
2138
2137
2143
2140
2137
2143
2141
2142
2140
2132
2124
2119
2123
2118
2117
2111
2114
2109
2115
2109
2108
2106
2108
2104
2104
2107
2101
2105
2104
2116
2112
2114
2113
2112
2109
2113
2113
2115
2128
2134
2131
2125
2122
2124
2113
2115
2111
2111
2104
2107
2117
2122
2123
2130
2129
2117
2104
2084
2080
2093
2109
2116
2106
2113
2133
2139
2131
2130
2141
2125
2139
2126
2129
2135
2132
2134
2143
2145
2136
2138
2137
2133
2131
2123
2124
2119
2123
2123
2119
2126
2122
2124
2130
2121
2131
2146
2165
2201
2131
2146
2105
2096
2099
2093
2095
2103
2101
2108
2114
2118
2122
2125
2125
2133
2141
2139
2145
2145
2147
2145
2133
2127
2120
2107
2099
2082
2075
2081
2093
2117
2135
2116
2149
2150
2156
2151
2166
2158
2158
2155
2154
2148
2145
2144
2146
2149
2156
2145
2145
2153
2150
2123
2104
2098
2092
2103
2115
2135
2143
2171
2169
2155
2154
2157
2145
2141
2141
2135
2125
2120
2132
2119
2123
2121
2121
2111
2101
2062
2044
2050
2080
2108
2113
2109
2127
2140
2146
2156
2145
2159
2158
2168
2162
2159
2149
2159
2149
2145
2142
2130
2145
2141
2145
2130
2108
2107
2112
2114
2129
2149
2148
2135
2130
2123
2107
2099
2093
2097
2099
2112
2108
2118
2119
2111
2104
2116
2109
2097
2070
2069
2089
2107
2103
2127
2135
2133
2141
2130
2129
2129
2133
2143
2139
2148
2136
2144
2134
2134
2142
2133
2131
2127
2134
2122
2131
2119
2128
2123
2134
2137
2145
2154
2157
2141
2139
2139
2107
2091
2089
2097
2110
2115
2105
2111
2114
2108
2097
2096
2105
2109
2098
2104
2126
2124
2121
2121
2120
2128
2134
2133
2130
2131
2132
2131
2130
2140
2134
2127
2134
2128
2126
2119
2120
2116
2115
2104
2111
2097
2108
2105
2112
2105
2104
2111
2107
2112
2117
2119
2118
2118
2134
2129
2133
2105
2115
2124
2116
2123
2131
2130
2127
2128
2136
2142
2123
2096
2075
2103
2116
2130
2140
2130
2128
2147
2145
2146
2150
2148
2152
2151
2153
2148
2156
2149
2149
2145
2147
2159
2168
2156
2156
2143
2140
2129
2126
2127
2121
2122
2115
2113
2113
2115
2118
2116
2114
2120
2121
2130
2135
2155
2154
2168
2132
2144
2141
2142
2133
2127
2116
2124
2114
2110
2087
2087
2116
2144
2153
2136
2145
2157
2147
2155
2155
2146
2152
2140
2151
2153
2147
2144
2154
2157
2154
2154
2153
2145
2139
2138
2129
2128
2132
2130
2134
2126
2129
2134
2143
2151
2136
2130
2108
2108
2113
2107
2123
2121
2122
2114
2116
2113
2096
2081
2092
2111
2128
2134
2123
2163
2166
2172
2160
2178
2170
2165
2168
2183
2162
2165
2167
2156
2164
2161
2161
2159
2149
2141
2140
2139
2133
2131
2117
2137
2135
2126
2134
2135
2141
2151
2142
2130
2113
2127
2130
2123
2110
2110
2108
2116
2114
2118
2104
2115
2099
2079
2085
2096
2116
2097
2117
2121
2124
2125
2122
2130
2128
2121
2136
2130
2137
2138
2135
2140
2141
2140
2141
2134
2135
2125
2117
2117
2101
2105
2105
2106
2112
2113
2114
2119
2118
2099
2088
2103
2102
2111
2099
2096
2096
2101
2101
2094
2083
2074
2074
2080
2102
2121
2107
2134
2140
2148
2143
2142
2139
2140
2138
2142
2136
2137
2138
2134
2130
2130
2130
2122
2122
2125
2111
2114
2110
2111
2110
2110
2114
2110
2115
2107
2119
2108
2117
2126
2123
2132
2138
2141
2148
2126
2122
2127
2123
2121
2122
2117
2126
2132
2134
2125
2133
2124
2104
2108
2093
2085
2086
2095
2100
2096
2086
2088
2112
2109
2113
2115
2120
2121
2127
2127
2119
2131
2117
2123
2108
2113
2110
2113
2107
2114
2103
2099
2116
2108
2121
2105
2096
2099
2093
2088
2093
2093
2098
2088
2102
2093
2101
2100
2095
2099
2111
2107
2129
2125
2126
2110
2111
2114
2118
2121
2132
2130
2139
2111
2112
2082
2091
2092
2095
2102
2094
2106
2099
2102
2095
2097
2105
2096
2115
2110
2110
2110
2105
2095
2092
2084
2075
2056
2068
2090
2121
2122
2119
2140
2129
2155
2133
2144
2148
2145
2147
2157
2140
2166
2130
2146
2134
2140
2135
2172
2155
2136
2127
2104
2090
2105
2101
2101
2091
