2084
2078
2080
2086
2086
2082
2079
2089
2082
2090
2091
2086
2087
2085
2079
2086
2094
2091
2093
2093
2097
2096
2096
2093
2101
2107
2112
2110
2109
2105
2104
2101
2109
2102
2110
2102
2108
2112
2101
2106
2103
2116
2097
2099
2094
2103
2103
2104
2098
2097
2102
2103
2096
2103
2115
2124
2117
2129
2123
2120
2126
2124
2152
2154
2160
2155
2156
2155
2148
2147
2148
2146
2153
2151
2141
2143
2154
2145
2143
2133
2140
2141
2151
2139
2141
2136
2144
2140
2145
2129
2133
2137
2139
2137
2136
2128
2125
2123
2128
2127
2122
2122
2122
2110
2111
2115
2121
2124
2124
2116
2109
2116
2121
2105
2112
2103
2111
2107
2113
2113
2109
2103
2102
2101
2099
2106
2100
2106
2097
2098
2095
2098
2093
2090
2100
2104
2106
2104
2101
2111
2097
2110
2116
2115
2114
2108
2104
2103
2113
2098
2096
2108
2094
2101
2093
2099
2098
2097
2088
2097
2096
2095
2105
2111
2112
2106
2100
2108
2109
2114
2121
2120
2126
2120
2109
2106
2113
2109
2123
2125
2140
2126
2120
2109
2102
2105
2101
2108
2109
2114
2104
2113
2111
2116
2115
2109
2109
2109
2128
2114
2116
2101
2115
2109
2113
2104
2109
2118
2119
2113
2114
2100
2113
2106
2121
2125
2135
2148
2146
2135
2133
2141
2127
2127
2129
2131
2125
2124
2121
2124
2129
2135
2118
2134
2122
2133
2127
2145
2136
2142
2153
2153
2148
2154
2158
2155
2164
2158
2156
2142
2136
2138
2140
2144
2155
2159
2159
2152
2141
2141
2139
2146
2136
2142
2167
2158
2162
2152
2153
2156
2147
2155
2165
2155
2141
2140
2137
2148
2126
2143
2123
2123
2122
2116
2133
2106
2109
2111
2107
2112
2108
2109
2116
2066
2131
2113
2112
2130
2122
2122
2119
2132
2109
2113
2117
2107
2122
2112
2116
2125
2111
2116
2111
2112
2109
2124
2115
2114
2097
2113
2093
2109
2104
2113
2108
2105
2103
2107
2116
2123
2126
2116
2120
2101
2100
2096
2096
2100
2107
2124
2106
2101
2096
2101
2097
2079
2085
2087
2098
2079
2078
2058
2024
2057
2081
2110
2137
2091
2142
2147
2172
2165
2162
2157
2161
2157
2161
2154
2160
2151
2163
2155
2156
2154
2158
2147
2137
2135
2151
2148
2149
2143
2127
2110
2117
2098
2114
2117
2131
2137
2140
2139
2174
2151
2138
2138
2139
2132
2122
2124
2133
2124
2132
2129
2133
2131
2129
2116
2113
2101
2095
2100
2109
2117
2124
2125
2136
2143
2128
2138
2122
2139
2123
2124
2121
2127
2121
2121
2103
2091
2097
2106
2104
2105
2109
2092
2103
2092
2119
2094
2128
2104
2113
2090
2108
2102
2096
2112
2100
2116
2108
2120
2121
2131
2135
2113
2135
2113
2116
2116
2121
2120
2117
2120
2110
2106
2089
2073
2082
2112
2128
2119
2126
2146
2138
2132
2134
2133
2136
2138
2135
2124
2126
2129
2127
2141
2122
2129
2109
2111
2107
2111
2108
2110
2114
2109
2088
2096
2105
2124
2119
2121
2107
2095
2089
2086
2085
2084
2089
2083
2074
2086
2084
2090
2114
2104
2109
2095
2092
2093
2081
2088
2090
2100
2102
2094
2113
2129
2143
2130
2137
2133
2123
2131
2129
2145
2135
2128
2116
2123
2115
2133
2126
2130
2123
2113
2096
2107
2104
2096
2099
2098
2083
2086
2081
2098
2109
2121
2114
2093
2089
2098
2107
2125
2133
2113
2094
2094
2087
2050
2097
2111
2113
2129
2093
2120
2131
2121
2138
2138
2140
2126
2135
2134
2144
2136
2140
2136
2121
2133
2117
2127
2127
2128
2117
2129
2113
2110
2112
2114
2120
2109
2112
2130
2119
2124
2120
2129
2133
2132
2140
2156
2142
2132
2127
2132
2132
2117
2132
2127
2112
2112
2090
2079
2087
2103
2112
2113
2121
2112
2125
2143
2134
2132
2131
2137
2121
2141
2135
2127
2148
2132
2123
2145
2122
2134
2145
2143
2138
2129
2134
2122
2120
2125
2122
2128
2119
2120
2103
2089
2110
2120
2119
2099
2111
2113
2122
2116
2107
2108
2099
2095
2075
2082
2111
2136
2106
2145
2144
2143
2159
2152
2164
2156
2156
2142
2158
2150
2145
2148
2146
2146
2140
2139
2136
2120
2117
2117
2114
2115
2115
2105
2110
2127
2110
2119
2112
2125
2115
2126
2141
2154
2138
2153
2136
2147
2140
2127
2131
2113
2107
2101
2090
2069
2076
2085
2109
2133
2130
2121
2134
2146
2141
2136
2137
2146
2136
2138
2133
2125
2122
2132
2133
2128
2133
2123
2131
2131
2121
2128
2121
2130
2119
2109
2134
2108
2107
2114
2094
2114
2103
2124
2113
2140
2129
2108
2105
2116
2114
2104
2098
2111
2107
2105
2113
2098
2117
2096
2081
2077
2089
2095
2102
2113
2108
2131
2139
2139
2137
2147
2144
2144
2142
2159
2145
2142
2147
2140
2142
2143
2132
2132
2136
2125
2113
2120
2125
2115
2117
2119
2109
2116
2130
2133
2107
2133
2144
2138
2142
2115
2099
2104
2114
2115
2109
2103
2094
2092
2061
2069
2095
2101
2118
2122
2143
2137
2131
2136
2126
2139
2124
2151
2132
2133
2141
2126
2128
2142
2122
2137
2130
2142
2123
2141
2111
2132
2118
2124
2119
2126
2110
2123
2113
2121
2119
2121
2103
2127
2135
2136
2141
2134
2127
2131
2141
2136
2125
2115
2110
2095
2088
2051
2050
2062
2082
2109
2107
2118
2110
2140
2131
2134
2141
2158
2143
2143
2147
2149
2132
2153
2136
2135
2136
2139
2137
2135
2141
2148
2138
2138
2131
2122
2121
2104
2113
2115
2120
2100
2117
2109
2123
2123
2101
2105
2104
2120
2137
2124
2116
2122
2094
2115
2085
2080
2073
2088
2127
2121
2128
2129
2140
2145
2140
2149
2139
2137
2127
2135
2126
2136
2133
2132
2120
2116
2119
2128
2127
2125
2132
2122
2137
2122
2124
2117
2117
2107
2110
2107
2098
2087
2090
2078
2082
2090
2098
2098
2128
2119
2098
2091
2095
2110
2107
2126
2111
2118
2095
2088
2091
2092
2059
2062
2076
2072
2090
2098
2114
2070
2122
2126
2132
2135
2134
2120
2139
2135
2129
2130
2144
2145
2140
2141
2127
2131
2120
2119
2110
2106
2097
2103
2089
2095
2089
2099
2094
2111
2105
2106
2097
2117
2109
2120
2119
2106
2119
2120
2121
2123
2117
2104
2096
2104
2075
2048
2046
2063
2085
2101
2108
2090
2121
2105
2136
2119
2123
2114
2115
2114
2117
2134
2141
2137
2137
2134
2132
2112
2142
2124
2113
2106
2107
2107
2094
2087
2101
2095
2130
2094
2088
2097
2096
2097
2093
2084
2084
2069
2064
2055
2081
2094
2108
2106
2107
2122
2132
2124
2117
2127
2113
2125
2124
2130
2125
2135
2135
2136
2146
2131
2142
2139
2124
2125
2116
2107
2103
2091
2098
2095
2109
2096
2094
2098
2114
2108
2131
2135
2139
2127
2131
2144
2144
2140
2130
2119
2119
2100
2070
2046
2062
2104
2130
2120
2127
2140
2147
2142
2143
2135
2138
2138
2140
2153
2128
2134
2133
2142
2133
2144
2121
2129
2111
2111
2110
2111
2096
2093
2100
2088
2099
2107
2144
2132
2108
2096
2108
2113
2115
2097
2091
2083
2082
2046
2080
2098
2129
2126
2109
2139
2138
2139
2135
2142
2128
2139
2134
2136
2134
2141
2142
2145
2145
2142
2137
2140
2151
2131
2128
2116
2108
2097
2089
2105
2095
2110
2112
2124
2128
2129
2113
2116
2124
2129
2125
2132
2113
2116
2110
2116
2102
2095
2054
2076
2085
2117
2122
2123
2101
2131
2132
2133
2140
2142
2134
2147
2145
2140
2153
2155
2156
2169
2152
2186
2154
2150
2136
2147
2129
2126
2123
2122
2124
2122
2141
2130
2156
2140
2114
2101
2095
2112
2120
2095
2103
2101
2095
2088
2053
2089
2121
2135
2121
2142
2151
2138
2155
2138
2145
2146
2142
2151
2145
2145
2155
2152
2169
2167
2168
2166
2153
2138
2138
2120
2125
2072
2035
2037
2053
2082
2094
2097
2131
2190
2163
2133
2140
2125
2127
2113
2120
2124
2086
2059
2076
2127
2149
2103
2159
2141
2151
2137
2154
2142
2152
2157
2136
2154
2135
2143
2146
2145
2132
2135
2136
2129
2129
2124
2124
2109
2117
2111
2109
2111
2109
2119
2123
2126
2165
2160
2121
2154
2145
2109
2102
2109
2109
2103
2083
2054
2045
2039
2073
2108
2097
2120
2147
2152
2148
2154
2150
2144
2143
2148
2146
2150
2150
2137
2142
2137
2149
2141
2135
2114
2119
2114
2124
2108
2107
2112
2124
2135
2103
2097
2097
2088
2100
2113
2109
2087
2082
2067
2074
2051
2073
2080
2111
2081
2126
2128
2123
2128
2138
2136
2127
2136
2134
2142
2140
2126
2145
2127
2142
2126
2143
2128
2129
2131
2122
2130
2125
2125
2113
2112
2106
2108
2101
2113
2103
2118
2123
2076
2099
2107
2136
2122
2100
2107
2102
2094
2072
2064
2072
2099
2115
2104
2144
2148
2161
2151
2147
2146
2155
2159
2152
2138
2152
2165
2171
2189
2199
2134
2122
2104
2043
2053
2049
2057
2096
2118
2148
2185
2155
2106
2112
2099
2093
2101
2114
2119
2113
2103
2101
2066
2073
2075
2112
2118
2100
2128
2128
2132
2129
2133
2125
2134
2133
2131
2138
2151
2149
2145
2151
2146
2148
2140
2139
2136
2136
2111
2099
2099
2098
2109
2110
2128
2121
2126
2089
2104
2124
2140
2146
2100
2117
2105
2083
2074
2090
2107
2123
2135
2111
2140
2140
2143
2150
2155
2156
2159
2161
2154
2161
2147
2162
2154
2150
2156
2154
2145
2139
2127
2123
2099
2109
2100
2107
2098
2095
2096
2102
2121
2130
2143
2116
2116
2137
2142
2138
2127
2133
2114
2103
2068
2067
2091
2133
2139
2122
2149
2140
2141
2143
2141
2154
2141
2152
2158
2152
2157
2151
2163
2161
2169
2159
2167
2147
2133
2133
2124
2125
2115
2097
2093
2124
2112
2134
2113
2090
2095
2126
2142
2114
2107
2101
2082
2065
2090
2093
2117
2129
2108
2128
2124
2127
2126
2122
2131
2129
2122
2149
2143
2142
2148
2154
2156
2148
2140
2140
2121
2113
2105
2098
2073
2072
2079
2091
2090
2135
2126
2142
2095
2130
2129
2132
2134
2117
2132
2096
2077
2071
2084
2123
2118
2121
2111
2128
2123
2127
2145
2142
2131
2123
2133
2119
2122
2130
2135
2138
2136
2132
2129
2115
2119
2114
2104
2106
2094
2087
2087
2088
2096
2108
2087
2073
2099
2119
2087
2093
2087
2088
2062
2056
2071
2089
2104
2104
2114
2133
2121
2135
2127
2135
2129
2129
2128
2133
2134
2124
2135
2138
2131
2113
2130
2108
2110
2092
2094
2083
2082
2077
2080
2075
2097
2090
2104
2129
2132
2114
2124
2122
2136
2138
2138
2141
2107
2103
2065
2087
2109
2127
2146
2121
2138
2129
2135
2128
2139
2133
2137
2135
2130
2143
2138
2152
2150
2145
2147
2146
2139
2144
2126
2116
2107
2117
2105
2110
2104
2112
2112
2102
2111
2115
2134
2133
2106
2102
2116
2118
2125
2107
2098
2078
2035
2069
2082
2113
2122
2134
2123
2132
2141
2131
2138
2127
2128
2129
2130
2130
2142
2121
2132
2126
2144
2132
2136
2132
2134
2127
2126
2115
2109
2097
2101
2103
2096
2087
2096
2109
2096
2116
2128
2148
2128
2117
2139
2139
2128
2132
2114
2109
2062
2061
2094
2127
2135
2135
2142
2147
2154
2156
2149
2148
2144
2150
2142
2149
2145
2149
2144
2163
2151
2160
2153
2151
2159
2136
2137
2126
2137
2127
2123
2101
2102
2119
2127
2145
2102
2127
2145
2158
2124
2107
2116
2097
2071
2083
2118
2124
2135
2123
2146
2147
2149
2140
2146
2143
2152
2145
2142
2145
2156
2146
2149
2148
2151
2150
2146
2143
2120
2127
2119
2106
2099
2100
2082
2100
2109
2120
2149
2121
2119
2124
2120
2122
2119
2115
2114
2109
2095
2061
2062
2087
2113
2109
2104
2115
2123
2128
2121
2119
2120
2123
2138
2127
2134
2142
2135
2133
2120
2143
2133
2129
2132
2139
2122
2112
2102
2137
2127
2125
2114
2115
2123
2117
2117
2102
2117
2096
2095
2095
2101
2111
2121
2098
2114
2111
2103
2081
2031
2008
2087
2125
2136
2144
2151
2154
2147
2155
2149
2147
2149
2140
2145
2129
2140
2139
2141
2172
2175
2138
2149
2146
2139
2129
2122
2117
2116
2124
2120
2121
2123
2130
2121
2115
2119
2114
2115
2113
2111
2106
2116
2106
2103
2073
2025
2045
2061
2040
2019
2035
2070
2084
2134
2144
2140
2150
2154
2155
2154
2151
2154
2152
2149
2147
2140
2149
2139
2147
2147
2148
2140
2142
2122
2123
2112
2109
2098
2105
2098
2106
2113
2120
2159
2158
2123
2116
2136
2120
2127
2116
2112
2123
2121
2125
2108
2104
2066
2030
2019
2054
2101
2113
2117
2108
2131
2138
2145
2146
2142
2145
2165
2169
2164
2177
2169
2155
2160
2155
2153
2151
2148
2131
2136
2138
2142
2139
2132
2138
2156
2167
2154
2097
2089
2106
2116
2139
2106
2111
2102
2106
2099
2093
2099
2119
2136
2139
2125
2157
2148
2160
2156
2148
2159
2157
2156
2153
2149
2156
2165
2158
2172
2169
2166
2173
2163
2158
2145
2140
2137
2125
2073
2075
2084
2103
2134
2175
2136
2112
2121
2092
2104
2102
2095
2084
2081
2080
2051
2074
2093
2125
2133
2147
2156
2154
2161
2153
2156
2147
2163
2157
2160
2154
2146
2162
2159
2154
2155
2161
2158
2144
2139
2131
2118
2112
2123
2116
2128
2113
2128
2125
2121
2129
2124
2146
2145
2168
2171
2187
2131
2148
2149
2158
2163
2153
2142
2133
2120
2057
2094
2124
2156
2152
2139
2160
2160
2159
2160
2162
2164
2154
2173
2152
2165
2156
2170
2171
2173
2172
2162
2171
2172
2152
2127
2111
2118
2105
2101
2108
2116
2173
2136
2117
2162
2146
2116
2080
2098
2049
2044
2079
2120
2138
2127
2154
2162
2173
2161
2161
2156
2159
2148
2159
2160
2174
2161
2167
2171
2165
2168
2157
2153
2133
2119
2103
2117
2102
2111
2100
2099
2086
2098
2109
2117
2113
2119
2132
2130
2110
2103
2083
2057
2044
2068
2114
2131
2119
2126
2133
2124
2120
2117
2117
2122
2123
2127
2114
2123
2118
2122
2135
2132
2127
2112
2104
2094
2091
2088
2076
2073
2052
2061
2057
2056
2056
2075
2077
2056
2068
2080
2078
2049
2044
2004
2000
2017
2072
2090
2097
2113
2111
2118
2129
2111
2119
2115
2113
2124
2128
2131
2133
2120
2126
2134
2135
2133
2131
2112
2110
2094
2099
2083
2093
2080
2090
2097
2104
2096
2122
2145
2159
2147
2121
2146
2134
2143
2078
2013
2009
2075
2121
2125
2122
2142
2136
2141
2146
2141
2142
2152
2149
2152
2152
2145
2151
2153
2152
2155
2150
2151
2153
2135
2132
2137
2124
2135
2128
2123
2124
2113
2122
2112
2145
2157
2148
2111
2128
2147
2147
2168
2135
2125
2118
2096
2045
2039
2068
2084
2110
2125
2125
2129
2142
2151
2138
2138
2145
2140
2140
2141
2150
2149
2155
2156
2159
2156
2161
2169
2162
2068
2039
2050
2129
2194
2136
2106
2081
2074
2097
2099
2098
2093
2089
2086
2055
2076
2103
2127
2134
2161
2167
2176
2167
2172
2175
2176
2171
2181
2184
2191
2186
2186
2180
2178
2170
2169
2160
2157
2136
2129
2127
2127
2114
2134
2183
2133
2107
2130
2133
2124
2101
2082
2073
2037
2035
2062
2106
2145
2132
2171
2164
2177
2176
2184
2186
2185
2186
2191
2175
2193
2184
2187
2185
2182
2183
2185
2167
2162
2146
2126
2113
2116
2108
2114
2117
2123
2124
2130
2131
2138
2146
2171
2192
2172
2126
2155
2161
2154
2162
2138
2124
2102
2058
2072
2109
2157
2167
2147
2166
2171
2171
2163
2172
2171
2171
2157
2160
2165
2166
2156
2157
2148
2165
2155
2151
2149
2148
2138
2131
2132
2136
2130
2124
2127
2125
2125
2131
2125
2152
2154
2202
2162
2144
2160
2167
2166
2118
2115
2111
2097
2053
2066
2091
2114
2137
2141
2122
2129
2156
2148
2148
2147
2150
2153
2143
2149
2145
2138
2143
2143
2133
2141
2128
2128
2119
2127
2107
2102
2086
2070
2070
2067
2061
2049
2060
2056
2058
2070
2066
2076
2101
2104
2125
2120
2096
2084
2101
2089
2095
2083
2061
2081
2071
2079
2070
2061
2018
1960
2001
2050
2076
2096
2069
2093
2099
2103
2101
2100
2111
2111
2113
2108
2095
2104
2099
2115
2110
2113
2099
2102
2096
2088
2088
2078
2074
2071
2082
2082
2137
2088
2078
2079
2090
2077
2066
2063
2070
2069
2078
2068
2059
2071
2080
2101
2107
2083
2102
2111
2116
2118
2121
2112
2114
2121
2118
2133
2124
2121
2126
2132
2134
2119
2132
2123
2113
2106
2117
2105
2109
2106
2103
2113
2130
2110
2090
2087
2076
2099
2093
2110
2105
2120
2105
2074
2067
2099
2129
2124
2123
2137
2149
2138
2157
2149
2147
2145
2148
2138
2137
2141
2142
2148
2130
2131
2120
2119
2120
2123
2121
2120
2114
2124
2124
2141
2174
2186
2154
2144
2139
2123
2120
2125
2113
2113
2097
2087
2096
2108
2110
2106
2103
2101
2087
2103
2090
2117
2118
2147
2141
2153
2139
2157
2156
2159
2147
2153
2146
2147
2156
2148
2159
2158
2158
2157
2143
2143
2147
2134
2148
2147
2146
2159
2156
2153
2138
2145
2148
2139
2156
2142
2150
2165
2211
2161
2158
2141
2165
2165
2167
2165
2143
2120
2121
2109
2101
2097
2091
2070
2069
2073
2092
2090
2090
2063
2041
2080
2116
2128
2131
2138
2137
2131
2133
2134
2131
2138
2133
2123
2126
2128
2127
2114
2118
2114
2111
2108
2098
2108
2094
2095
2089
2090
2098
2097
2097
2093
2091
2111
2101
2101
2104
2119
2131
2132
2108
2121
2127
2095
2090
2072
2078
2064
2073
2057
2043
2001
1969
1983
2036
2080
2109
2075
2091
2125
2132
2143
2158
2150
2147
2142
2137
2126
2113
2123
2116
2133
2115
2131
2120
2140
2110
2101
2093
2089
2105
2087
2093
2105
2147
2135
2106
2100
2084
2055
2054
2067
2083
2084
2090
2085
2096
2101
2085
2073
2082
2095
2097
2098
2116
2135
2122
2131
2133
2146
2142
2135
2131
2135
2141
2144
2146
2143
2151
2140
2158
2156
2161
2152
2154
2141
2147
2145
2146
2154
2149
2145
2167
2150
2171
2169
2167
2140
2121
2100
2081
2066
2069
2081
2100
2101
2079
2042
2013
2020
2105
2143
2170
2175
2186
2179
2175
2172
2183
2180
2174
2180
2178
2182
2181
2180
2167
2177
2167
2170
2172
2173
2172
2171
2149
2161
2156
2157
2160
2164
2166
2159
2154
2133
2144
2127
2119
2125
2144
2152
2138
2137
2129
2132
2124
2115
2110
2115
2089
2087
2087
2100
2107
2087
2124
2124
2131
2132
2136
2145
2138
2129
2121
2126
2131
2126
2132
2132
2130
2134
2126
2129
2129
2126
2127
2125
2117
2124
2112
2120
2109
2115
2119
2123
2129
2135
2139
2135
2112
2113
2122
2130
2131
2121
2113
2117
2114
2108
2126
2096
2092
2100
2102
2119
2116
2126
2107
2136
2136
2128
2142
2133
2139
2139
2136
2146
2149
2156
2145
2151
2133
2143
2135
2133
2122
2135
2114
2121
2115
2115
2114
2123
2119
2113
2121
2113
2133
2120
2132
2108
2125
2124
2135
2123
2132
2109
2115
2104
2107
2090
2094
2102
2122
2122
2117
2123
2130
2130
2136
2132
2140
2132
2132
2137
2137
2138
2152
2148
2145
2149
2148
2143
2151
2155
2161
2123
2102
2107
2116
2121
2127
2129
2134
2155
2165
2149
2141
2146
2127
2112
2121
2124
2143
2143
2138
2131
2108
2102
2086
2108
2134
2130
2135
2157
2162
2164
2164
2172
2166
2159
2172
2169
2173
2174
2171
2172
2167
2162
2154
2155
2148
2142
2137
2139
2129
2136
2131
2127
2130
2124
2139
2135
2135
2139
2139
2134
2105
2097
2116
2119
2119
2113
2112
2120
2114
2120
2115
2119
2090
2075
2085
2095
2104
2100
2093
2133
2135
2133
2127
2128
2128
2127
2130
2127
2141
2130
2143
2143
2144
2143
2141
2143
2132
2120
2114
2115
2104
2101
2093
2088
2082
2087
2082
2090
2082
2101
2096
2100
2090
2091
2093
2102
2110
2090
2081
2081
2050
2049
2073
2078
2109
2093
2103
2115
2124
2112
2122
2114
2117
2107
2110
2113
2116
2113
2116
2117
2116
2125
2111
2114
2105
2108
2092
2086
2089
2080
2082
2092
2076
2079
2077
2093
2094
2096
2110
2103
2122
2100
2097
2112
2098
2119
2121
2111
2112
2105
2106
2099
2091
2070
2064
2088
2084
2108
2097
2099
2109
2115
2122
2111
2127
2109
2120
2107
2121
2116
2122
2122
2126
2125
2124
2127
2127
2126
2123
2117
2108
2108
2097
2113
2098
2095
2099
2099
2099
2102
2109
2112
2117
2120
2101
2096
2115
2130
2127
2124
2119
2111
2119
2106
2098
2087
2073
2091
2093
2109
2102
2135
2107
2129
2140
2146
2144
2144
2138
2143
2138
2146
2148
2146
2139
2152
2150
2141
2147
2147
2149
2139
2134
2122
2124
2123
2124
2128
2118
2128
2122
2146
2132
2133
2119
2116
2136
2127
2133
2122
2127
2114
2117
2121
2115
2114
2092
2110
2123
2130
2126
2128
2146
2148
2151
2145
2146
2143
2144
2147
2136
2147
2139
2150
2134
2150
2138
2138
2131
2129
2135
2130
2130
2129
2131
2123
2120
2124
2121
2132
2119
2120
2119
2111
2121
2118
2126
2122
2114
2106
2105
2116
2115
2120
2114
2123
2129
2122
2103
2079
2081
2094
2107
2116
2121
2135
2119
2152
2152
2144
2143
2146
2141
2148
2147
2152
2159
2152
2156
2159
2158
2152
2151
2156
2141
2135
2140
2143
2138
2132
2127
2132
2131
2113
2127
2117
2116
2111
2122
2135
2145
2130
2141
2149
2144
2148
2146
2149
2138
2141
2130
2123
2101
2093
2109
2130
2137
2132
2133
2145
2154
2162
2157
2153
2155
2145
2148
2148
2155
2147
2147
2148
2155
2157
2156
2143
2147
2137
2148
2142
2138
2134
2124
2126
2126
2120
2113
2122
2133
2132
2110
2094
2107
2123
2139
2117
2114
2109
2101
2084
2071
2083
2109
2120
2125
2109
2141
2146
2134
2141
2142
2138
2129
2142
2137
2148
2155
2145
2154
2154
2157
2171
2160
2136
2107
2123
2109
2107
2116
2127
2147
2152
2153
2123
2098
2110
2114
2125
2129
2134
2132
2133
2124
2127
2119
2115
2125
2137
2137
2114
2149
2156
2153
2162
2150
2155
2162
2152
2150
2160
2154
2160
2160
2165
2155
2156
2149
2153
2153
2146
2149
2127
2132
2131
2127
2132
2131
2140
2141
2150
2142
2160
2135
2125
2122
2128
2108
2096
2098
2117
2104
2113
2088
2085
2081
2060
2083
2095
2097
2126
2145
2136
2141
2140
2145
2142
2151
2155
2155
2148
2167
2164
2164
2156
2155
2152
2157
2147
2147
2136
2134
2135
2128
2121
2124
2122
2127
2130
2130
2140
2125
2135
2132
2155
2150
2136
2137
2164
2157
2161
2134
2148
2139
2129
2112
2106
2092
2091
2087
2091
2087
2092
2090
2089
2090
2090
2097
2090
2074
2055
2048
2066
2076
2084
2106
2112
2122
2114
2132
2113
2128
2118
2115
2123
2117
2115
2103
2116
2105
2103
2105
2108
2109
2115
2109
2102
2097
2100
2102
2105
2120
2114
2131
2130
2122
2141
2144
2127
2111
2100
2091
2084
2064
2039
2035
2050
2057
2047
2034
2048
2065
2103
2113
2108
2116
2120
2132
2122
2127
2114
2118
2101
2113
2105
2111
2100
2114
2115
2108
2108
2098
2099
2094
2097
2102
2093
2102
2089
2101
2106
2102
2162
2123
2099
2075
2052
2015
1966
2017
2034
2038
2035
2017
1997
2034
2057
2063
2087
2104
2114
2116
2133
2106
2107
2343
2109
2141
2059
2085
2080
2084
2088
2107
2089
2105
2102
2100
2099
2100
2088
2096
2107
2106
2114
2114
2118
2106
2112
2101
2107
2099
2091
2076
2063
2079
2071
2093
2075
2077
2078
2067
2059
2032
2064
2064
2119
2135
2140
2139
2145
2145
2148
2139
2143
2150
2154
2154
2146
2149
2144
2150
2140
2161
2154
2159
2153
2148
2143
2132
2132
2141
2144
2153
2151
2172
2190
2133
2122
2106
2104
2101
2107
2114
2114
2134
2128
2125
2101
2053
2024
2070
2104
2119
2118
2146
2152
2163
2160
2163
2161
2161
2159
2166
2165
2163
2169
2166
2154
2150
2139
2138
2148
2134
2145
2138
2143
2128
2130
2132
2121
2122
2127
2131
2132
2136
2130
2116
2107
2108
2121
2123
2108
2096
2091
2066
2067
2034
2063
2113
2111
2136
2128
2143
2125
2148
2146
2146
2152
2146
2144
2145
2154
2145
2156
2137
2150
2148
2156
2145
2150
2160
2130
2093
2092
2072
2065
2083
2107
2114
2110
2107
2101
2123
2105
2130
2139
2123
2126
2134
2122
2131
2128
2135
2141
2144
2137
2111
2081
2061
2103
2134
2145
2140
2149
2156
2169
2165
2166
2175
2168
2162
2164
2163
2174
2178
2188
2185
2177
2178
2177
2169
2166
2162
2159
2152
2156
2145
2147
2139
2139
2143
2144
2151
2142
2126
2117
2132
2146
2171
2145
2134
2131
2116
2078
2062
2079
2107
2122
2146
2127
2163
2153
2165
2163
2154
2156
2162
2162
2167
2154
2164
2157
2177
2178
2163
2169
2165
2150
2162
2146
2136
2135
2128
2114
2120
2121
2126
2119
2133
2126
2146
2158
2166
2152
2156
2171
2161
2169
2159
2150
2144
2146
2111
2090
2094
2132
2161
2165
2144
2169
2162
2161
2169
2166
2173
2176
2187
2174
2189
2179
2182
2180
2180
2174
2180
2176
2165
2149
2148
2129
2124
2122
2116
2114
2119
2132
2122
2134
2086
2092
2108
2127
2110
2095
2104
2100
2096
2054
2061
2078
2093
2126
2126
2123
2153
2154
2155
2148
2155
2160
2157
2154
2153
2161
2161
2159
2149
2151
2157
2149
2147
2148
2135
2134
2130
2124
2133
2142
2148
2147
2182
2160
2137
2146
2145
2103
2035
2064
2084
2101
2101
2095
2083
2066
2083
2105
2115
2117
2139
2154
2143
2159
2146
2152
2140
2151
2139
2147
2141
2136
2157
2136
2142
2152
2149
2148
2144
2132
2123
2133
2133
2123
2130
2132
2140
2137
2147
2133
2140
2155
2149
2128
2106
2095
2100
2117
2118
2091
2095
2091
2097
2076
2064
2078
2125
2151
2137
2162
2162
2172
2175
2178
2180
2182
2167
2171
2166
2170
2163
2177
2177
2174
2169
2173
2165
2161
2163
2156
2147
2153
2135
2139
2143
2139
2128
2141
2129
2125
2132
2123
2154
2132
2123
2128
2134
2146
2148
2132
2131
2129
2122
2132
2133
2114
2099
2078
2099
2111
2132
2124
2131
2142
2144
2136
2138
2144
2132
2144
2137
2132
2134
2133
2128
2138
2130
2134
2124
2125
2113
2114
2105
2104
2094
2091
2100
2091
2092
2093
2096
2105
2109
2108
2070
2055
2054
2065
2077
2069
2057
2051
2055
2034
2025
2024
2034
2063
2067
2074
2104
2108
2108
2115
2115
2115
2107
2123
2112
2113
2119
2117
2125
2121
2115
2116
2115
2107
2099
2096
2082
2091
2089
2088
2091
2105
2099
2121
2115
2122
2108
2090
2085
2066
2072
2066
2070
2072
2073
2073
2086
2067
2054
2045
2067
2097
2093
2092
2104
2118
2126
2123
2123
2120
2129
2117
2136
2137
2135
2135
2135
2132
2132
2146
2143
2134
2127
2117
2121
2111
2117
2115
2116
2109
2116
2121
2129
2130
2103
2094
2093
2090
2108
2094
2090
2083
2084
2074
2062
2056
2086
2117
2097
2133
2126
2125
2125
2133
2130
2138
2135
2118
2131
2133
2123
2131
2117
2119
2130
2116
2118
2106
2106
2095
2082
2091
2088
2081
2083
2083
2088
2093
2109
2108
2123
2106
2078
2073
2073
2074
2073
2080
2083
2076
2075
2075
2074
2074
2062
2048
2037
2057
2081
2091
2080
2103
2090
2107
2102
2110
2105
2105
2096
2086
2100
2108
2117
2124
2113
2106
2111
2107
2116
2097
2091
2086
2084
2093
2099
2093
2091
2091
2100
2093
2100
2091
2098
2114
2111
2080
2083
2082
2085
2092
2106
2109
2096
2102
2091
2090
2074
2047
2059
2069
2086
2096
2100
2110
2122
2138
2128
2135
2130
2132
2137
2138
2138
2148
2136
2138
2137
2131
2143
2145
2141
2143
2138
2125
2130
2115
2113
2108
2110
2118
2116
2115
2113
2114
2115
2143
2145
2141
2109
2109
2098
2083
2061
2066
2048
2062
2074
2067
2073
2084
2085
2087
2072
2056
2021
2027
2062
2095
2094
2096
2120
2129
2134
2128
2130
2121
2133
2145
2151
2145
2132
2132
2141
2148
2149
2139
2130
2120
2121
2112
2111
2107
2102
2102
2106
2112
2113
2124
2128
2135
2118
2106
2112
2101
2077
2071
2072
2076
2078
2090
2084
2060
2052
2058
2088
2113
2100
2121
2124
2133
2140
2148
2143
2145
2147
2147
2147
2143
2136
2136
2145
2135
2142
2138
2133
2128
2122
2118
2121
2109
2103
2101
2102
2103
2099
2102
2093
2103
2098
2104
2093
2101
2108
2116
2133
2135
2135
2102
2114
2127
2119
2127
2119
2107
2116
2119
2119
2112
2119
2097
2082
2054
2073
2093
2104
2115
2100
2117
2121
2132
2127
2133
2130
2134
2135
2141
2134
2132
2139
2135
2138
2125
2135
2132
2145
2138
2135
2133
2145
2130
2130
2120
2125
2128
2120
2130
2121
2120
2121
2124
2125
2126
2120
2104
2093
2119
2129
2150
2129
2124
2121
2114
2095
2105
2087
2060
2065
2071
2099
2119
2114
2121
2142
2150
2148
2153
2162
2165
2155
2154
2152
2162
2156
2164
2151
2155
2151
2150
2131
2126
2125
2067
2064
2068
2077
2098
2134
2156
2131
2128
2127
2128
2132
2125
2123
2124
2124
2125
2131
2121
2127
2137
2155
2135
2166
2166
2166
2165
2165
2170
2168
2171
2164
2173
2155
2152
2162
2155
2166
2155
2151
2154
2160
2152
2139
2135
2121
2113
2096
2104
2098
2107
2107
2117
2129
2129
2157
2152
2125
2140
2160
2182
2124
2128
2112
2085
2069
2073
2104
2125
2123
2122
2156
2153
2152
2149
2146
2150
2132
2142
2135
2141
2139
2141
2140
2138
2139
2138
2132
2128
2122
2117
2123
2122
2115
2109
2108
2107
2114
2105
2110
2109
2115
2107
2123
2146
2129
2095
2103
2121
2112
2124
2107
2099
2094
2095
2095
2084
2052
2072
2081
2111
2127
2115
2143
2139
2145
2147
2141
2137
2146
2147
2141
2147
2145
2152
2151
2148
2145
2150
2138
2139
2139
2129
2132
2130
2132
2128
2129
2117
2126
2113
2123
2122
2140
2156
2150
2151
2124
2116
2109
2140
2142
2133
2117
2116
2117
2096
2052
2064
2072
2103
2121
2128
2110
2125
2136
2147
2151
2155
2143
2139
2145
2153
2147
2159
2146
2148
2156
2155
2150
2142
2141
2143
2137
2134
2127
2127
2123
2125
2119
2116
2122
2123
2141
2147
2171
2168
2161
2159
2163
2172
2165
2172
2146
2140
2139
2123
2125
2084
2081
2108
2130
2142
2129
2151
2142
2145
2146
2141
2143
2128
2135
2130
2117
2123
2128
2132
2131
2126
2121
2125
2125
2128
2110
2124
2131
2133
2130
2126
2120
2135
2139
2142
2131
2137
2127
2130
2133
2141
2140
2146
2177
2184
2152
2130
2151
2143
2149
2152
2134
2120
2108
2099
2079
2073
2076
2100
2117
2126
2150
2139
2138
2140
2137
2139
2138
2137
2139
2132
2134
2137
2126
2134
2133
2134
2127
2115
2122
2120
2133
2126
2127
2119
2111
2113
2121
2111
2123
2120
2110
2095
2102
2102
2101
2118
2113
2117
2124
2103
2113
2124
2132
2130
2120
2115
2112
2117
2117
2122
2106
2087
2085
2093
2113
2118
2110
2137
2138
2137
2132
2128
2130
2138
2141
2149
2147
2149
2141
2148
2144
2152
2144
2138
2141
2136
2132
2134
2133
2133
2133
2135
2138
2135
2127
2126
2125
2132
2141
2146
2145
2120
2114
2110
2122
2131
2141
2140
2116
2118
2114
2112
2103
2109
2115
2113
2112
2109
2134
2126
2151
2152
2148
2135
2139
2135
2141
2154
2154
2153
2150
2145
2152
2146
2158
2164
2167
2168
2138
2119
2102
2117
2105
2091
2098
2097
2097
2113
2125
2152
2166
2134
2107
2104
2124
2123
2133
2125
2120
2108
2104
2107
2124
2125
2110
2073
2065
2065
2098
2121
2126
2116
2129
2116
2116
2123
2136
2150
2140
2126
2130
2129
2130
2140
2144
2140
2124
2117
2125
2122
2123
2122
2115
2105
2105
2113
2116
2131
2123
2116
2095
2102
2120
2130
2148
2113
2091
2088
2095
2102
2094
2086
2081
2072
2071
2058
2085
2091
2111
2112
2104
2100
2127
2141
2141
2140
2130
2113
2113
2137
2147
2151
2141
2122
2132
2130
2162
2152
2169
2141
2110
2089
2121
2098
2075
2081
2075
2091
2100
2119
2139
2161
2160
2120
2090
2104
2131
2132
2132
2115
2104
2113
2117
2123
2106
2066
2081
2102
2131
2135
2159
2154
2133
2132
2143
2155
2162
2162
2158
2144
2145
2159
2165
2172
2156
2136
2129
2141
2141
2152
2150
2133
2125
2116
2125
2142
2138
2134
2118
2110
2120
2135
2140
2140
2120
2105
2113
2134
2154
2155
2166
2166
2149
2119
2154
2154
2158
2128
2104
2122
2132
2108
2052
2067
2087
2126
2136
2138
2150
2155
2146
2144
2146
2160
2168
2165
2155
2150
2146
2161
2167
2172
2154
2142
2137
2132
2156
2156
2148
2130
2120
2122
2121
2129
2135
2121
2112
2090
2090
2107
2121
2139
2154
2143
2122
2119
2135
2140
2136
2121
2106
2105
2111
2116
2104
2079
2046
2064
2087
2107
2120
2105
2108
2119
2116
2121
2121
2130
2121
2108
2114
2101
2108
2120
2130
2129
2110
2106
2104
2106
2117
2123
2126
2113
2110
2100
2100
2110
2104
2116
2096
2091
2078
2080
2101
2098
2113
2108
2117
2106
2100
2100
2115
2118
2135
2123
2108
2102
2104
2111
2113
2104
2099
2084
2063
2066
2088
2112
2119
2099
2109
2104
2115
2120
2134
2137
2139
2123
2123
2112
2123
2131
2134
2129
2127
2122
2127
2126
2124
2116
2114
2115
2109
2111
2113
2108
2114
2122
2120
2134
2126
2142
2133
2131
2133
2121
2083
2060
2072
2096
2102
2118
2117
2101
2086
2078
2080
2101
2111
2125
2120
2127
2138
2143
2141
2137
2139
2138
2135
2134
2132
2128
2131
2138
2133
2129
2121
2126
2131
2139
2131
2134
2122
2132
2128
2139
2143
2138
2138
2155
2134
2145
2130
2136
2154
2154
2126
2129
2123
2123
2113
2114
2117
2124
2118
2109
2108
2120
2131
2133
2122
2121
2130
2129
2148
2137
2138
2121
2106
2098
2092
2062
2038
2067
2111
2134
2152
2160
2153
2146
2154
2150
2167
2155
2141
2147
2143
2155
2156
2148
2143
2151
2152
2160
2155
2153
2145
2150
2156
2159
2154
2139
2139
2150
2165
2159
2161
2146
2161
2153
2162
2169
2160
2155
2140
2135
2126
2107
2102
2099
2110
2117
2124
2113
2117
2111
2121
2123
2125
2107
2109
2111
2102
2133
2164
2153
2153
2151
2167
2160
2151
2144
2141
2148
2157
2156
2141
2136
2144
2155
2156
2142
2121
2112
2121
2135
2139
2129
2126
2115
2123
2120
2124
2121
2117
2120
2125
2124
2134
2136
2128
2142
2144
2163
2173
2154
2135
2145
2156
2155
2143
2114
2109
2113
2109
2123
2110
2101
2100
2092
2083
2073
2070
2060
2082
2099
2116
2111
2103
2131
2129
2146
2143
2135
2130
2119
2137
2131
2131
2119
2112
2119
2129
2140
2130
2125
2113
2101
2122
2131
2126
2124
2111
2114
2122
2132
2122
2107
2128
2128
2143
2143
2159
2132
2132
2142
2117
2107
2088
2089
2107
2116
2132
2111
2111
2101
2109
2101
2081
2068
2081
2106
2126
2114
2123
2123
2125
2142
2149
2161
2177
2164
2154
2142
2141
2148
2153
2157
2145
2129
2126
2121
2132
2131
2132
2124
2123
2118
2122
2122
2125
2133
2140
2147
2157
2129
2116
2134
2129
2135
2119
2117
2102
2104
2115
2133
2125
2113
2115
2090
2082
2095
2109
2130
2143
2127
2125
2146
2158
2162
2164
2164
2163
2158
2161
2159
2159
2170
2180
2173
2160
2151
2153
2160
2170
2166
2143
2135
2118
2126
2117
2130
2136
2117
2117
2101
2100
2106
2125
2151
2145
2156
2128
2130
2127
2148
2158
2175
2161
2152
2138
2135
2145
2137
2135
2122
2112
2084
2100
2113
2143
2145
2158
2124
2160
2141
2158
2167
2167
2172
2171
2156
2151
2151
2166
2170
2173
2172
2157
2158
2145
2143
2136
2151
2146
2139
2130
2120
2114
2125
2126
2133
2126
2117
2113
2108
2127
2138
2164
2164
2123
2114
2132
2136
2154
2145
2130
2119
2114
2103
2096
2089
2094
2099
2096
2099
2097
2107
2136
2140
2137
2133
2122
2119
2137
2137
2148
2133
2123
2123
2121
2131
2142
2157
2148
2130
2112
2110
2116
2128
2135
2124
2104
2105
2105
2108
2128
2121
2120
2101
2091
2106
2115
2132
2146
2149
2130
2113
2116
2130
2135
2150
2142
2135
2132
2133
2135
2130
2124
2098
2076
2067
2095
2140
2152
2147
2139
2148
2159
2174
2190
2193
2183
2187
2178
2187
2188
2192
2195
2177
2174
2169
2180
2177
2178
2164
2153
2138
2139
2136
2138
2130
2123
2117
2112
2104
2111
2125
2132
2123
2106
2096
2093
2100
2112
2114
2116
2083
2076
2086
2096
2092
2075
2055
2039
2061
2085
2111
2103
2087
2101
2109
2123
2127
2122
2121
2125
2110
2122
2127
2135
2130
2128
2119
2119
2120
2132
2132
2126
2105
2093
2090
2091
2100
2101
2102
2091
2087
2098
2098
2117
2123
2108
2087
2092
2131
2145
2128
2114
2092
2083
2085
2086
2082
2080
2062
2069
2079
2102
2086
2115
2120
2134
2116
2115
2113
2115
2123
2123
2136
2130
2116
2123
2128
2133
2142
2123
2121
2104
2103
2115
2112
2099
2095
2091
2090
2101
2096
2097
2101
2110
2113
2096
2096
2121
2127
2126
2102
2107
2098
2112
2122
2112
2107
2108
2086
2071
2056
2067
2087
2108
2126
2116
2135
2143
2142
2140
2149
2148
2151
2144
2144
2143
2145
2147
2161
2161
2152
2151
2154
2151
2160
2165
2157
2146
2148
2147
2153
2143
2150
2162
2152
2150
2151
2177
2173
2147
2142
2138
2118
2117
2113
2122
2134
2132
2141
2130
2129
2133
2131
2139
2127
2138
2141
2145
2153
2159
2160
2162
2153
2154
2148
2146
2147
2158
2149
2149
2141
2142
2138
2148
2146
2141
2134
2121
2130
2123
2120
2118
2123
2116
2128
2120
2115
2110
2116
2114
2117
2120
2131
2127
2128
2116
2108
2108
2100
2102
2105
2115
2104
2103
2101
2108
2105
2109
2104
2095
2089
2097
2104
2111
2086
2111
2120
2119
2128
2128
2122
2125
2121
2131
2128
2124
2126
2120
2127
2121
2122
2123
2126
2130
2136
2133
2133
2130
2130
2124
2126
2127
2120
2128
2120
2129
2124
2128
2133
2134
2137
2145
2132
2128
2123
2113
2119
2111
2114
2124
2125
2113
2121
2115
2119
2110
2111
2083
2098
2122
2128
2124
2154
2159
2157
2155
2158
2155
2166
2155
2155
2145
2158
2146
2155
2154
2149
2140
2144
2140
2142
2143
2139
2145
2146
2135
2134
2133
2134
2140
2138
2137
2145
2141
2148
2144
2155
2159
2151
2135
2121
2116
2119
2115
2115
2114
2108
2115
2111
2120
2119
2107
2109
2092
2089
2081
2101
2097
2113
2102
2128
2132
2126
2134
2128
2136
2133
2135
2135
2130
2119
2121
2133
2128
2124
2128
2130
2131
2129
2120
2125
2121
2125
2114
2115
2114
2115
2108
2108
2112
2106
2105
2110
2104
2099
2091
2096
2112
2127
2117
2118
2104
2108
2117
2110
2116
2111
2114
2110
2119
2123
2123
2118
2128
2135
2116
2106
2082
2082
2098
2111
2122
2117
2106
2131
2138
2135
2127
2135
2129
2143
2128
2138
2141
2143
2143
2140
2139
2139
2143
2142
2134
2144
2136
2140
2125
2131
2120
2120
2120
2121
2109
2124
2106
2122
2133
2148
2197
2123
2142
2100
2088
2094
2091
2090
2094
2101
2105
2107
2112
2115
2122
2121
2135
2143
2136
2148
2147
2149
2138
2130
2124
2112
2095
2089
2069
2056
2068
2083
2106
2125
2106
2145
2150
2152
2146
2149
2140
2142
2144
2152
2152
2153
2148
2150
2155
2158
2149
2152
2158
2148
2126
2099
2091
2085
2102
2108
2127
2137
2161
2163
2146
2154
2153
2141
2136
2137
2132
2129
2127
2138
2122
2125
2117
2119
2109
2104
2060
2042
2049
2080
2103
2107
2110
2122
2136
2133
2135
2128
2129
2126
2133
2129
2131
2127
2131
2134
2136
2136
2135
2147
2142
2151
2125
2111
2103
2112
2117
2130
2150
2158
2136
2133
2117
2103
2096
2094
2087
2090
2091
2094
2097
2112
2093
2090
2084
2086
2072
2050
2053
2076
2091
2090
2108
2119
2125
2128
2127
2129
2136
2139
2154
2134
2146
2133
2141
2129
2124
2136
2133
2132
2132
2126
2106
2128
2110
2118
2115
2125
2125
2133
2138
2145
2127
2123
2132
2104
2089
2079
2090
2108
2114
2102
2105
2108
2101
2091
2089
2103
2112
2105
2103
2131
2126
2135
2131
2133
2132
2140
2136
2144
2131
2141
2137
2137
2143
2146
2136
2146
2136
2130
2137
2127
2124
2116
2113
2124
2114
2124
2118
2124
2116
2114
2118
2114
2119
2116
2119
2115
2122
2132
2136
2137
2107
2107
2115
2118
2119
2126
2130
2121
2117
2123
2125
2108
2084
2063
2094
2100
2116
2128
2116
2112
2134
2136
2138
2138
2135
2135
2138
2144
2146
2151
2147
2142
2144
2144
2145
2150
2138
2140
2128
2123
2121
2119
2115
2111
2113
2115
2112
2101
2106
2105
2107
2110
2115
2120
2123
2130
2151
2147
2160
2123
2137
2137
2140
2139
2139
2129
2128
2120
2112
2078
2072
2098
2117
2133
2127
2133
2151
2145
2148
2140
2143
2147
2145
2155
2165
2157
2151
2157
2153
2153
2145
2146
2145
2141
2139
2134
2130
2127
2124
2130
2117
2130
2128
2144
2152
2139
2135
2109
2111
2115
2116
2134
2134
2129
2120
2125
2121
2097
2091
2082
2110
2127
2137
2129
2157
2162
2164
2160
2164
2170
2165
2175
2179
2170
2173
2173
2164
2160
2164
2173
2177
2168
2156
2156
2152
2138
2130
2126
2135
2144
2136
2144
2142
2145
2158
2148
2133
2124
2129
2132
2122
2121
2122
2127
2133
2123
2126
2112
2119
2104
2079
2088
2108
2123
2108
2125
2142
2138
2142
2140
2140
2136
2138
2144
2146
2142
2148
2141
2151
2149
2150
2151
2134
2145
2130
2127
2126
2116
2114
2121
2126
2121
2134
2136
2141
2140
2113
2107
2117
2121
2127
2125
2113
2115
2122
2114
2111
2094
2085
2087
2092
2117
2135
2119
2143
2155
2153
2162
2163
2166
2167
2161
2160
2142
2161
2153
2169
2161
2163
2163
2145
2143
2140
2143
2139
2135
2126
2116
2128
2127
2136
2128
2121
2130
2124
2134
2135
2139
2135
2157
2148
2160
2145
2147
2153
2154
2154
2148
2150
2147
2152
2154
2148
2152
2143
2136
2135
2129
2116
2124
2125
2148
2142
2143
2156
2168
2172
2162
2170
2162
2173
2178
2170
2179
2177
2173
2169
2170
2164
2176
2166
2172
2177
2163
2175
2180
2180
2192
2183
2193
2177
2183
2166
2183
2174
2172
2168
2165
2180
2175
2182
2165
2170
2170
2173
2201
2177
2185
2150
2158
2162
2167
2166
2162
2171
2159
2138
2128
2101
2123
2111
2119
2127
2099
2104
2102
2116
2100
2113
2102
2117
2119
2115
2119
2112
2117
2094
2085
2071
2064
2043
2049
2087
2090
2110
2112
2121
2119
2118
2123
2128
2132
2130
2145
2137
2130
2137
2126
2128
2128
2128
2127
2162
2139
2120
2113
2084
2075
2080
2083
2081
2069
