2135
2134
2114
2131
2135
2121
2129
2132
2120
2132
2118
2123
2110
2118
2114
2121
2115
2115
2115
2110
2109
2110
2110
2112
2108
2118
2117
2111
2104
2099
2094
2106
2101
2101
2109
2105
2096
2101
2091
2098
2101
2113
2108
2108
2102
2115
2100
2106
2111
2104
2113
2102
2115
2104
2106
2099
2096
2110
2100
2102
2097
2102
2116
2125
2111
2116
2117
2117
2123
2117
2114
2117
2112
2112
2101
2116
2111
2126
2113
2114
2115
2119
2121
2118
2115
2126
2115
2138
2126
2128
2112
2124
2113
2124
2125
2121
2123
2126
2123
2120
2116
2127
2117
2121
2114
2132
2120
2123
2122
2114
2104
2122
2112
2112
2119
2117
2103
2116
2104
2110
2111
2117
2122
2115
2122
2129
2117
2128
2122
2120
2127
2129
2126
2129
2128
2118
2112
2116
2119
2114
2120
2124
2122
2134
2123
2114
2124
2113
2123
2113
2124
2127
2106
2130
2106
2124
2100
2134
2113
2123
2116
2121
2120
2111
2119
2124
2111
2122
2115
2122
2119
2120
2121
2112
2106
2115
2117
2113
2114
2122
2133
2122
2123
2110
2119
2110
2108
2112
2112
2119
2110
2117
2124
2116
2116
2107
2100
2111
2112
2100
2101
2103
2099
2096
2083
2081
2072
2098
2087
2110
2097
2092
2093
2088
2104
2100
2120
2120
2133
2127
2114
2116
2104
2098
2112
2114
2110
2112
2098
2108
2104
2108
2098
2100
2115
2105
2103
2109
2101
2100
2098
2105
2101
2110
2115
2110
2108
2103
2100
2098
2094
2098
2104
2116
2117
2114
2112
2120
2105
2116
2113
2122
2122
2117
2127
2123
2129
2135
2140
2144
2140
2144
2149
2148
2140
2140
2146
2149
2147
2141
2119
2125
2099
2114
2105
2107
2105
2102
2085
2088
2081
2084
2098
2072
2122
2126
2097
2140
2124
2115
2136
2131
2133
2132
2148
2131
2125
2128
2133
2139
2136
2137
2130
2133
2123
2122
2110
2121
2116
2111
2115
2117
2110
2097
2117
2108
2109
2107
2115
2117
2115
2119
2113
2115
2115
2124
2128
2141
2129
2147
2120
2119
2121
2131
2108
2121
2101
2108
2093
2107
2086
2068
2031
2060
2076
2096
2116
2074
2127
2123
2160
2142
2124
2132
2125
2130
2127
2122
2135
2138
2147
2132
2151
2152
2155
2150
2143
2140
2162
2152
2153
2160
2147
2148
2140
2133
2134
2128
2154
2121
2181
2136
2192
2135
2138
2116
2127
2120
2119
2109
2105
2101
2103
2097
2101
2116
2100
2106
2092
2086
2066
2076
2079
2107
2115
2096
2141
2108
2132
2116
2114
2119
2136
2120
2122
2099
2140
2094
2129
2093
2108
2108
2091
2108
2112
2105
2111
2090
2099
2094
2105
2085
2108
2085
2115
2113
2097
2094
2095
2104
2094
2108
2122
2114
2117
2078
2112
2093
2116
2103
2097
2079
2101
2071
2095
2070
2064
2059
2044
2095
2084
2095
2079
2121
2108
2110
2096
2098
2099
2108
2116
2096
2130
2111
2114
2109
2105
2104
2115
2114
2123
2115
2104
2095
2103
2102
2098
2108
2107
2111
2100
2109
2101
2097
2086
2096
2075
2077
2065
2088
2088
2098
2083
2088
2090
2094
2084
2096
2075
2100
2042
2082
2043
2086
2090
2087
2115
2124
2110
2125
2115
2132
2130
2127
2134
2124
2121
2129
2120
2136
2143
2116
2136
2127
2120
2133
2124
2139
2118
2112
2128
2108
2129
2100
2143
2116
2127
2149
2128
2142
2131
2148
2151
2149
2154
2122
2126
2117
2108
2088
2112
2107
2125
2153
2106
2156
2136
2139
2125
2147
2119
2148
2144
2133
2136
2129
2125
2131
2121
2146
2119
2115
2122
2104
2102
2111
2108
2095
2120
2098
2103
2098
2111
2114
2122
2127
2133
2119
2139
2121
2132
2167
2143
2138
2126
2130
2127
2122
2147
2119
2138
2122
2083
2102
2082
2112
2093
2134
2121
2115
2126
2153
2152
2169
2146
2176
2144
2162
2168
2144
2170
2146
2148
2177
2148
2178
2152
2174
2148
2166
2133
2162
2131
2142
2146
2140
2130
2153
2125
2103
2149
2138
2127
2135
2118
2118
2130
2129
2120
2125
2120
2111
2097
2097
2145
2152
2121
2153
2170
2162
2161
2155
2167
2167
2155
2180
2164
2170
2159
2152
2162
2154
2155
2176
2146
2159
2139
2136
2129
2134
2134
2138
2121
2145
2136
2149
2134
2153
2139
2152
2167
2164
2181
2159
2162
2155
2142
2129
2137
2109
2101
2099
2078
2066
2053
2086
2094
2107
2114
2106
2128
2138
2127
2125
2122
2128
2126
2121
2131
2122
2124
2120
2141
2121
2122
2130
2127
2141
2113
2132
2133
2126
2139
2093
2140
2125
2106
2122
2110
2115
2115
2135
2129
2145
2132
2123
2110
2102
2111
2106
2104
2102
2116
2084
2104
2086
2122
2080
2096
2075
2100
2102
2132
2123
2131
2150
2153
2159
2158
2159
2161
2169
2149
2153
2172
2147
2149
2147
2146
2151
2145
2142
2134
2143
2130
2127
2121
2119
2112
2122
2113
2109
2132
2133
2114
2139
2149
2145
2142
2128
2137
2109
2144
2110
2125
2130
2120
2089
2066
2084
2096
2107
2131
2122
2149
2130
2143
2129
2123
2137
2107
2130
2128
2125
2119
2129
2128
2125
2127
2111
2115
2138
2102
2127
2123
2116
2108
2123
2093
2126
2108
2100
2120
2111
2108
2113
2105
2118
2134
2143
2138
2124
2137
2134
2131
2151
2124
2119
2112
2106
2074
2077
2057
2063
2091
2134
2110
2132
2139
2154
2166
2141
2146
2156
2152
2152
2149
2155
2150
2146
2143
2167
2154
2152
2160
2149
2153
2154
2153
2129
2163
2134
2121
2142
2134
2125
2147
2113
2133
2122
2140
2119
2104
2141
2108
2120
2134
2137
2122
2126
2107
2120
2097
2079
2073
2109
2132
2120
2144
2145
2135
2149
2149
2134
2145
2141
2127
2140
2136
2137
2137
2136
2128
2138
2135
2142
2134
2138
2141
2145
2139
2138
2155
2118
2130
2124
2115
2117
2116
2112
2102
2103
2106
2100
2116
2113
2126
2134
2117
2115
2116
2126
2118
2129
2121
2115
2106
2109
2114
2108
2097
2067
2081
2095
2106
2110
2128
2105
2138
2156
2152
2142
2145
2151
2140
2146
2140
2147
2154
2158
2149
2151
2150
2141
2144
2138
2125
2125
2118
2122
2110
2116
2105
2118
2115
2129
2128
2126
2131
2154
2152
2148
2140
2150
2158
2151
2157
2159
2148
2143
2134
2137
2118
2081
2084
2095
2123
2140
2130
2138
2145
2138
2153
2132
2151
2150
2143
2138
2145
2151
2153
2144
2143
2143
2151
2145
2153
2136
2122
2125
2134
2122
2118
2098
2119
2103
2137
2112
2094
2107
2102
2117
2100
2106
2105
2097
2074
2067
2092
2109
2121
2119
2113
2137
2147
2148
2139
2154
2142
2150
2145
2146
2149
2166
2153
2140
2153
2147
2150
2141
2142
2116
2122
2108
2115
2094
2107
2104
2100
2094
2090
2092
2100
2107
2120
2123
2137
2113
2129
2141
2124
2138
2123
2105
2113
2098
2066
2048
2050
2104
2117
2122
2118
2130
2138
2141
2133
2144
2142
2135
2127
2128
2129
2134
2136
2147
2136
2138
2146
2134
2126
2113
2116
2089
2127
2111
2098
2110
2104
2121
2158
2151
2128
2096
2147
2118
2135
2117
2108
2085
2091
2062
2091
2122
2131
2137
2123
2146
2152
2143
2144
2154
2136
2144
2128
2151
2139
2135
2146
2148
2134
2139
2134
2128
2136
2107
2116
2099
2091
2065
2071
2076
2076
2089
2087
2113
2107
2121
2094
2118
2102
2109
2114
2117
2088
2099
2084
2094
2087
2075
2048
2067
2075
2100
2115
2097
2096
2110
2105
2120
2116
2125
2119
2127
2120
2117
2127
2131
2127
2128
2141
2141
2127
2132
2124
2117
2120
2105
2119
2107
2111
2111
2120
2118
2134
2130
2104
2076
2101
2093
2098
2104
2083
2095
2078
2068
2038
2088
2116
2126
2132
2146
2171
2148
2180
2160
2166
2174
2157
2164
2175
2166
2174
2175
2178
2168
2177
2180
2164
2149
2149
2133
2142
2084
2050
2057
2058
2109
2107
2114
2147
2205
2175
2152
2156
2135
2142
2130
2133
2137
2092
2070
2086
2148
2154
2134
2152
2166
2153
2162
2145
2159
2153
2143
2160
2156
2133
2166
2155
2143
2153
2149
2143
2138
2131
2142
2116
2117
2117
2113
2105
2110
2109
2110
2122
2113
2169
2157
2112
2152
2140
2100
2100
2091
2091
2095
2080
2048
2021
2045
2064
2098
2097
2116
2135
2143
2132
2143
2126
2131
2137
2146
2140
2138
2137
2139
2143
2129
2147
2132
2130
2117
2116
2115
2109
2104
2114
2118
2143
2158
2118
2118
2110
2109
2120
2119
2116
2091
2105
2074
2082
2057
2079
2081
2108
2083
2119
2136
2133
2141
2136
2138
2131
2133
2143
2130
2142
2122
2143
2134
2134
2127
2129
2119
2133
2126
2109
2122
2109
2109
2097
2101
2090
2088
2097
2106
2084
2101
2103
2069
2077
2099
2112
2096
2093
2089
2079
2077
2049
2048
2060
2088
2110
2082
2119
2126
2137
2136
2125
2132
2134
2136
2127
2139
2137
2147
2147
2167
2180
2118
2108
2091
2038
2055
2037
2042
2085
2110
2147
2174
2160
2102
2113
2099
2091
2088
2117
2107
2117
2106
2094
2064
2072
2075
2106
2115
2108
2131
2128
2135
2133
2133
2130
2134
2138
2133
2139
2141
2129
2150
2142
2152
2147
2133
2118
2123
2111
2105
2092
2092
2084
2090
2100
2116
2123
2124
2077
2100
2125
2142
2130
2099
2101
2093
2072
2057
2086
2100
2114
2135
2098
2131
2130
2143
2140
2138
2139
2141
2148
2145
2144
2135
2155
2146
2149
2155
2154
2138
2126
2121
2101
2085
2091
2086
2100
2092
2093
2084
2095
2113
2124
2128
2113
2106
2130
2140
2139
2134
2132
2102
2088
2061
2056
2091
2134
2134
2112
2134
2142
2139
2145
2136
2143
2121
2140
2138
2136
2139
2147
2153
2149
2148
2141
2139
2135
2129
2124
2122
2116
2107
2093
2097
2114
2101
2121
2101
2090
2107
2140
2137
2114
2105
2104
2083
2053
2077
2097
2114
2124
2100
2129
2125
2130
2134
2121
2134
2130
2133
2145
2147
2150
2141
2159
2145
2146
2138
2137
2113
2106
2103
2090
2075
2076
2086
2100
2100
2142
2129
2141
2102
2122
2117
2126
2127
2114
2121
2101
2059
2073
2075
2114
2117
2116
2118
2121
2120
2122
2128
2131
2120
2133
2129
2128
2123
2127
2128
2137
2133
2126
2118
2125
2108
2117
2099
2097
2096
2077
2091
2086
2094
2107
2079
2082
2100
2117
2096
2089
2096
2092
2070
2057
2071
2095
2105
2116
2129
2137
2133
2134
2137
2139
2127
2130
2123
2129
2135
2135
2143
2139
2140
2126
2121
2128
2116
2097
2098
2081
2093
2087
2081
2090
2100
2099
2116
2134
2143
2125
2125
2134
2134
2139
2133
2136
2112
2097
2063
2069
2102
2120
2133
2109
2119
2122
2130
2129
2139
2132
2138
2125
2128
2138
2134
2149
2137
2147
2139
2139
2127
2134
2117
2112
2101
2110
2103
2101
2107
2102
2105
2093
2112
2115
2127
2125
2094
2104
2114
2114
2124
2107
2087
2070
2043
2063
2087
2113
2123
2131
2130
2149
2151
2145
2146
2135
2146
2139
2149
2144
2146
2139
2142
2141
2154
2143
2139
2138
2141
2124
2140
2115
2105
2102
2097
2108
2099
2098
2094
2114
2108
2120
2136
2160
2136
2132
2146
2145
2144
2132
2123
2104
2066
2072
2094
2129
2140
2124
2142
2137
2148
2143
2140
2142
2134
2140
2128
2154
2136
2152
2127
2156
2143
2145
2138
2141
2165
2145
2150
2145
2145
2127
2128
2118
2119
2138
2136
2156
2113
2137
2164
2172
2146
2125
2121
2102
2072
2098
2121
2143
2148
2132
2151
2164
2155
2150
2148
2148
2148
2147
2143
2149
2148
2162
2151
2164
2150
2159
2146
2143
2134
2128
2122
2104
2111
2108
2106
2108
2124
2138
2152
2145
2130
2145
2136
2141
2139
2130
2135
2131
2119
2072
2090
2098
2129
2115
2115
2141
2141
2136
2145
2131
2134
2139
2132
2138
2141
2154
2145
2144
2139
2144
2143
2127
2133
2139
2117
2117
2108
2142
2132
2133
2113
2108
2119
2105
2108
2091
2092
2084
2082
2095
2085
2100
2102
2099
2104
2101
2088
2072
2029
2003
2090
2126
2144
2153
2148
2153
2157
2154
2151
2150
2147
2148
2145
2135
2147
2138
2154
2170
2179
2141
2164
2155
2141
2131
2114
2122
2120
2133
2124
2123
2123
2126
2116
2120
2110
2118
2112
2116
2113
2115
2112
2111
2102
2069
2019
2048
2059
2033
2014
2023
2059
2064
2107
2114
2128
2131
2131
2127
2132
2125
2137
2125
2133
2122
2127
2125
2125
2121
2134
2123
2134
2120
2115
2107
2097
2094
2098
2097
2095
2104
2111
2116
2146
2149
2109
2106
2134
2123
2131
2117
2115
2122
2114
2116
2107
2104
2072
2039
2026
2068
2106
2128
2123
2116
2144
2137
2149
2146
2155
2154
2163
2163
2164
2174
2171
2164
2162
2158
2160
2150
2143
2129
2123
2129
2136
2134
2132
2136
2160
2162
2149
2094
2089
2107
2120
2136
2115
2107
2100
2111
2104
2096
2104
2121
2138
2138
2132
2150
2155
2154
2156
2152
2156
2142
2154
2148
2146
2153
2156
2154
2160
2161
2166
2162
2152
2151
2134
2132
2130
2112
2065
2061
2085
2093
2134
2165
2124
2108
2111
2083
2090
2081
2087
2079
2074
2072
2049
2065
2099
2129
2135
2153
2164
2161
2164
2154
2155
2151
2156
2151
2159
2153
2154
2162
2159
2149
2154
2150
2149
2141
2138
2129
2111
2120
2111
2110
2119
2114
2122
2124
2117
2123
2122
2133
2138
2154
2160
2190
2132
2142
2148
2148
2151
2134
2135
2119
2095
2031
2073
2104
2132
2133
2118
2141
2138
2136
2140
2148
2142
2146
2147
2146
2149
2147
2150
2155
2153
2153
2145
2150
2135
2118
2099
2091
2094
2088
2080
2088
2096
2158
2117
2108
2170
2142
2120
2082
2094
2056
2046
2081
2114
2151
2129
2152
2154
2155
2154
2152
2149
2149
2144
2153
2146
2155
2149
2157
2155
2154
2155
2145
2155
2128
2115
2110
2113
2106
2114
2098
2093
2081
2102
2107
2133
2115
2133
2134
2131
2119
2103
2088
2061
2058
2081
2112
2121
2114
2127
2125
2134
2131
2125
2127
2125
2125
2118
2127
2123
2122
2128
2137
2134
2127
2124
2111
2113
2098
2109
2100
2096
2086
2076
2074
2079
2082
2098
2107
2084
2107
2126
2113
2086
2061
2051
2037
2063
2109
2129
2155
2159
2169
2166
2167
2157
2153
2155
2149
2156
2148
2154
2143
2154
2161
2155
2161
2152
2152
2140
2137
2114
2110
2112
2110
2111
2123
2118
2122
2128
2149
2174
2190
2163
2153
2164
2160
2168
2098
2028
2004
2081
2118
2130
2127
2151
2149
2135
2146
2143
2139
2148
2147
2146
2136
2141
2140
2152
2148
2145
2149
2132
2148
2126
2120
2111
2106
2111
2103
2096
2111
2103
2110
2116
2142
2149
2137
2111
2120
2144
2141
2160
2130
2126
2106
2100
2037
2031
2066
2079
2105
2111
2111
2120
2137
2144
2137
2144
2140
2147
2146
2144
2153
2157
2162
2157
2151
2156
2159
2165
2156
2064
2043
2060
2134
2200
2138
2108
2076
2074
2090
2086
2093
2084
2081
2074
2039
2052
2089
2106
2120
2145
2150
2143
2150
2145
2146
2151
2138
2153
2151
2167
2154
2164
2161
2153
2144
2139
2132
2128
2111
2103
2099
2094
2080
2101
2150
2098
2081
2107
2103
2096
2074
2063
2051
2016
2011
2040
2092
2121
2113
2152
2154
2157
2157
2164
2165
2158
2155
2154
2154
2167
2160
2162
2165
2162
2154
2156
2147
2134
2126
2106
2091
2096
2087
2087
2090
2098
2101
2108
2113
2111
2122
2149
2165
2152
2109
2136
2147
2134
2139
2114
2097
2073
2025
2048
2082
2124
2136
2112
2138
2142
2140
2133
2141
2138
2137
2132
2132
2143
2130
2155
2150
2143
2157
2147
2143
2146
2134
2130
2124
2117
2116
2116
2114
2115
2113
2108
2115
2117
2142
2138
2192
2159
2138
2157
2162
2168
2119
2120
2115
2098
2051
2061
2087
2107
2129
2143
2121
2134
2148
2157
2144
2151
2146
2148
2147
2154
2158
2155
2153
2160
2147
2152
2149
2147
2137
2141
2126
2123
2113
2103
2092
2095
2087
2087
2089
2090
2090
2096
2095
2109
2132
2141
2147
2145
2127
2133
2147
2132
2133
2121
2107
2124
2124
2129
2111
2096
2047
2003
2046
2085
2115
2125
2095
2121
2139
2139
2141
2141
2144
2142
2143
2134
2140
2142
2137
2141
2138
2135
2128
2137
2128
2108
2107
2100
2106
2104
2110
2112
2155
2110
2096
2110
2111
2093
2083
2080
2086
2079
2093
2078
2072
2082
2101
2113
2123
2102
2126
2134
2137
2138
2143
2136
2135
2140
2135
2140
2135
2145
2142
2142
2142
2136
2143
2133
2120
2116
2119
2120
2113
2115
2108
2119
2142
2113
2095
2094
2084
2098
2102
2107
2108
2121
2098
2075
2061
2093
2122
2120
2109
2141
2141
2140
2148
2144
2145
2139
2137
2126
2134
2134
2127
2139
2127
2116
2125
2111
2104
2111
2105
2110
2104
2114
2106
2125
2157
2168
2132
2129
2113
2111
2107
2111
2091
2072
2059
2064
2063
2074
2083
2083
2076
2076
2064
2078
2071
2093
2103
2134
2115
2129
2115
2129
2129
2140
2126
2138
2140
2127
2139
2135
2130
2133
2136
2135
2139
2129
2135
2117
2127
2126
2121
2128
2114
2125
2116
2115
2121
2115
2128
2118
2125
2137
2188
2127
2141
2116
2135
2143
2148
2153
2122
2107
2110
2096
2093
2076
2080
2061
2072
2079
2082
2087
2075
2068
2046
2081
2111
2129
2133
2138
2147
2135
2148
2139
2137
2149
2134
2133
2138
2137
2138
2128
2131
2133
2121
2116
2115
2122
2108
2114
2108
2111
2115
2120
2112
2117
2112
2129
2121
2125
2132
2146
2159
2153
2147
2152
2158
2126
2124
2108
2111
2104
2108
2090
2078
2031
2000
2015
2076
2117
2138
2119
2136
2167
2174
2188
2190
2190
2184
2177
2172
2162
2153
2160
2158
2158
2149
2168
2158
2159
2144
2129
2129
2130
2129
2122
2124
2140
2175
2177
2146
2135
2134
2093
2096
2102
2115
2122
2121
2117
2109
2102
2095
2082
2084
2107
2101
2101
2116
2129
2129
2121
2124
2126
2115
2123
2124
2126
2143
2138
2142
2142
2147
2133
2148
2139
2133
2136
2118
2119
2127
2114
2119
2115
2114
2121
2145
2130
2154
2147
2140
2130
2099
2082
2074
2048
2049
2057
2067
2067
2050
2017
1988
1998
2088
2120
2154
2150
2151
2153
2152
2159
2156
2155
2146
2143
2140
2145
2142
2140
2138
2126
2128
2121
2133
2124
2138
2130
2131
2133
2145
2133
2155
2142
2150
2149
2137
2126
2129
2119
2098
2113
2121
2124
2120
2125
2116
2121
2111
2116
2101
2106
2085
2083
2076
2110
2112
2106
2129
2140
2134
2143
2133
2145
2131
2139
2121
2140
2136
2140
2141
2142
2142
2143
2139
2143
2126
2139
2129
2124
2113
2126
2122
2119
2119
2112
2110
2120
2130
2133
2134
2145
2122
2114
2131
2137
2140
2129
2122
2119
2128
2115
2127
2106
2100
2111
2118
2133
2130
2140
2115
2157
2149
2149
2150
2155
2149
2150
2154
2149
2154
2155
2151
2154
2147
2144
2152
2143
2131
2140
2128
2129
2122
2129
2128
2130
2131
2122
2126
2114
2139
2126
2129
2116
2129
2129
2139
2129
2132
2114
2116
2101
2097
2085
2088
2098
2119
2118
2123
2129
2132
2125
2140
2130
2131
2133
2120
2133
2130
2130
2149
2139
2135
2127
2138
2134
2139
2131
2147
2110
2076
2092
2094
2100
2109
2099
2118
2126
2142
2113
2108
2104
2087
2082
2073
2096
2092
2101
2099
2086
2078
2069
2058
2082
2099
2105
2111
2134
2135
2133
2147
2146
2148
2146
2146
2153
2149
2153
2152
2145
2152
2145
2145
2136
2141
2130
2127
2122
2122
2122
2120
2116
2122
2116
2129
2130
2134
2130
2138
2123
2097
2107
2117
2117
2113
2125
2114
2134
2117
2135
2127
2127
2103
2086
2084
2093
2114
2105
2096
2140
2139
2142
2142
2140
2138
2139
2139
2130
2139
2143
2145
2139
2148
2138
2138
2136
2133
2131
2127
2131
2117
2115
2116
2097
2108
2095
2103
2109
2105
2119
2112
2117
2107
2100
2119
2123
2118
2118
2101
2096
2078
2068
2095
2108
2137
2113
2120
2138
2146
2137
2140
2140
2139
2139
2140
2139
2149
2145
2145
2152
2141
2162
2138
2147
2136
2134
2127
2125
2117
2105
2107
2113
2103
2106
2115
2121
2116
2122
2142
2135
2147
2127
2121
2139
2131
2150
2139
2133
2131
2130
2126
2124
2101
2084
2085
2098
2108
2129
2110
2117
2133
2129
2140
2138
2136
2133
2123
2137
2123
2130
2128
2138
2136
2130
2144
2134
2130
2128
2128
2127
2110
2109
2106
2097
2108
2101
2107
2101
2098
2109
2110
2122
2112
2129
2107
2105
2125
2126
2137
2117
2113
2111
2110
2110
2098
2084
2079
2102
2110
2112
2115
2126
2121
2122
2141
2136
2143
2136
2132
2144
2132
2149
2134
2144
2139
2140
2152
2144
2143
2152
2151
2137
2130
2119
2116
2120
2129
2128
2130
2135
2130
2136
2139
2123
2119
2125
2132
2133
2127
2123
2118
2117
2111
2115
2111
2108
2089
2101
2120
2126
2108
2129
2131
2135
2139
2142
2147
2138
2142
2142
2143
2137
2143
2140
2136
2136
2143
2142
2130
2134
2135
2129
2141
2139
2136
2128
2126
2129
2121
2124
2115
2120
2116
2102
2113
2115
2123
2123
2117
2106
2111
2106
2116
2115
2107
2118
2118
2112
2099
2073
2063
2084
2102
2110
2119
2121
2109
2133
2141
2137
2140
2139
2138
2140
2129
2139
2144
2139
2141
2140
2136
2129
2133
2136
2135
2123
2124
2117
2109
2116
2103
2107
2099
2098
2104
2097
2099
2100
2115
2123
2125
2111
2120
2134
2131
2128
2135
2128
2121
2119
2108
2115
2082
2082
2094
2115
2121
2113
2115
2131
2134
2138
2133
2135
2132
2132
2128
2129
2127
2139
2139
2133
2137
2139
2144
2130
2134
2130
2130
2127
2121
2123
2120
2117
2110
2116
2114
2120
2128
2120
2109
2095
2104
2128
2132
2124
2120
2113
2103
2097
2078
2090
2104
2125
2123
2120
2141
2147
2144
2147
2148
2145
2140
2146
2147
2144
2141
2156
2152
2156
2153
2162
2155
2138
2110
2119
2103
2098
2103
2126
2130
2147
2139
2126
2087
2102
2097
2109
2107
2117
2106
2118
2102
2104
2095
2098
2103
2121
2113
2099
2119
2126
2132
2131
2126
2131
2134
2131
2130
2136
2135
2139
2146
2137
2132
2138
2132
2139
2129
2124
2116
2107
2110
2112
2106
2101
2115
2116
2123
2128
2115
2137
2108
2114
2113
2119
2096
2078
2088
2090
2099
2094
2094
2078
2073
2055
2078
2110
2092
2131
2142
2142
2148
2138
2151
2145
2148
2152
2151
2161
2159
2162
2160
2155
2166
2151
2145
2146
2140
2143
2140
2141
2132
2133
2139
2141
2133
2141
2130
2144
2142
2146
2136
2153
2147
2158
2153
2184
2166
2165
2133
2156
2140
2127
2123
2110
2099
2099
2101
2100
2091
2100
2096
2105
2103
2107
2103
2110
2090
2074
2065
2083
2085
2107
2129
2146
2149
2164
2155
2161
2160
2154
2155
2161
2162
2154
2154
2150
2149
2134
2133
2129
2140
2135
2130
2122
2118
2119
2121
2114
2120
2113
2128
2140
2127
2140
2147
2130
2110
2091
2087
2077
2061
2033
2043
2052
2067
2058
2049
2063
2071
2117
2126
2133
2132
2136
2146
2145
2143
2137
2130
2134
2147
2145
2142
2138
2142
2150
2141
2149
2146
2141
2151
2141
2152
2135
2143
2137
2149
2156
2158
2212
2177
2166
2141
2108
2067
2031
2065
2090
2102
2100
2067
2055
2084
2100
2102
2128
2150
2150
2148
2146
2126
2117
2367
2109
2151
2073
2095
2088
2106
2100
2124
2103
2097
2095
2089
2092
2094
2089
2097
2098
2112
2107
2116
2115
2100
2108
2100
2110
2103
2090
2074
2058
2075
2070
2086
2083
2082
2078
2066
2068
2044
2068
2065
2120
2139
2140
2143
2149
2146
2148
2146
2153
2154
2153
2160
2151
2161
2151
2152
2149
2162
2161
2155
2155
2147
2137
2138
2139
2135
2146
2152
2154
2175
2189
2134
2131
2100
2098
2088
2101
2107
2104
2116
2115
2108
2093
2042
2016
2057
2089
2111
2095
2128
2134
2150
2151
2146
2154
2151
2154
2157
2151
2156
2153
2154
2142
2139
2136
2137
2128
2130
2123
2123
2126
2121
2118
2117
2108
2111
2114
2128
2124
2132
2119
2100
2099
2102
2116
2120
2109
2103
2093
2088
2068
2046
2077
2127
2127
2150
2145
2159
2152
2155
2162
2159
2162
2157
2161
2160
2167
2161
2169
2160
2172
2173
2177
2167
2167
2173
2147
2115
2108
2092
2065
2105
2119
2123
2123
2114
2118
2136
2127
2152
2161
2143
2146
2151
2143
2141
2145
2145
2149
2148
2146
2108
2075
2064
2093
2123
2142
2123
2133
2140
2140
2138
2137
2142
2138
2139
2138
2130
2146
2145
2149
2146
2141
2139
2138
2134
2134
2128
2119
2116
2114
2114
2109
2102
2107
2110
2109
2116
2113
2088
2094
2115
2121
2148
2110
2107
2099
2094
2063
2042
2063
2082
2113
2129
2110
2147
2138
2156
2149
2148
2144
2158
2146
2144
2144
2146
2141
2149
2144
2142
2141
2148
2137
2147
2134
2127
2119
2113
2111
2107
2106
2099
2107
2114
2112
2132
2136
2155
2130
2139
2150
2140
2145
2138
2129
2122
2115
2078
2060
2062
2096
2123
2131
2112
2127
2133
2130
2139
2135
2132
2130
2130
2130
2140
2139
2141
2139
2144
2146
2150
2148
2143
2135
2130
2116
2105
2107
2100
2108
2113
2124
2123
2125
2090
2087
2102
2120
2098
2101
2101
2094
2085
2051
2056
2077
2106
2132
2119
2126
2154
2154
2157
2148
2156
2153
2151
2155
2153
2156
2156
2158
2151
2150
2153
2153
2152
2148
2129
2131
2119
2127
2137
2135
2152
2148
2168
2149
2129
2141
2142
2097
2039
2067
2079
2086
2091
2080
2077
2056
2068
2089
2098
2104
2124
2136
2133
2133
2130
2127
2116
2117
2125
2126
2128
2122
2137
2130
2130
2133
2128
2114
2115
2104
2099
2101
2093
2098
2102
2109
2109
2107
2111
2110
2115
2132
2125
2112
2085
2083
2086
2100
2110
2086
2082
2071
2069
2045
2040
2056
2093
2132
2114
2144
2153
2160
2160
2161
2165
2162
2167
2158
2155
2149
2152
2153
2156
2154
2147
2155
2146
2144
2146
2141
2139
2137
2127
2128
2134
2128
2121
2130
2127
2126
2126
2129
2140
2130
2112
2124
2131
2137
2139
2122
2123
2111
2115
2119
2119
2096
2088
2074
2093
2107
2120
2109
2126
2129
2139
2127
2141
2136
2130
2140
2129
2138
2125
2136
2128
2134
2124
2135
2119
2119
2112
2114
2112
2109
2105
2100
2101
2104
2104
2113
2113
2125
2124
2132
2095
2078
2083
2084
2091
2090
2089
2078
2085
2064
2056
2049
2066
2105
2105
2116
2141
2138
2139
2147
2147
2149
2146
2145
2149
2155
2158
2153
2161
2154
2156
2155
2157
2145
2145
2129
2126
2130
2124
2124
2138
2139
2142
2155
2151
2156
2130
2127
2116
2097
2100
2097
2097
2099
2101
2100
2102
2081
2066
2061
2078
2116
2100
2115
2122
2127
2131
2131
2125
2130
2134
2113
2139
2131
2137
2143
2139
2142
2140
2141
2136
2139
2127
2116
2117
2115
2114
2113
2111
2111
2119
2122
2127
2128
2099
2089
2088
2086
2108
2100
2097
2092
2091
2083
2064
2065
2093
2134
2133
2175
2177
2190
2193
2190
2186
2185
2188
2178
2188
2181
2181
2182
2175
2178
2178
2176
2172
2161
2168
2154
2145
2145
2141
2135
2134
2138
2136
2139
2156
2152
2165
2146
2127
2116
2119
2117
2120
2122
2123
2114
2115
2113
2112
2108
2102
2089
2085
2102
2112
2128
2113
2140
2137
2136
2131
2138
2137
2140
2129
2135
2138
2133
2136
2139
2139
2140
2140
2133
2139
2120
2120
2108
2107
2113
2110
2114
2114
2123
2121
2123
2122
2121
2122
2141
2137
2110
2111
2113
2110
2116
2128
2119
2108
2106
2102
2102
2082
2056
2076
2094
2107
2117
2101
2108
2127
2142
2137
2134
2141
2132
2140
2136
2140
2142
2137
2140
2134
2137
2140
2139
2141
2141
2133
2129
2123
2116
2110
2111
2105
2115
2116
2124
2123
2130
2134
2154
2153
2152
2130
2131
2119
2097
2089
2076
2078
2086
2093
2090
2093
2092
2091
2093
2092
2065
2026
2032
2074
2102
2102
2106
2122
2132
2135
2137
2137
2137
2140
2139
2141
2142
2144
2139
2137
2136
2136
2146
2140
2131
2127
2117
2114
2113
2107
2106
2115
2116
2123
2137
2139
2146
2114
2113
2111
2101
2074
2070
2071
2084
2083
2093
2083
2080
2066
2068
2101
2127
2116
2140
2138
2146
2148
2150
2147
2151
2155
2154
2156
2149
2142
2153
2149
2147
2140
2142
2136
2134
2130
2128
2128
2116
2113
2110
2108
2107
2106
2102
2110
2103
2113
2108
2116
2116
2122
2129
2151
2154
2156
2129
2132
2149
2139
2138
2141
2128
2134
2124
2129
2125
2126
2107
2078
2060
2071
2085
2106
2117
2094
2114
2117
2132
2127
2134
2135
2133
2129
2136
2126
2134
2141
2140
2139
2133
2140
2124
2138
2130
2125
2131
2127
2124
2117
2117
2121
2119
2117
2121
2117
2115
2111
2119
2117
2121
2117
2093
2084
2097
2121
2137
2122
2111
2113
2098
2103
2090
2075
2044
2060
2072
2093
2108
2107
2111
2134
2140
2140
2145
2142
2143
2141
2150
2143
2158
2154
2144
2150
2138
2139
2138
2122
2118
2100
2062
2053
2052
2072
2086
2119
2159
2125
2125
2120
2123
2117
2125
2109
2114
2126
2114
2116
2102
2110
2122
2138
2120
2141
2140
2143
2137
2135
2142
2143
2143
2134
2138
2138
2133
2141
2139
2139
2141
2130
2133
2134
2129
2124
2115
2105
2097
2084
2096
2090
2091
2102
2109
2121
2123
2139
2136
2111
2125
2142
2167
2108
2109
2103
2074
2061
2069
2090
2115
2104
2105
2140
2139
2148
2140
2146
2138
2146
2141
2134
2135
2132
2131
2133
2130
2126
2135
2134
2127
2128
2121
2118
2120
2120
2119
2116
2120
2121
2122
2124
2117
2121
2112
2133
2151
2147
2108
2115
2145
2129
2145
2119
2105
2109
2108
2105
2084
2070
2080
2094
2124
2127
2121
2138
2141
2143
2144
2136
2145
2134
2135
2132
2135
2134
2141
2134
2131
2127
2123
2118
2112
2110
2102
2107
2105
2113
2103
2098
2098
2088
2090
2090
2090
2092
2109
2115
2121
2098
2097
2086
2129
2136
2126
2112
2113
2113
2095
2063
2074
2093
2120
2138
2152
2138
2160
2168
2173
2168
2192
2175
2184
2175
2178
2173
2176
2180
2174
2167
2162
2158
2158
2146
2130
2129
2118
2105
2107
2100
2109
2104
2096
2101
2102
2122
2124
2142
2145
2128
2136
2136
2142
2129
2143
2118
2108
2105
2087
2098
2060
2054
2091
2112
2124
2123
2151
2135
2140
2142
2144
2144
2134
2158
2146
2141
2140
2148
2146
2152
2154
2150
2158
2155
2158
2134
2132
2125
2122
2110
2118
2112
2110
2103
2096
2087
2085
2089
2087
2097
2099
2097
2095
2132
2140
2108
2095
2121
2114
2124
2128
2119
2108
2106
2107
2088
2082
2085
2112
2123
2157
2171
2169
2168
2171
2165
2166
2157
2167
2165
2172
2159
2160
2158
2167
2161
2165
2157
2156
2164
2158
2159
2153
2155
2147
2151
2139
2145
2137
2138
2120
2132
2123
2125
2122
2125
2126
2122
2123
2126
2119
2124
2134
2143
2146
2132
2124
2135
2136
2128
2129
2108
2087
2086
2091
2124
2135
2119
2138
2129
2135
2133
2130
2134
2138
2138
2133
2131
2130
2136
2137
2139
2144
2130
2124
2120
2122
2121
2125
2119
2118
2110
2107
2114
2116
2117
2118
2117
2110
2113
2123
2128
2113
2102
2109
2110
2112
2126
2119
2111
2116
2117
2108
2092
2086
2100
2111
2117
2124
2144
2120
2132
2141
2148
2146
2156
2154
2139
2135
2134
2137
2156
2162
2162
2152
2147
2151
2152
2172
2145
2132
2104
2104
2094
2087
2108
2123
2132
2125
2136
2144
2160
2143
2136
2138
2141
2128
2130
2127
2134
2146
2148
2146
2134
2122
2108
2097
2098
2099
2115
2111
2114
2102
2126
2140
2141
2135
2120
2123
2113
2139
2151
2138
2130
2129
2126
2128
2133
2125
2135
2115
2112
2099
2106
2116
2124
2113
2100
2102
2098
2108
2117
2131
2134
2110
2129
2098
2103
2117
2117
2108
2079
2087
2101
2107
2115
2096
2102
2089
2110
2128
2142
2141
2156
2145
2141
2141
2162
2166
2162
2157
2145
2137
2143
2161
2166
2167
2151
2147
2150
2145
2149
2129
2133
2082
2058
2088
2116
2138
2123
2113
2106
2147
2169
2143
2117
2100
2100
2104
2128
2140
2141
2123
2109
2084
2087
2072
2092
2115
2105
2087
2119
2129
2145
2150
2144
2125
2120
2124
2142
2147
2148
2140
2118
2121
2126
2147
2147
2139
2110
2101
2105
2116
2125
2126
2101
2095
2079
2099
2111
2116
2107
2091
2079
2079
2095
2107
2102
2087
2080
2100
2136
2164
2139
2084
2107
2098
2129
2127
2110
2104
2089
2060
2018
2076
2098
2127
2109
2107
2120
2144
2148
2146
2136
2124
2121
2133
2148
2149
2141
2139
2123
2126
2127
2132
2141
2122
2124
2106
2114
2114
2124
2132
2115
2108
2090
2096
2103
2109
2114
2096
2090
2101
2132
2146
2140
2126
2123
2106
2115
2124
2136
2133
2116
2105
2098
2088
2072
2094
2107
2112
2109
2100
2109
2137
2125
2136
2121
2115
2116
2116
2128
2129
2129
2129
2123
2117
2111
2130
2126
2136
2125
2106
2113
2111
2124
2133
2124
2116
2102
2098
2095
2107
2114
2108
2104
2095
2108
2118
2135
2124
2115
2114
2114
2122
2134
2122
2112
2116
2116
2117
2105
2106
2104
2089
2077
2086
2097
2107
2111
2111
2135
2147
2142
2132
2138
2130
2137
2150
2150
2148
2147
2153
2145
2157
2156
2146
2153
2145
2148
2136
2130
2123
2127
2133
2132
2129
2123
2124
2133
2152
2152
2172
2156
2133
2132
2121
2095
2087
2095
2094
2100
2105
2116
2115
2096
2084
2072
2090
2108
2115
2118
2122
2133
2133
2142
2132
2131
2120
2127
2139
2139
2124
2124
2115
2123
2127
2131
2132
2119
2116
2107
2122
2124
2134
2122
2116
2107
2124
2129
2152
2128
2129
2106
2126
2148
2151
2116
2113
2116
2116
2115
2109
2105
2103
2104
2113
2117
2115
2115
2107
2116
2119
2136
2126
2124
2119
2122
2120
2110
2107
2082
2047
2020
2077
2120
2141
2151
2139
2159
2149
2156
2145
2146
2151
2151
2149
2145
2136
2140
2140
2154
2155
2145
2142
2152
2154
2156
2155
2146
2146
2145
2146
2154
2154
2150
2164
2160
2164
2172
2170
2162
2168
2170
2165
2148
2127
2110
2096
2112
2116
2118
2108
2102
2110
2120
2117
2115
2103
2107
2095
2102
2117
2098
2114
2140
2139
2147
2145
2133
2135
2132
2132
2138
2133
2129
2124
2120
2129
2132
2119
2107
2102
2109
2113
2113
2100
2096
2100
2111
2117
2118
2105
2103
2106
2111
2111
2106
2107
2117
2122
2132
2138
2130
2140
2162
2161
2148
2148
2137
2139
2143
2132
2135
2125
2106
2102
2115
2122
2123
2110
2083
2067
2078
2083
2114
2127
2133
2124
2128
2155
2151
2154
2155
2155
2161
2149
2145
2134
2139
2146
2158
2145
2144
2135
2141
2150
2157
2151
2138
2129
2131
2137
2140
2138
2129
2131
2127
2136
2147
2146
2164
2165
2185
2150
2148
2155
2125
2122
2114
2114
2114
2115
2115
2108
2123
2118
2115
2102
2075
2065
2084
2101
2117
2101
2122
2136
2140
2141
2139
2128
2132
2131
2150
2155
2155
2146
2135
2136
2143
2147
2153
2131
2123
2122
2124
2122
2129
2126
2133
2121
2123
2124
2130
2139
2149
2138
2126
2135
2123
2122
2114
2123
2125
2122
2114
2107
2104
2107
2124
2118
2108
2105
2113
2129
2147
2144
2144
2161
2168
2153
2154
2152
2154
2161
2167
2162
2157
2153
2155
2151
2163
2164
2169
2157
2142
2132
2122
2129
2121
2123
2106
2106
2106
2097
2108
2107
2111
2113
2116
2132
2124
2138
2137
2134
2134
2137
2124
2127
2130
2132
2130
2130
2122
2109
2098
2099
2094
2080
2085
2093
2108
2112
2115
2093
2130
2131
2145
2140
2130
2136
2138
2143
2154
2155
2153
2143
2136
2138
2137
2147
2145
2141
2113
2125
2114
2117
2120
2118
2122
2114
2099
2100
2097
2115
2115
2119
2112
2111
2133
2145
2136
2130
2140
2130
2133
2123
2123
2126
2136
2130
2109
2079
2070
2096
2120
2142
2140
2128
2131
2132
2138
2162
2165
2166
2153
2143
2149
2149
2165
2163
2166
2155
2146
2139
2139
2145
2143
2139
2122
2122
2113
2119
2126
2138
2138
2119
2124
2111
2115
2119
2121
2130
2103
2114
2128
2155
2160
2151
2147
2154
2134
2143
2150
2161
2152
2132
2127
2114
2113
2109
2101
2089
2092
2097
2117
2111
2128
2144
2146
2134
2129
2130
2133
2146
2146
2138
2136
2123
2128
2127
2137
2144
2146
2132
2127
2110
2128
2124
2127
2118
2108
2100
2103
2109
2117
2119
2107
2109
2106
2115
2130
2126
2109
2108
2098
2118
2134
2119
2121
2113
2107
2098
2088
2077
2084
2101
2110
2114
2116
2117
2147
2153
2156
2139
2143
2148
2165
2158
2173
2160
2151
2141
2162
2156
2166
2152
2152
2136
2123
2134
2132
2133
2116
2109
2111
2122
2132
2133
2135
2130
2119
2129
2129
2120
2136
2161
2160
2123
2123
2111
2119
2111
2121
2100
2083
2069
2082
2117
2142
2117
2143
2139
2149
2153
2152
2149
2147
2152
2141
2149
2155
2157
2166
2158
2161
2150
2147
2145
2147
2143
2145
2130
2118
2120
2122
2118
2126
2113
2097
2101
2100
2114
2102
2117
2129
2127
2111
2095
2107
2118
2126
2126
2115
2089
2088
2078
2059
2045
2056
2067
2091
2110
2098
2129
2133
2129
2117
2122
2119
2126
2124
2135
2126
2124
2128
2135
2134
2131
2133
2135
2132
2128
2126
2133
2130
2131
2134
2128
2114
2121
2124
2127
2136
2137
2156
2147
2122
2125
2113
2098
2096
2083
2091
2109
2098
2105
2105
2098
2102
2100
2107
2099
2107
2117
2114
2122
2112
2108
2113
2120
2112
2115
2111
2109
2119
2102
2114
2110
2109
2107
2111
2102
2114
2106
2098
2109
2096
2111
2101
2105
2101
2100
2108
2101
2094
2093
2094
2090
2096
2113
2108
2109
2094
2094
2097
2090
2097
2103
2102
2102
2095
2096
2095
2097
2100
2107
2094
2087
2086
2099
2113
2098
2120
2128
2133
2129
2149
2142
2142
2145
2140
2141
2138
2140
2142
2145
2141
2139
2140
2132
2133
2144
2139
2141
2140
2136
2136
2145
2133
2138
2135
2131
2139
2127
2136
2133
2149
2137
2144
2130
2131
2125
2121
2129
2111
2117
2117
2114
2110
2112
2104
2113
2102
2096
2081
2073
2109
2089
2100
2122
2130
2131
2126
2123
2134
2133
2124
2133
2128
2135
2138
2133
2136
2129
2120
2121
2125
2121
2119
2120
2119
2127
2120
2113
2116
2114
2120
2123
2120
2115
2121
2122
2120
2135
2134
2136
2122
2121
2121
2123
2121
2128
2117
2123
2114
2120
2126
2125
2124
2124
2117
2111
2111
2128
2129
2142
2128
2158
2155
2164
2160
2161
2166
2168
2159
2168
2155
2154
2145
2150
2139
2138
2134
2140
2134
2138
2137
2139
2129
2134
2124
2126
2122
2128
2125
2119
2130
2120
2130
2129
2128
2123
2130
2130
2129
2145
2148
2146
2128
2136
2136
2130
2129
2130
2128
2115
2116
2117
2121
2113
2122
2115
2101
2093
2070
2085
2095
2109
2116
2114
2115
2135
2137
2142
2135
2134
2134
2137
2136
2132
2136
2133
2132
2134
2136
2122
2132
2122
2114
2125
2109
2123
2107
2110
2108
2104
2108
2106
2113
2109
2120
2115
2142
2153
2189
2110
2138
2098
2092
2093
2094
2083
2100
2094
2099
2095
2107
2104
2109
2110
2114
2126
2121
2127
2124
2132
2135
2120
2119
2111
2108
2094
2074
2066
2072
2077
2108
2124
2105
2141
2137
2141
2136
2138
2134
2139
2136
2139
2143
2139
2141
2136
2145
2144
2146
2137
2155
2143
2121
2108
2096
2090
2100
2120
2133
2143
2167
2174
2155
2153
2162
2144
2140
2145
2125
2131
2120
2123
2123
2120
2118
2125
2109
2100
2063
2035
2055
2078
2102
2115
2107
2120
2139
2137
2145
2133
2136
2140
2146
2145
2140
2145
2146
2141
2141
2138
2131
2144
2144
2142
2124
2116
2106
2113
2117
2137
2152
2163
2136
2141
2129
2108
2106
2091
2090
2091
2104
2108
2112
2109
2112
2109
2111
2103
2093
2068
2071
2089
2117
2099
2127
2138
2139
2144
2138
2132
2137
2142
2147
2139
2150
2139
2140
2141
2138
2135
2143
2129
2135
2129
2126
2129
2120
2123
2124
2135
2136
2146
2153
2159
2146
2140
2150
2114
2105
2093
2114
2112
2122
2106
2106
2107
2100
2087
2083
2101
2100
2098
2107
2129
2130
2130
2127
2129
2134
2127
2134
2129
2130
2135
2135
2132
2140
2133
2133
2139
2122
2137
2119
2125
2116
2117
2107
2111
2108
2110
2105
2110
2106
2106
2107
2096
2109
2109
2109
2112
2113
2118
2132
2127
2102
2109
2117
2117
2117
2124
2121
2116
2115
2121
2129
2107
2072
2062
2080
2101
2114
2125
2116
2115
2133
2141
2137
2142
2146
2146
2145
2148
2146
2146
2146
2142
2138
2141
2137
2150
2138
2145
2126
2125
2124
2113
2115
2115
2107
2106
2104
2099
2108
2110
2113
2117
2113
2118
2123
2128
2142
2148
2159
2123
2136
2135
2140
2128
2126
2117
2110
2109
2094
2070
2068
2092
2116
2129
2113
2128
2138
2143
2136
2149
2145
2145
2134
2144
2148
2141
2136
2147
2145
2146
2145
2147
2136
2138
2135
2130
2128
2122
2127
2126
2126
2126
2129
2140
2149
2132
2131
2096
2107
2104
2103
2124
2122
2115
2105
2116
2107
2089
2079
2078
2094
2119
2128
2116
2152
2155
2164
2162
2165
2167
2159
2173
2166
2164
2160
2166
2151
2163
2160
2164
2152
2157
2140
2142
2138
2138
2122
2132
2138
2140
2139
2140
2141
2146
2156
2146
2134
2121
2129
2142
2132
2122
2129
2124
2130
2124
2123
2121
2127
2106
2083
2094
2110
2127
2111
2130
2137
2141
2133
2144
2145
2138
2138
2145
2135
2148
2144
2140
2146
2145
2150
2144
2154
2140
2132
2122
2127
2115
2115
2110
2114
2117
2127
2120
2129
2128
2108
2102
2107
2119
2124
2116
2109
2110
2117
2116
2101
2098
2077
2090
2093
2114
2134
2119
2143
2149
2157
2156
2164
2158
2159
2156
2154
2149
2152
2155
2152
2151
2154
2145
2144
2136
2137
2127
2127
2128
2124
2123
2120
2127
2121
2126
2117
2119
2126
2124
2131
2126
2132
2139
2145
2158
2134
2129
2136
2140
2135
2138
2124
2137
2133
2144
2128
2134
2126
2111
2122
2107
2096
2099
2111
2116
2119
2117
2114
2135
2126
2134
2138
2139
2132
2142
2131
2127
2135
2120
2126
2119
2118
2111
2117
2115
2117
2109
2109
2122
2114
2131
2128
2120
2128
2123
2129
2123
2128
2125
2117
2122
2124
2126
2122
2118
2120
2123
2127
2137
2140
2128
2123
2116
2128
2120
2129
2129
2131
2137
2116
2108
2082
2102
2094
2099
2102
2093
2110
2093
2099
2095
2096
2096
2094
2107
2106
2104
2114
2097
2095
2083
2075
2074
2046
2062
2093
2118
2121
2128
2140
2135
2148
2137
2141
2147
2138
2148
2158
2151
2158
2141
2145
2138
2140
2143
2170
2155
2134
2128
2100
2091
2101
2089
2089
2076
