2121
2110
2121
2129
2127
2124
2121
2136
2114
2117
2105
2116
2103
2120
2106
2107
2116
2109
2106
2103
2109
2110
2107
2114
2115
2124
2123
2113
2110
2104
2101
2110
2122
2111
2120
2108
2110
2114
2098
2118
2110
2123
2111
2117
2106
2098
2113
2102
2107
2098
2108
2114
2113
2106
2118
2118
2117
2126
2124
2116
2129
2119
2122
2150
2132
2134
2138
2143
2142
2135
2124
2137
2137
2133
2126
2139
2144
2151
2138
2127
2124
2131
2138
2128
2132
2130
2133
2145
2136
2117
2115
2126
2125
2138
2130
2127
2124
2123
2114
2122
2112
2113
2113
2106
2107
2102
2115
2110
2113
2096
2102
2102
2116
2103
2113
2106
2102
2112
2097
2111
2114
2118
2119
2114
2116
2118
2105
2117
2111
2107
2114
2107
2118
2091
2106
2100
2105
2096
2109
2105
2099
2116
2109
2119
2104
2109
2100
2101
2122
2106
2099
2116
2095
2103
2095
2106
2096
2117
2103
2104
2104
2096
2108
2106
2108
2113
2099
2111
2104
2112
2114
2114
2120
2116
2109
2104
2111
2111
2119
2120
2136
2119
2127
2108
2112
2108
2095
2109
2111
2116
2106
2117
2113
2117
2110
2101
2097
2090
2116
2094
2102
2085
2096
2088
2086
2080
2081
2096
2106
2105
2106
2085
2089
2084
2109
2109
2125
2132
2140
2128
2119
2128
2108
2101
2113
2113
2111
2110
2097
2099
2103
2101
2100
2102
2095
2104
2098
2112
2105
2103
2115
2109
2113
2114
2127
2109
2109
2116
2109
2100
2099
2109
2118
2118
2131
2127
2131
2127
2123
2126
2119
2115
2116
2108
2135
2124
2129
2127
2117
2130
2119
2125
2133
2123
2111
2114
2113
2121
2094
2106
2077
2069
2082
2074
2090
2071
2066
2072
2063
2068
2059
2073
2078
2044
2110
2093
2089
2107
2108
2107
2111
2125
2113
2118
2121
2101
2113
2112
2118
2129
2116
2121
2112
2104
2098
2109
2111
2111
2101
2110
2098
2092
2098
2100
2118
2102
2111
2114
2120
2129
2123
2121
2130
2114
2118
2121
2121
2123
2121
2135
2122
2111
2118
2119
2106
2090
2077
2083
2097
2070
2069
2049
2015
2036
2067
2079
2106
2067
2121
2132
2146
2139
2132
2126
2132
2126
2140
2131
2140
2144
2136
2143
2146
2143
2160
2143
2133
2138
2141
2148
2138
2138
2134
2106
2107
2087
2090
2093
2109
2114
2126
2127
2149
2113
2106
2101
2114
2093
2104
2086
2102
2084
2107
2101
2093
2119
2114
2104
2087
2086
2083
2097
2102
2142
2149
2147
2159
2158
2148
2173
2155
2175
2160
2160
2153
2158
2151
2154
2143
2135
2121
2132
2126
2124
2138
2119
2126
2108
2113
2093
2124
2100
2125
2095
2103
2093
2078
2084
2065
2091
2077
2097
2092
2102
2098
2064
2100
2088
2095
2088
2082
2091
2072
2088
2083
2085
2064
2042
2057
2079
2112
2095
2102
2136
2131
2115
2123
2109
2116
2125
2125
2121
2130
2127
2120
2134
2124
2145
2127
2137
2123
2129
2112
2115
2136
2134
2132
2121
2129
2135
2136
2133
2140
2122
2126
2114
2105
2099
2109
2111
2113
2119
2123
2120
2150
2147
2160
2160
2153
2155
2122
2128
2129
2145
2150
2150
2169
2168
2177
2160
2179
2185
2175
2162
2168
2182
2162
2167
2162
2172
2154
2159
2157
2148
2163
2145
2148
2144
2125
2109
2123
2123
2117
2119
2113
2112
2121
2146
2131
2119
2117
2128
2135
2140
2162
2135
2125
2129
2120
2068
2109
2129
2129
2153
2126
2148
2155
2134
2151
2160
2151
2154
2151
2150
2153
2138
2142
2141
2140
2137
2127
2127
2115
2117
2103
2120
2111
2112
2099
2100
2109
2098
2104
2131
2110
2120
2123
2116
2121
2130
2138
2159
2145
2128
2125
2129
2129
2109
2142
2136
2113
2119
2098
2070
2078
2108
2109
2119
2117
2115
2120
2137
2128
2133
2133
2149
2124
2134
2131
2123
2141
2132
2130
2150
2123
2140
2143
2140
2142
2130
2136
2129
2112
2124
2127
2123
2108
2127
2102
2098
2112
2129
2119
2095
2124
2111
2129
2124
2104
2100
2105
2084
2080
2082
2109
2149
2112
2157
2144
2152
2161
2154
2170
2158
2152
2154
2157
2156
2148
2146
2148
2140
2155
2140
2144
2134
2122
2109
2109
2116
2114
2097
2107
2122
2110
2116
2110
2115
2124
2130
2142
2156
2145
2155
2139
2151
2137
2128
2138
2107
2107
2104
2083
2063
2062
2081
2094
2132
2118
2121
2130
2147
2129
2128
2139
2138
2139
2141
2141
2132
2131
2130
2140
2132
2143
2122
2149
2145
2120
2140
2128
2137
2127
2111
2140
2114
2118
2114
2097
2118
2098
2133
2123
2144
2130
2110
2113
2113
2105
2104
2107
2104
2105
2093
2101
2092
2115
2079
2058
2074
2075
2081
2101
2101
2095
2128
2129
2118
2132
2137
2134
2133
2125
2144
2130
2128
2129
2123
2131
2116
2114
2121
2120
2108
2104
2102
2104
2106
2109
2097
2097
2109
2120
2129
2113
2121
2143
2140
2129
2114
2104
2095
2104
2111
2107
2096
2094
2089
2042
2053
2091
2098
2111
2123
2146
2117
2141
2134
2116
2129
2119
2141
2131
2135
2129
2115
2132
2119
2118
2136
2115
2140
2119
2122
2112
2124
2113
2126
2108
2116
2104
2124
2100
2120
2115
2103
2106
2123
2131
2135
2139
2123
2134
2136
2137
2147
2137
2108
2104
2104
2071
2045
2053
2053
2069
2120
2114
2113
2125
2137
2122
2138
2133
2146
2126
2146
2140
2133
2133
2141
2116
2131
2135
2121
2133
2128
2130
2142
2139
2121
2119
2116
2111
2103
2110
2115
2110
2104
2110
2096
2125
2116
2085
2097
2108
2098
2140
2121
2103
2116
2092
2101
2070
2075
2058
2080
2123
2112
2129
2136
2147
2138
2147
2149
2136
2139
2132
2130
2133
2141
2132
2130
2136
2114
2136
2141
2137
2136
2136
2136
2147
2128
2139
2125
2127
2115
2123
2112
2115
2100
2100
2090
2105
2098
2108
2121
2139
2138
2123
2110
2109
2126
2127
2133
2125
2118
2094
2097
2105
2083
2076
2065
2074
2085
2107
2101
2122
2075
2124
2133
2140
2139
2127
2128
2122
2137
2134
2133
2147
2153
2151
2147
2136
2129
2139
2117
2114
2113
2096
2112
2101
2107
2098
2101
2118
2122
2122
2125
2116
2144
2132
2148
2134
2130
2147
2143
2148
2145
2132
2119
2125
2124
2103
2073
2062
2087
2108
2130
2124
2125
2149
2132
2151
2148
2142
2144
2140
2140
2138
2160
2163
2152
2161
2157
2153
2125
2165
2135
2124
2137
2126
2130
2122
2098
2120
2110
2148
2105
2107
2107
2114
2111
2109
2104
2100
2084
2072
2064
2104
2108
2135
2120
2116
2137
2139
2141
2126
2143
2124
2133
2127
2140
2135
2133
2146
2140
2145
2137
2142
2130
2127
2118
2111
2091
2096
2079
2100
2090
2099
2078
2081
2080
2090
2100
2119
2114
2126
2110
2116
2129
2141
2122
2120
2098
2108
2088
2064
2023
2041
2078
2111
2107
2118
2128
2136
2125
2142
2128
2146
2140
2133
2138
2136
2129
2144
2145
2127
2147
2127
2138
2117
2119
2113
2109
2103
2098
2103
2099
2095
2111
2149
2137
2113
2103
2115
2117
2110
2097
2098
2092
2072
2035
2077
2102
2127
2136
2105
2135
2137
2142
2141
2145
2129
2137
2130
2132
2139
2144
2140
2140
2138
2140
2128
2129
2141
2121
2117
2112
2097
2079
2070
2092
2083
2093
2102
2116
2119
2121
2102
2118
2113
2127
2114
2124
2104
2106
2104
2106
2097
2083
2051
2075
2085
2112
2121
2117
2104
2128
2131
2133
2146
2140
2142
2149
2149
2141
2144
2152
2148
2169
2155
2183
2155
2143
2136
2147
2123
2121
2119
2122
2118
2123
2124
2129
2141
2133
2096
2091
2090
2102
2106
2096
2094
2090
2086
2071
2051
2081
2113
2129
2111
2135
2142
2127
2146
2134
2142
2139
2135
2143
2144
2143
2145
2145
2163
2162
2159
2168
2138
2134
2123
2115
2123
2063
2023
2016
2037
2067
2076
2094
2126
2184
2165
2124
2139
2115
2120
2115
2112
2119
2082
2052
2076
2132
2146
2109
2156
2154
2149
2142
2152
2148
2155
2153
2146
2159
2141
2159
2147
2146
2150
2142
2135
2134
2125
2136
2123
2111
2124
2111
2106
2111
2124
2127
2131
2139
2174
2172
2126
2167
2153
2107
2107
2106
2105
2107
2085
2054
2029
2046
2069
2114
2090
2117
2152
2149
2148
2143
2151
2128
2144
2148
2143
2155
2142
2144
2128
2142
2139
2138
2137
2120
2109
2127
2117
2109
2108
2117
2124
2139
2108
2103
2092
2093
2099
2104
2113
2089
2076
2065
2070
2054
2060
2088
2106
2081
2122
2127
2132
2119
2144
2138
2130
2138
2138
2144
2153
2127
2158
2125
2146
2119
2143
2125
2133
2123
2134
2121
2119
2128
2117
2103
2104
2096
2099
2108
2097
2119
2125
2068
2099
2100
2127
2116
2095
2098
2084
2081
2059
2040
2064
2085
2106
2092
2128
2130
2147
2139
2133
2124
2142
2142
2134
2121
2134
2151
2154
2184
2180
2122
2099
2077
2031
2042
2028
2038
2092
2112
2139
2189
2158
2096
2113
2099
2075
2097
2107
2116
2110
2100
2102
2059
2074
2078
2118
2132
2105
2135
2126
2140
2131
2131
2129
2135
2145
2136
2149
2156
2144
2155
2149
2155
2144
2146
2131
2142
2136
2104
2098
2105
2095
2109
2108
2130
2125
2127
2090
2100
2133
2143
2146
2093
2108
2101
2078
2060
2078
2097
2116
2128
2099
2128
2128
2130
2138
2141
2144
2142
2156
2143
2148
2129
2146
2141
2139
2145
2144
2128
2129
2108
2104
2081
2088
2084
2105
2085
2092
2090
2082
2121
2122
2138
2113
2113
2129
2145
2135
2122
2127
2106
2094
2053
2055
2085
2130
2133
2118
2153
2137
2134
2145
2136
2156
2137
2153
2145
2161
2155
2148
2162
2164
2170
2161
2162
2145
2126
2133
2112
2124
2109
2098
2098
2127
2116
2136
2103
2096
2095
2133
2145
2120
2109
2104
2078
2059
2069
2091
2108
2126
2103
2127
2120
2123
2121
2114
2126
2128
2123
2142
2133
2146
2132
2153
2142
2148
2140
2129
2120
2100
2098
2086
2058
2076
2072
2088
2087
2135
2124
2142
2092
2125
2123
2131
2125
2127
2128
2095
2067
2064
2082
2116
2130
2125
2119
2137
2132
2139
2151
2157
2142
2146
2145
2132
2138
2147
2142
2155
2146
2150
2137
2136
2120
2127
2111
2110
2104
2089
2083
2099
2097
2120
2084
2086
2106
2122
2106
2093
2094
2093
2061
2056
2068
2090
2108
2109
2124
2138
2125
2146
2117
2141
2132
2129
2137
2134
2124
2139
2138
2145
2135
2124
2137
2118
2123
2100
2110
2086
2095
2082
2090
2087
2110
2098
2116
2134
2152
2122
2132
2139
2144
2153
2142
2150
2122
2104
2071
2083
2109
2139
2150
2126
2135
2124
2135
2132
2145
2136
2135
2136
2126
2144
2135
2149
2148
2140
2144
2146
2130
2139
2123
2113
2106
2109
2100
2095
2104
2106
2098
2096
2106
2115
2140
2133
2111
2104
2123
2131
2138
2110
2105
2078
2041
2062
2082
2115
2122
2139
2119
2144
2135
2139
2135
2127
2134
2131
2130
2140
2144
2136
2134
2131
2145
2134
2134
2125
2132
2123
2126
2116
2107
2095
2093
2097
2094
2085
2091
2103
2087
2121
2127
2157
2128
2119
2143
2138
2130
2126
2109
2106
2046
2060
2080
2127
2135
2131
2143
2155
2143
2166
2146
2143
2136
2143
2126
2156
2144
2143
2140
2162
2153
2159
2145
2138
2158
2130
2130
2114
2129
2107
2109
2091
2096
2116
2117
2139
2097
2119
2140
2148
2108
2096
2097
2082
2046
2066
2094
2102
2112
2108
2127
2128
2131
2114
2129
2125
2133
2122
2116
2135
2140
2129
2134
2138
2136
2136
2130
2126
2099
2119
2106
2091
2085
2089
2069
2092
2102
2113
2143
2114
2124
2125
2123
2124
2109
2123
2113
2110
2098
2061
2073
2094
2137
2116
2120
2134
2145
2154
2140
2129
2135
2142
2150
2140
2150
2147
2150
2144
2140
2157
2152
2145
2145
2144
2136
2126
2110
2161
2142
2140
2130
2130
2135
2136
2123
2111
2120
2108
2095
2099
2106
2107
2126
2099
2119
2116
2107
2086
2035
2012
2092
2136
2139
2146
2161
2162
2154
2154
2152
2146
2149
2132
2136
2131
2132
2134
2138
2172
2170
2135
2146
2144
2132
2125
2123
2112
2114
2119
2120
2124
2123
2130
2125
2114
2123
2113
2114
2114
2112
2108
2119
2113
2107
2075
2019
2045
2066
2036
2016
2030
2072
2083
2142
2141
2147
2153
2158
2152
2160
2155
2158
2156
2157
2150
2147
2150
2147
2155
2159
2156
2147
2149
2135
2133
2115
2116
2099
2106
2102
2117
2124
2128
2161
2164
2129
2109
2138
2123
2135
2117
2114
2120
2114
2122
2103
2097
2059
2016
2008
2045
2098
2108
2108
2102
2129
2134
2148
2138
2141
2141
2156
2169
2163
2172
2172
2154
2163
2153
2145
2146
2137
2120
2122
2124
2125
2130
2124
2124
2149
2153
2143
2087
2074
2091
2106
2130
2094
2103
2085
2091
2091
2082
2093
2109
2129
2134
2123
2147
2137
2146
2146
2133
2149
2140
2147
2136
2132
2144
2148
2154
2161
2163
2162
2167
2154
2153
2135
2132
2126
2115
2063
2063
2075
2091
2133
2168
2135
2109
2113
2085
2091
2084
2076
2065
2063
2057
2030
2052
2075
2112
2116
2133
2143
2141
2148
2141
2143
2136
2149
2150
2142
2150
2134
2148
2142
2138
2136
2146
2146
2129
2119
2110
2092
2088
2090
2090
2098
2089
2102
2101
2097
2104
2104
2124
2117
2148
2143
2168
2106
2114
2131
2129
2130
2115
2111
2097
2074
2010
2050
2083
2118
2108
2105
2125
2126
2122
2131
2134
2130
2127
2135
2122
2133
2127
2135
2140
2137
2135
2129
2142
2136
2119
2090
2078
2083
2079
2073
2076
2086
2148
2109
2098
2156
2129
2096
2049
2073
2029
2018
2052
2094
2122
2105
2143
2145
2152
2141
2144
2134
2145
2129
2145
2140
2149
2150
2148
2156
2147
2155
2132
2148
2120
2108
2089
2093
2093
2102
2085
2088
2071
2086
2099
2117
2110
2121
2139
2132
2120
2105
2087
2054
2059
2082
2129
2144
2138
2143
2151
2149
2142
2142
2140
2147
2147
2149
2147
2147
2152
2154
2162
2168
2154
2143
2143
2126
2123
2115
2113
2098
2088
2080
2085
2083
2089
2105
2112
2091
2101
2127
2103
2075
2062
2025
2026
2036
2092
2118
2129
2146
2139
2151
2147
2137
2123
2138
2129
2133
2146
2134
2155
2132
2147
2139
2152
2150
2139
2119
2125
2100
2107
2087
2100
2087
2117
2107
2121
2108
2130
2161
2177
2165
2138
2174
2146
2165
2085
2011
2006
2070
2126
2137
2122
2151
2138
2141
2146
2146
2142
2149
2143
2141
2141
2124
2143
2137
2135
2133
2136
2133
2131
2123
2116
2117
2108
2109
2109
2100
2107
2089
2110
2101
2133
2148
2131
2103
2116
2138
2132
2164
2120
2112
2109
2081
2035
2023
2057
2075
2094
2121
2110
2120
2136
2145
2136
2137
2142
2136
2137
2142
2147
2150
2151
2153
2155
2164
2163
2168
2164
2064
2038
2049
2127
2195
2132
2104
2072
2069
2086
2091
2097
2085
2085
2072
2042
2060
2090
2110
2124
2153
2153
2160
2158
2155
2157
2163
2148
2165
2162
2172
2164
2163
2161
2155
2148
2143
2134
2125
2118
2107
2105
2103
2084
2112
2160
2112
2090
2119
2116
2106
2082
2055
2049
2009
1999
2027
2071
2116
2107
2147
2143
2151
2150
2162
2166
2168
2169
2163
2162
2166
2166
2162
2165
2160
2158
2164
2149
2133
2125
2109
2090
2097
2081
2088
2079
2100
2097
2107
2110
2116
2122
2149
2173
2158
2115
2138
2155
2141
2148
2119
2096
2078
2027
2042
2085
2130
2141
2118
2141
2151
2144
2135
2148
2141
2152
2132
2138
2146
2140
2141
2139
2130
2145
2135
2132
2131
2129
2115
2111
2110
2110
2111
2107
2107
2103
2106
2110
2111
2134
2131
2182
2142
2126
2150
2152
2159
2110
2100
2105
2087
2037
2050
2081
2101
2127
2127
2114
2120
2142
2142
2134
2139
2139
2138
2136
2141
2139
2144
2140
2142
2134
2143
2138
2136
2133
2137
2119
2113
2105
2094
2090
2087
2085
2078
2090
2089
2096
2104
2107
2113
2140
2149
2155
2159
2138
2126
2144
2128
2132
2118
2099
2127
2111
2130
2109
2097
2051
1993
2042
2086
2120
2134
2106
2133
2137
2147
2140
2136
2150
2146
2155
2153
2140
2146
2135
2161
2149
2151
2134
2139
2133
2117
2121
2111
2104
2104
2111
2113
2174
2127
2114
2126
2127
2114
2107
2097
2096
2094
2094
2088
2075
2087
2099
2117
2130
2100
2111
2128
2138
2142
2139
2129
2128
2139
2135
2151
2139
2141
2146
2149
2149
2135
2147
2132
2126
2118
2121
2114
2111
2114
2115
2122
2142
2114
2100
2103
2091
2107
2104
2121
2114
2136
2111
2088
2071
2114
2145
2138
2145
2154
2165
2167
2179
2169
2173
2164
2168
2152
2157
2152
2150
2159
2142
2144
2133
2133
2130
2136
2126
2127
2120
2129
2124
2148
2177
2193
2153
2151
2134
2123
2115
2119
2099
2100
2075
2067
2081
2086
2091
2096
2079
2084
2061
2077
2065
2091
2090
2126
2116
2124
2115
2134
2130
2126
2132
2127
2128
2118
2132
2119
2129
2127
2126
2124
2119
2112
2119
2104
2119
2121
2119
2129
2120
2120
2106
2113
2116
2104
2123
2110
2120
2135
2190
2140
2136
2122
2140
2142
2140
2150
2127
2116
2115
2105
2093
2083
2086
2063
2061
2072
2084
2087
2085
2062
2044
2079
2122
2139
2142
2154
2156
2147
2146
2154
2146
2146
2146
2139
2138
2146
2143
2131
2138
2135
2131
2131
2119
2127
2114
2116
2111
2112
2121
2121
2120
2120
2115
2137
2127
2137
2136
2154
2165
2168
2148
2163
2164
2139
2134
2121
2127
2101
2114
2095
2078
2033
1993
2006
2070
2114
2144
2110
2127
2163
2164
2175
2182
2174
2174
2162
2158
2140
2131
2134
2128
2137
2125
2140
2133
2149
2120
2101
2100
2096
2109
2099
2102
2114
2161
2144
2117
2106
2100
2062
2069
2077
2101
2096
2105
2096
2104
2112
2089
2086
2090
2106
2105
2107
2126
2148
2130
2148
2140
2152
2148
2135
2136
2136
2158
2159
2155
2148
2149
2138
2160
2149
2156
2141
2135
2127
2137
2131
2135
2138
2140
2137
2166
2144
2168
2162
2161
2135
2109
2088
2075
2049
2057
2062
2080
2066
2056
2006
1979
1990
2081
2125
2147
2154
2165
2150
2150
2146
2156
2157
2140
2146
2146
2143
2143
2139
2128
2137
2125
2119
2138
2127
2133
2127
2105
2125
2121
2128
2124
2133
2132
2126
2112
2108
2109
2096
2085
2096
2110
2129
2110
2114
2103
2111
2104
2101
2092
2100
2072
2073
2076
2093
2101
2096
2128
2138
2139
2136
2143
2141
2146
2131
2122
2129
2128
2133
2134
2138
2135
2129
2139
2130
2137
2130
2132
2123
2120
2121
2109
2122
2105
2103
2109
2109
2118
2132
2127
2139
2107
2108
2119
2129
2129
2123
2113
2116
2116
2104
2120
2094
2080
2093
2091
2111
2103
2117
2096
2127
2125
2117
2129
2127
2128
2130
2130
2138
2141
2149
2146
2143
2133
2132
2129
2129
2119
2125
2108
2109
2106
2116
2106
2121
2116
2110
2116
2110
2130
2119
2138
2118
2126
2119
2128
2131
2137
2110
2113
2099
2103
2084
2083
2097
2114
2121
2122
2123
2129
2129
2131
2134
2134
2128
2127
2131
2130
2127
2154
2143
2140
2156
2149
2159
2160
2160
2163
2126
2097
2102
2105
2116
2120
2119
2134
2149
2158
2134
2125
2138
2114
2098
2102
2106
2119
2114
2113
2089
2075
2065
2052
2077
2101
2112
2106
2127
2136
2139
2131
2145
2136
2130
2138
2140
2147
2152
2140
2148
2137
2139
2135
2127
2122
2111
2118
2115
2113
2122
2117
2112
2116
2118
2133
2122
2133
2124
2136
2122
2090
2096
2108
2116
2119
2123
2111
2126
2119
2129
2117
2125
2092
2080
2087
2098
2107
2105
2099
2139
2154
2146
2144
2138
2140
2136
2142
2133
2146
2138
2142
2148
2146
2150
2142
2147
2137
2131
2125
2126
2115
2106
2107
2096
2098
2100
2090
2106
2095
2118
2108
2113
2110
2115
2120
2122
2132
2111
2093
2092
2069
2065
2090
2099
2129
2105
2118
2132
2142
2126
2142
2129
2140
2126
2129
2132
2132
2139
2134
2142
2138
2143
2134
2135
2135
2123
2114
2106
2102
2099
2089
2110
2094
2103
2099
2114
2110
2119
2129
2124
2145
2125
2117
2135
2122
2145
2147
2123
2140
2128
2120
2123
2100
2086
2077
2104
2109
2131
2124
2125
2136
2144
2148
2144
2143
2135
2133
2125
2130
2126
2143
2141
2147
2143
2140
2149
2138
2143
2129
2131
2114
2115
2108
2113
2119
2104
2113
2115
2104
2118
2113
2125
2127
2125
2114
2097
2127
2132
2135
2130
2115
2120
2110
2103
2091
2069
2070
2088
2094
2096
2100
2116
2106
2119
2125
2138
2132
2131
2127
2128
2119
2134
2133
2130
2130
2140
2136
2139
2126
2143
2136
2131
2123
2105
2111
2104
2119
2116
2113
2113
2107
2139
2113
2124
2106
2108
2119
2116
2126
2113
2121
2102
2110
2100
2102
2102
2082
2098
2115
2127
2116
2126
2138
2147
2146
2138
2145
2133
2141
2134
2136
2137
2140
2150
2134
2152
2135
2139
2130
2134
2135
2135
2132
2132
2130
2130
2124
2128
2124
2136
2123
2124
2119
2111
2118
2117
2135
2124
2130
2115
2115
2120
2123
2126
2123
2126
2123
2121
2087
2073
2061
2079
2088
2098
2102
2115
2099
2130
2130
2129
2118
2124
2112
2121
2115
2127
2131
2126
2136
2132
2135
2125
2121
2129
2115
2110
2117
2106
2109
2108
2099
2108
2103
2085
2108
2091
2094
2090
2104
2113
2124
2110
2118
2129
2130
2130
2138
2130
2130
2126
2115
2106
2078
2075
2094
2115
2127
2123
2130
2139
2157
2154
2153
2147
2148
2139
2138
2141
2145
2143
2148
2146
2148
2154
2151
2139
2144
2138
2137
2136
2130
2131
2119
2121
2121
2120
2111
2119
2125
2123
2097
2087
2097
2119
2134
2112
2110
2097
2087
2070
2061
2073
2097
2108
2115
2100
2135
2140
2128
2131
2134
2132
2122
2132
2128
2138
2136
2138
2140
2138
2141
2149
2147
2117
2088
2102
2088
2081
2094
2104
2122
2132
2127
2105
2076
2092
2089
2100
2106
2108
2104
2110
2100
2100
2096
2093
2108
2114
2120
2100
2133
2143
2145
2150
2142
2144
2149
2139
2143
2147
2145
2149
2146
2149
2138
2143
2140
2146
2146
2130
2132
2117
2124
2118
2117
2114
2127
2134
2139
2141
2128
2153
2127
2122
2114
2126
2103
2086
2095
2109
2101
2101
2085
2072
2068
2050
2063
2094
2089
2120
2135
2128
2133
2128
2144
2137
2142
2148
2146
2152
2165
2156
2156
2152
2147
2145
2146
2139
2134
2125
2117
2120
2114
2109
2114
2107
2115
2117
2120
2132
2124
2127
2130
2149
2148
2145
2139
2166
2154
2163
2132
2153
2146
2131
2117
2110
2098
2093
2090
2090
2085
2097
2095
2098
2097
2101
2111
2109
2092
2073
2067
2091
2099
2110
2132
2134
2147
2139
2155
2138
2146
2130
2127
2136
2131
2130
2123
2128
2117
2112
2122
2116
2119
2124
2116
2115
2114
2126
2129
2132
2150
2149
2169
2177
2167
2178
2185
2171
2152
2136
2130
2103
2091
2058
2056
2062
2079
2057
2045
2051
2070
2115
2123
2120
2122
2125
2139
2138
2150
2142
2138
2127
2140
2138
2148
2138
2147
2147
2143
2143
2136
2134
2130
2129
2139
2126
2140
2128
2139
2148
2142
2199
2166
2140
2119
2089
2053
1997
2048
2070
2077
2075
2056
2033
2072
2098
2109
2144
2164
2175
2175
2194
2164
2162
2407
2160
2184
2098
2120
2121
2142
2128
2152
2127
2135
2132
2130
2129
2130
2128
2127
2139
2139
2149
2143
2148
2135
2140
2124
2126
2118
2101
2084
2074
2081
2076
2095
2075
2077
2062
2055
2048
2014
2045
2041
2101
2119
2121
2125
2130
2128
2124
2126
2131
2133
2136
2139
2131
2141
2128
2136
2123
2149
2137
2144
2134
2127
2114
2118
2109
2126
2121
2135
2128
2153
2173
2117
2110
2098
2089
2089
2090
2098
2090
2114
2108
2102
2084
2031
2005
2050
2088
2106
2107
2135
2142
2159
2150
2150
2153
2153
2152
2162
2153
2153
2155
2158
2144
2137
2137
2132
2135
2128
2133
2129
2132
2120
2119
2120
2109
2115
2116
2129
2122
2128
2124
2104
2100
2107
2117
2124
2107
2091
2084
2061
2049
2021
2050
2109
2105
2128
2126
2134
2130
2138
2139
2137
2147
2140
2139
2141
2148
2142
2149
2136
2139
2142
2152
2140
2147
2153
2124
2084
2082
2060
2050
2074
2100
2102
2100
2093
2088
2107
2097
2122
2134
2119
2122
2133
2120
2125
2121
2130
2138
2140
2129
2100
2070
2051
2089
2123
2134
2127
2134
2142
2148
2149
2145
2158
2148
2148
2150
2146
2155
2154
2160
2156
2147
2149
2142
2134
2133
2130
2122
2118
2118
2115
2114
2107
2111
2113
2115
2119
2117
2091
2094
2104
2119
2147
2108
2100
2099
2084
2045
2022
2044
2071
2092
2116
2096
2135
2126
2133
2129
2122
2125
2139
2137
2129
2128
2127
2123
2139
2137
2126
2134
2133
2121
2132
2115
2103
2098
2097
2083
2086
2090
2092
2088
2101
2096
2121
2124
2142
2120
2124
2142
2131
2139
2128
2120
2114
2111
2080
2053
2058
2097
2131
2138
2117
2135
2139
2129
2140
2136
2134
2139
2144
2139
2147
2140
2142
2138
2140
2140
2149
2148
2141
2131
2127
2119
2107
2110
2100
2103
2104
2115
2107
2114
2073
2077
2088
2113
2095
2090
2100
2089
2083
2039
2044
2062
2086
2111
2110
2104
2136
2136
2142
2135
2136
2140
2138
2139
2141
2149
2147
2148
2139
2141
2140
2137
2134
2133
2114
2117
2104
2108
2110
2120
2139
2132
2167
2142
2126
2132
2133
2090
2018
2049
2069
2090
2091
2083
2067
2056
2070
2099
2106
2116
2139
2150
2146
2158
2150
2150
2138
2147
2135
2142
2141
2130
2154
2134
2141
2149
2146
2138
2138
2132
2122
2131
2126
2122
2121
2129
2127
2129
2145
2128
2136
2147
2142
2126
2095
2090
2092
2106
2111
2082
2084
2080
2077
2052
2042
2054
2099
2130
2109
2142
2141
2152
2152
2154
2156
2161
2150
2147
2145
2139
2146
2154
2150
2152
2146
2148
2147
2140
2140
2133
2128
2129
2115
2118
2126
2122
2110
2121
2114
2110
2112
2112
2140
2119
2107
2115
2123
2135
2140
2125
2117
2115
2107
2121
2118
2107
2086
2075
2098
2109
2131
2122
2133
2148
2147
2140
2145
2147
2136
2142
2143
2136
2136
2139
2137
2145
2141
2148
2134
2129
2122
2124
2115
2115
2104
2106
2116
2112
2113
2114
2123
2135
2140
2142
2102
2089
2088
2094
2113
2097
2093
2081
2084
2057
2046
2038
2060
2089
2099
2101
2140
2139
2140
2146
2146
2146
2138
2143
2139
2142
2148
2148
2155
2145
2148
2148
2147
2136
2128
2122
2111
2117
2114
2120
2121
2133
2131
2148
2142
2140
2133
2115
2113
2092
2100
2090
2095
2091
2100
2095
2104
2091
2073
2071
2091
2122
2115
2117
2128
2135
2147
2141
2146
2136
2144
2129
2152
2154
2154
2153
2151
2152
2149
2159
2159
2152
2143
2126
2126
2120
2124
2124
2121
2116
2124
2128
2139
2141
2111
2097
2098
2096
2118
2101
2092
2087
2088
2077
2069
2064
2095
2127
2113
2151
2145
2150
2147
2150
2147
2146
2146
2128
2147
2146
2150
2156
2140
2146
2150
2145
2141
2134
2132
2120
2110
2115
2110
2102
2102
2101
2108
2113
2134
2132
2146
2133
2104
2098
2100
2103
2103
2114
2117
2115
2113
2107
2106
2111
2097
2091
2077
2096
2121
2140
2128
2149
2144
2151
2153
2159
2153
2154
2137
2142
2150
2154
2161
2163
2156
2152
2156
2146
2151
2135
2128
2118
2115
2126
2127
2122
2123
2124
2130
2128
2125
2116
2120
2136
2131
2096
2098
2097
2100
2109
2123
2122
2102
2108
2101
2103
2080
2056
2066
2077
2094
2098
2098
2111
2124
2136
2130
2130
2129
2135
2134
2141
2142
2142
2134
2128
2130
2122
2133
2138
2141
2144
2136
2124
2127
2114
2111
2105
2111
2118
2118
2119
2124
2126
2131
2156
2155
2151
2126
2128
2122
2098
2079
2078
2069
2087
2099
2089
2086
2104
2110
2105
2090
2074
2040
2043
2079
2119
2119
2126
2152
2157
2166
2155
2155
2147
2158
2173
2181
2174
2155
2154
2161
2166
2171
2161
2154
2145
2144
2137
2130
2128
2121
2121
2127
2136
2142
2151
2157
2164
2141
2135
2140
2123
2101
2095
2091
2097
2097
2104
2092
2069
2059
2057
2095
2118
2111
2129
2130
2134
2140
2141
2139
2129
2139
2137
2139
2136
2128
2127
2139
2132
2137
2132
2128
2125
2120
2117
2117
2106
2101
2099
2098
2100
2094
2098
2097
2104
2103
2100
2101
2107
2114
2120
2145
2141
2148
2115
2126
2141
2133
2139
2135
2116
2130
2130
2129
2121
2123
2105
2081
2055
2074
2100
2114
2130
2110
2123
2130
2139
2134
2140
2141
2138
2139
2142
2136
2130
2139
2134
2131
2116
2123
2116
2136
2129
2131
2126
2136
2126
2114
2119
2115
2122
2117
2126
2110
2114
2109
2117
2117
2117
2112
2096
2083
2109
2117
2142
2119
2111
2115
2108
2093
2096
2071
2042
2044
2054
2085
2099
2099
2101
2123
2128
2130
2135
2143
2145
2134
2146
2139
2153
2151
2152
2139
2140
2127
2139
2113
2109
2100
2049
2042
2043
2056
2079
2116
2149
2116
2121
2120
2118
2126
2116
2111
2106
2114
2116
2115
2108
2113
2122
2138
2121
2144
2151
2152
2146
2142
2147
2143
2147
2140
2152
2142
2139
2153
2148
2149
2141
2133
2137
2145
2136
2121
2114
2096
2096
2078
2090
2086
2097
2098
2115
2122
2126
2144
2149
2113
2136
2153
2169
2113
2108
2102
2072
2053
2062
2086
2106
2108
2105
2142
2138
2143
2139
2135
2138
2118
2128
2115
2127
2124
2120
2120
2123
2124
2123
2113
2114
2112
2098
2108
2106
2101
2098
2093
2104
2106
2095
2106
2109
2107
2100
2124
2145
2136
2093
2106
2127
2116
2126
2114
2102
2095
2102
2096
2093
2063
2080
2097
2128
2141
2137
2160
2162
2165
2156
2158
2156
2156
2155
2152
2160
2158
2159
2165
2154
2154
2154
2143
2137
2130
2118
2123
2114
2115
2109
2106
2094
2102
2090
2101
2099
2109
2125
2123
2123
2096
2093
2084
2123
2126
2119
2096
2104
2100
2077
2035
2049
2057
2094
2111
2128
2109
2128
2133
2152
2154
2160
2151
2153
2158
2164
2160
2179
2162
2166
2170
2169
2162
2152
2146
2144
2135
2129
2112
2126
2115
2115
2105
2097
2105
2104
2125
2124
2155
2147
2141
2136
2141
2144
2139
2145
2116
2107
2106
2088
2089
2049
2044
2075
2103
2116
2109
2133
2124
2132
2134
2135
2135
2126
2140
2133
2128
2128
2141
2145
2149
2149
2147
2155
2158
2162
2137
2142
2140
2142
2141
2136
2124
2135
2139
2136
2123
2115
2108
2101
2103
2109
2101
2105
2138
2145
2108
2086
2119
2102
2116
2115
2098
2082
2075
2075
2047
2041
2049
2070
2100
2112
2135
2127
2133
2131
2124
2130
2130
2133
2146
2136
2130
2138
2129
2146
2148
2149
2140
2133
2140
2136
2145
2139
2145
2142
2136
2137
2140
2137
2139
2137
2129
2121
2123
2120
2116
2132
2129
2134
2141
2132
2137
2144
2153
2150
2140
2136
2138
2141
2138
2139
2121
2102
2103
2116
2140
2147
2130
2155
2156
2159
2158
2154
2150
2154
2157
2158
2152
2151
2150
2158
2154
2153
2139
2132
2131
2129
2128
2128
2124
2120
2112
2116
2121
2125
2115
2112
2107
2100
2113
2121
2127
2108
2097
2094
2090
2102
2113
2117
2099
2101
2100
2089
2075
2075
2082
2101
2100
2101
2117
2100
2124
2132
2134
2127
2128
2114
2114
2122
2130
2138
2150
2152
2144
2128
2132
2144
2155
2169
2140
2111
2086
2093
2079
2080
2100
2097
2101
2094
2101
2130
2160
2137
2124
2115
2117
2118
2119
2134
2135
2143
2125
2121
2116
2126
2119
2100
2100
2092
2108
2115
2124
2128
2157
2149
2148
2134
2137
2147
2147
2159
2164
2147
2138
2132
2151
2161
2160
2146
2143
2123
2120
2129
2139
2144
2129
2117
2110
2119
2134
2143
2132
2133
2127
2122
2143
2125
2121
2128
2117
2106
2081
2082
2102
2100
2097
2069
2074
2072
2108
2120
2125
2111
2116
2115
2121
2132
2150
2135
2121
2122
2124
2141
2147
2150
2149
2129
2138
2132
2161
2157
2135
2099
2104
2068
2060
2081
2102
2108
2086
2096
2117
2160
2182
2145
2093
2088
2102
2113
2150
2143
2128
2104
2095
2092
2103
2081
2101
2104
2115
2113
2147
2167
2176
2155
2147
2138
2138
2159
2173
2169
2155
2139
2138
2149
2164
2164
2155
2139
2114
2123
2140
2149
2148
2125
2097
2103
2106
2129
2134
2120
2102
2094
2101
2116
2127
2120
2107
2095
2108
2135
2175
2182
2145
2088
2123
2136
2161
2144
2102
2097
2092
2072
2037
2071
2088
2111
2101
2106
2134
2150
2154
2139
2117
2126
2139
2152
2158
2149
2138
2133
2136
2142
2149
2150
2142
2119
2125
2128
2138
2139
2140
2127
2114
2105
2109
2113
2116
2106
2093
2086
2091
2116
2159
2168
2145
2120
2121
2123
2139
2147
2140
2120
2109
2111
2114
2109
2081
2092
2103
2113
2133
2115
2136
2152
2145
2139
2128
2131
2133
2127
2135
2128
2131
2123
2132
2125
2125
2131
2126
2122
2120
2112
2125
2125
2137
2127
2117
2110
2096
2106
2103
2106
2104
2098
2098
2097
2114
2120
2133
2124
2112
2104
2116
2122
2143
2136
2125
2118
2115
2113
2108
2098
2100
2092
2075
2073
2077
2096
2108
2100
2118
2123
2116
2114
2123
2130
2137
2131
2134
2119
2121
2123
2132
2129
2134
2124
2122
2129
2121
2114
2110
2111
2108
2117
2110
2105
2091
2103
2111
2136
2134
2153
2126
2116
2122
2117
2094
2073
2077
2086
2094
2109
2127
2116
2089
2081
2071
2099
2112
2134
2121
2132
2142
2151
2152
2141
2138
2138
2136
2141
2139
2127
2124
2126
2131
2136
2139
2138
2124
2132
2124
2140
2136
2142
2129
2128
2137
2139
2153
2172
2140
2145
2127
2139
2162
2164
2123
2130
2122
2125
2121
2114
2105
2119
2115
2115
2115
2120
2124
2124
2121
2126
2142
2130
2140
2126
2133
2135
2122
2101
2081
2049
2024
2071
2109
2128
2138
2146
2151
2144
2142
2129
2148
2146
2142
2136
2122
2128
2136
2141
2141
2133
2128
2131
2139
2141
2142
2130
2122
2123
2131
2127
2127
2124
2135
2135
2147
2139
2148
2133
2137
2149
2153
2147
2127
2112
2105
2100
2107
2107
2097
2098
2101
2115
2127
2113
2116
2106
2114
2106
2119
2124
2096
2125
2161
2159
2160
2153
2158
2147
2151
2146
2143
2134
2133
2142
2142
2138
2130
2129
2123
2131
2122
2123
2110
2108
2108
2120
2121
2116
2111
2099
2103
2106
2114
2107
2112
2104
2124
2126
2125
2135
2120
2143
2170
2164
2143
2132
2133
2137
2142
2123
2116
2097
2088
2100
2106
2108
2104
2083
2056
2048
2056
2057
2077
2088
2101
2103
2097
2130
2122
2133
2131
2140
2134
2116
2115
2108
2116
2121
2123
2108
2106
2117
2121
2132
2123
2102
2107
2108
2120
2128
2121
2115
2113
2122
2109
2106
2121
2122
2135
2138
2158
2116
2113
2124
2106
2110
2098
2089
2083
2091
2110
2118
2128
2115
2097
2082
2063
2065
2094
2115
2128
2108
2112
2118
2120
2135
2142
2151
2166
2155
2165
2153
2146
2138
2134
2138
2142
2139
2139
2122
2114
2121
2128
2128
2126
2122
2124
2120
2121
2125
2132
2142
2157
2138
2121
2124
2115
2123
2123
2132
2116
2109
2105
2106
2106
2107
2119
2098
2080
2079
2100
2120
2146
2134
2129
2142
2149
2145
2146
2144
2159
2157
2166
2155
2147
2142
2163
2162
2165
2164
2155
2143
2145
2147
2139
2141
2124
2124
2101
2113
2117
2110
2116
2103
2099
2100
2108
2132
2131
2151
2139
2142
2129
2133
2139
2161
2162
2167
2151
2140
2131
2118
2117
2117
2112
2088
2094
2100
2121
2127
2140
2121
2165
2155
2165
2153
2154
2153
2170
2166
2164
2156
2159
2154
2154
2162
2159
2166
2145
2139
2118
2137
2129
2138
2138
2128
2117
2115
2104
2111
2122
2124
2126
2115
2119
2120
2153
2167
2144
2128
2138
2132
2148
2146
2141
2137
2129
2118
2088
2069
2066
2087
2102
2111
2100
2091
2104
2115
2125
2142
2135
2116
2112
2103
2120
2133
2131
2135
2122
2116
2122
2139
2141
2142
2129
2114
2098
2105
2113
2121
2114
2116
2110
2090
2106
2101
2112
2113
2101
2100
2090
2103
2130
2154
2145
2127
2111
2112
2116
2141
2146
2151
2135
2123
2107
2113
2114
2111
2083
2069
2069
2100
2119
2119
2126
2131
2124
2125
2130
2140
2142
2149
2138
2135
2122
2121
2136
2133
2141
2138
2138
2128
2126
2123
2130
2128
2123
2108
2106
2108
2114
2128
2123
2112
2105
2113
2120
2134
2135
2128
2110
2104
2113
2127
2145
2117
2106
2098
2093
2092
2081
2071
2073
2080
2102
2118
2115
2116
2135
2139
2130
2122
2126
2131
2153
2139
2144
2129
2129
2136
2146
2148
2137
2125
2122
2122
2126
2123
2115
2103
2093
2089
2098
2109
2112
2113
2104
2100
2105
2124
2125
2109
2111
2142
2151
2131
2120
2108
2104
2098
2089
2075
2073
2059
2083
2102
2129
2105
2134
2138
2158
2158
2161
2155
2154
2148
2148
2167
2169
2158
2162
2157
2159
2163
2153
2157
2142
2133
2140
2132
2116
2119
2128
2126
2130
2113
2103
2115
2124
2136
2121
2123
2140
2138
2133
2114
2123
2126
2133
2141
2116
2107
2108
2092
2071
2052
2057
2069
2089
2112
2101
2128
2130
2123
2116
2131
2125
2134
2130
2129
2129
2119
2123
2136
2137
2129
2125
2128
2115
2124
2128
2118
2112
2121
2110
2108
2097
2100
2117
2111
2108
2109
2129
2123
2100
2101
2096
2081
2084
2077
2095
2106
2106
2110
2100
2096
2100
2098
2110
2097
2113
2121
2127
2126
2130
2128
2132
2124
2128
2124
2117
2118
2128
2119
2122
2117
2113
2107
2117
2114
2119
2113
2101
2107
2103
2098
2094
2094
2096
2106
2103
2098
2090
2090
2088
2092
2098
2115
2105
2110
2088
2087
2085
2084
2080
2084
2096
2081
2093
2084
2089
2088
2092
2090
2076
2074
2083
2088
2096
2069
2089
2101
2102
2106
2111
2108
2113
2108
2115
2105
2105
2106
2108
2107
2104
2101
2104
2109
2109
2119
2110
2110
2107
2107
2107
2113
2105
2106
2108
2106
2112
2106
2113
2115
2126
2124
2134
2120
2114
2104
2095
2102
2096
2096
2102
2105
2092
2098
2089
2090
2086
2085
2057
2069
2092
2105
2100
2129
2142
2138
2138
2137
2135
2143
2139
2132
2125
2139
2126
2139
2137
2130
2121
2130
2120
2123
2122
2123
2127
2130
2118
2119
2116
2116
2123
2129
2129
2140
2134
2147
2143
2154
2158
2151
2137
2132
2129
2131
2122
2125
2118
2120
2128
2126
2126
2122
2114
2117
2102
2100
2096
2109
2108
2124
2115
2132
2133
2129
2132
2117
2124
2120
2118
2117
2109
2097
2100
2107
2105
2102
2105
2110
2113
2113
2105
2106
2102
2109
2107
2108
2108
2108
2107
2102
2111
2108
2102
2110
2106
2101
2096
2100
2114
2129
2122
2115
2105
2106
2117
2106
2111
2101
2106
2096
2108
2110
2107
2105
2114
2124
2118
2106
2081
2087
2104
2117
2132
2127
2122
2146
2150
2149
2136
2147
2135
2148
2134
2138
2146
2143
2146
2142
2147
2141
2151
2147
2140
2148
2142
2144
2129
2139
2130
2128
2132
2132
2126
2136
2124
2136
2151
2162
2210
2129
2149
2110
2104
2107
2101
2095
2099
2100
2098
2105
2109
2111
2118
2116
2130
2138
2135
2140
2136
2141
2142
2124
2119
2114
2092
2087
2064
2054
2060
2080
2099
2123
2100
2140
2137
2139
2130
2133
2122
2121
2125
2138
2130
2141
2133
2137
2147
2154
2141
2147
2151
2152
2123
2105
2095
2086
2102
2110
2135
2139
2177
2176
2160
2167
2165
2148
2149
2148
2143
2135
2132
2143
2130
2130
2125
2131
2123
2120
2071
2049
2060
2090
2117
2131
2123
2137
2156
2155
2160
2149
2157
2148
2162
2156
2160
2142
2158
2155
2152
2155
2147
2159
2153
2155
2134
2114
2110
2116
2122
2134
2155
2164
2141
2136
2121
2107
2100
2093
2094
2095
2097
2100
2102
2112
2097
2091
2090
2091
2079
2055
2060
2075
2097
2091
2116
2126
2129
2138
2126
2132
2135
2134
2152
2134
2148
2133
2138
2126
2126
2141
2135
2128
2133
2126
2114
2134
2117
2119
2115
2128
2131
2135
2140
2153
2128
2131
2137
2107
2091
2080
2094
2111
2118
2106
2102
2101
2097
2085
2086
2099
2106
2099
2107
2135
2132
2141
2133
2137
2132
2144
2138
2141
2133
2140
2138
2144
2148
2146
2137
2144
2140
2132
2136
2127
2127
2112
2108
2121
2111
2126
2117
2120
2115
2114
2116
2115
2122
2121
2123
2118
2125
2136
2138
2139
2113
2117
2125
2122
2127
2136
2132
2128
2123
2130
2133
2112
2083
2057
2088
2099
2112
2126
2108
2102
2128
2130
2132
2131
2132
2137
2133
2145
2144
2154
2146
2147
2146
2141
2147
2151
2136
2143
2130
2123
2125
2116
2117
2110
2117
2114
2115
2100
2111
2111
2108
2114
2118
2121
2126
2130
2156
2150
2161
2128
2139
2139
2141
2142
2140
2127
2135
2122
2113
2078
2074
2092
2129
2138
2127
2139
2149
2154
2155
2153
2150
2153
2150
2161
2165
2152
2149
2155
2152
2156
2151
2146
2147
2136
2140
2128
2129
2128
2122
2129
2118
2132
2128
2147
2151
2133
2129
2102
2100
2108
2108
2128
2126
2122
2113
2110
2104
2083
2069
2065
2090
2108
2121
2104
2142
2142
2143
2141
2146
2147
2147
2156
2164
2156
2157
2153
2150
2146
2153
2156
2153
2150
2136
2133
2135
2117
2116
2107
2122
2132
2123
2132
2131
2138
2151
2137
2129
2117
2124
2131
2120
2120
2121
2127
2133
2119
2126
2110
2115
2097
2077
2090
2103
2126
2106
2127
2143
2144
2148
2140
2141
2138
2136
2142
2146
2145
2154
2144
2156
2151
2158
2149
2146
2148
2130
2132
2126
2117
2111
2123
2120
2122
2138
2132
2141
2139
2107
2098
2116
2114
2124
2120
2103
2109
2113
2110
2097
2081
2068
2066
2074
2094
2116
2099
2125
2138
2141
2144
2148
2148
2145
2141
2135
2126
2140
2136
2145
2137
2145
2135
2126
2120
2122
2115
2112
2119
2109
2105
2105
2112
2112
2112
2107
2112
2107
2112
2120
2118
2129
2136
2134
2149
2128
2136
2136
2138
2135
2136
2131
2125
2138
2132
2132
2134
2124
2108
2117
2103
2092
2102
2097
2127
2111
2111
2115
2143
2134
2132
2135
2128
2136
2139
2136
2134
2138
2124
2128
2121
2117
2125
2114
2118
2117
2114
2106
2132
2113
2136
2131
2132
2127
2129
2111
2125
2118
2130
2119
2132
2129
2133
2138
2124
2130
2125
2133
2152
2147
2145
2117
2130
2126
2144
2133
2138
2142
2145
2120
2162
2170
2162
2142
2134
2157
2125
2125
2123
2127
2127
2126
2124
2128
2130
2136
2130
2135
2130
2110
2107
2080
2079
2053
2068
2107
2107
2125
2123
2150
2132
2139
2131
2142
2149
2150
2159
2157
2141
2160
2132
2145
2140
2139
2144
2175
2160
2146
2130
2102
2083
2098
2094
2095
2089
