-23
-30
-37
-36
-39
-47
-56
-57
-51
-42
-29
-32
-48
-41
-12
1
-7
-16
-9
-7
-19
-21
-19
-33
-38
-16
-4
-9
-4
7
11
2
-3
-2
0
6
7
-3
-1
26
31
6
-7
-1
1
2
2
-10
-31
-40
-27
-29
-60
-66
-43
-32
-30
-25
-25
-13
4
-13
-35
-29
-30
-35
-31
-31
-15
8
3
4
26
31
24
29
32
32
29
13
-1
-2
-17
-32
-19
-5
-19
-32
-34
-31
-6
0
-36
-36
-5
-22
-45
-20
1
-5
-4
-3
-3
3
8
4
0
7
14
4
-6
-2
0
-5
-5
2
-5
-4
11
9
-5
-4
2
-12
-17
-13
-29
-44
-32
-13
-16
-18
-2
-2
-21
-22
2
-10
-25
0
0
-37
-47
-27
-18
-22
-17
-5
5
4
6
6
-6
0
24
29
22
31
34
7
-5
10
29
41
45
51
44
42
57
49
34
50
67
63
56
37
37
58
55
45
48
48
44
37
27
29
32
27
31
32
24
28
37
22
7
26
44
37
31
37
34
30
35
32
16
7
21
35
26
13
14
24
35
28
2
3
34
35
19
24
28
33
40
38
37
47
58
60
61
58
46
33
30
49
61
41
27
49
66
50
28
9
5
13
7
0
0
-18
-33
-26
-21
-31
-28
-25
-36
-42
-41
-27
-24
-51
-58
-33
-26
-34
-27
-45
-71
-54
-24
-24
-37
-23
4
-2
-15
-2
5
-17
-24
-2
5
0
21
33
15
17
32
12
-4
12
2
-17
-24
-27
-18
-14
-20
-8
25
34
28
31
31
25
5
-13
-26
-39
-45
-40
-25
-26
-53
-58
-35
-31
-43
-36
-31
-28
-3
7
-1
1
-14
-26
-1
3
-27
-30
-28
-38
-23
-21
-69
-72
-12
1
-37
-34
-10
-28
-48
-42
-44
-54
-47
-44
-60
-67
-61
-54
-57
-56
-55
-66
-54
-31
-24
-18
-8
-13
-13
-8
-36
-53
-44
-55
-71
-59
-49
-56
-61
-66
-78
-85
-71
-50
-43
-46
-52
-71
-69
-44
-44
-51
-28
-20
-49
-62
-33
-12
-20
-23
4
17
-7
-24
-13
6
12
12
14
10
5
11
7
-10
-12
-14
-21
-3
2
-13
-13
-19
-26
-12
-1
9
9
-7
6
32
36
29
18
9
30
56
55
43
28
25
25
18
20
28
37
40
29
25
45
55
45
52
66
66
60
57
61
71
73
81
112
116
73
60
81
58
35
53
48
23
26
38
47
55
54
60
60
37
18
12
3
8
31
29
3
6
18
9
15
38
33
27
33
20
-2
-5
5
14
14
16
40
51
37
37
44
22
7
14
13
28
46
28
23
42
29
14
41
43
16
27
50
24
-8
6
37
70
131
213
262
284
346
406
394
400
446
383
288
329
376
302
224
197
197
213
208
179
170
186
186
144
105
86
4
-101
-109
-83
-108
-129
-132
-163
-181
-150
-129
-141
-143
-132
-128
-131
-132
-122
-115
-130
-148
-151
-144
-134
-133
-149
-159
-140
-121
-141
-155
-144
-140
-143
-136
-148
-161
-148
-148
-158
-143
-119
-124
-138
-130
-123
-142
-157
-134
-95
-90
-98
-84
-77
-103
-125
-106
-89
-109
-120
-97
-93
-92
-76
-92
-121
-114
-104
-105
-85
-61
-59
-74
-81
-59
-45
-68
-86
-73
-56
-50
-30
3
41
67
76
73
64
51
46
50
46
49
65
87
120
155
168
165
162
159
163
169
178
179
162
172
183
161
145
148
134
127
140
138
128
129
128
119
120
121
114
121
142
148
135
123
129
131
119
122
127
117
102
98
110
122
107
90
108
127
125
116
111
102
82
89
101
82
76
86
80
80
97
91
79
82
83
85
87
73
67
84
88
65
56
50
22
26
86
112
80
54
58
66
51
29
20
30
45
50
41
33
36
27
15
16
19
12
17
25
14
14
36
40
17
13
22
19
19
25
33
32
29
31
23
9
12
22
15
22
32
13
-7
-8
-6
-3
0
-5
-3
16
30
18
1
2
8
-4
-14
-9
3
-12
-34
-9
23
8
-19
-13
1
4
10
29
45
39
45
68
58
38
42
43
36
53
77
77
66
54
50
60
63
50
49
54
43
41
52
33
10
10
17
19
15
0
4
8
-13
-11
20
2
-51
-57
-12
16
4
-2
17
33
27
12
-7
-11
14
27
7
-6
9
2
-30
-33
-12
-14
-18
8
17
-17
-30
-22
-25
-3
29
17
4
14
21
25
28
23
14
5
8
9
-8
-8
23
36
22
16
9
-8
-11
-4
-8
-30
-36
-8
10
-4
-14
-13
-22
-17
12
21
6
-15
-10
17
24
-1
-15
-3
-1
-11
-15
-17
-29
-31
-20
-10
5
5
-11
-8
7
12
5
-5
-6
11
11
2
7
5
-8
-23
-19
-5
-9
-30
-48
-50
-37
-29
-37
-36
-10
3
1
1
-6
-25
-24
-3
-11
-21
-11
7
21
6
-16
-5
8
-4
-10
-1
-1
-6
5
23
26
12
12
20
20
12
22
45
42
31
41
41
16
-13
-16
10
27
16
10
5
-9
4
25
16
5
0
-19
-15
25
14
-24
0
44
15
-25
1
30
16
-1
-6
-22
-28
-1
5
-25
-27
12
30
27
38
38
26
19
14
6
14
25
21
4
3
17
11
6
21
12
-15
-10
7
-6
-6
9
-5
-18
-6
-4
-15
7
28
4
-29
-34
-18
-7
-11
-22
-19
0
7
-3
-12
-16
-11
2
13
18
13
4
4
-2
-24
-27
6
7
-26
-25
-13
-33
-48
-29
-8
-11
-33
-26
6
12
4
13
9
10
18
4
7
29
17
10
19
1
-26
-25
-19
-19
-24
-29
-8
17
10
2
4
-22
-34
-5
-2
-18
9
26
-10
-28
0
16
-11
-18
11
14
-2
-7
-17
-18
2
4
-17
-29
-7
-2
-47
-58
-24
-27
-43
-16
36
101
177
215
231
267
300
279
266
322
350
276
207
226
262
241
185
145
86
-19
-117
-148
-139
-154
-166
-145
-128
-164
-243
-243
-163
-140
-186
-206
-193
-182
-164
-182
-205
-189
-180
-182
-180
-194
-195
-177
-182
-195
-176
-165
-179
-174
-138
-110
-137
-191
-201
-174
-160
-157
-151
-160
-174
-160
-174
-201
-171
-148
-178
-186
-161
-176
-197
-181
-154
-153
-194
-202
-149
-105
-109
-171
-217
-170
-115
-150
-163
-127
-156
-197
-184
-175
-184
-188
-201
-189
-144
-138
-166
-159
-147
-168
-162
-127
-132
-144
-101
-70
-99
-112
-97
-112
-126
-134
-182
-192
-168
-173
-149
-98
-123
-160
-109
-93
-146
-160
-156
-164
-101
-36
-102
-180
-193
-226
-323
-289
-174
-246
-305
-148
-45
-111
-110
-26
25
29
14
57
102
66
44
69
39
-8
37
105
74
53
96
79
42
43
36
3
-4
28
50
33
-17
-13
45
59
17
5
25
56
79
27
-9
63
103
54
46
93
104
78
64
64
74
71
73
91
65
24
60
108
94
82
90
70
53
44
35
19
22
85
103
43
42
68
32
24
72
65
31
38
27
7
51
74
15
7
61
39
-9
14
31
5
10
43
39
11
33
83
92
68
60
66
65
54
53
65
61
57
69
79
80
84
81
81
104
104
95
126
162
161
152
147
140
160
174
128
105
143
148
120
141
172
163
157
151
136
125
110
88
88
106
87
62
89
129
126
69
19
37
76
30
-27
16
44
-19
-49
-20
-17
-34
-40
-32
-6
-10
-49
-45
-27
-21
-30
-66
-67
-25
-38
-83
-64
-50
-80
-82
-60
-54
-45
-36
-56
-63
-29
-14
-24
-19
-12
-19
-23
-46
-81
-65
-33
-49
-60
-43
-52
-74
-78
-78
-93
-97
-77
-68
-69
-68
-76
-75
-56
-61
-87
-90
-82
-76
-68
-57
-40
-39
-41
-28
-26
-43
-53
-50
-33
-24
-47
-60
-33
-3
-7
-17
-15
-29
-52
-38
-10
-16
-28
-22
-46
-67
-42
-30
-61
-73
-55
-48
-51
-67
-84
-61
-55
-106
-94
-22
-10
-32
-24
-22
-26
-22
-35
-30
-19
-28
-8
29
-2
-41
-3
34
-1
-41
-24
8
9
-10
-15
4
8
-15
-18
14
17
-14
-8
13
11
16
30
23
-6
-16
-5
-10
-17
1
8
-28
-35
-4
3
9
26
10
-33
-41
-16
-19
-37
-16
13
1
3
18
-4
-20
-17
-31
-33
-14
-12
-28
-31
-23
-15
-16
-20
-14
1
-3
-10
-5
-7
-15
-6
8
10
8
10
6
6
5
0
-5
-4
9
5
1
13
22
2
-18
-8
-9
-10
13
23
-1
-1
14
16
88
184
180
155
168
149
124
150
168
151
139
141
150
158
166
168
158
151
133
105
110
124
110
88
79
82
100
116
115
118
132
136
120
99
85
81
80
76
78
91
93
92
89
87
100
120
124
120
115
106
129
168
172
164
172
175
162
149
154
166
164
152
144
139
133
132
129
119
117
110
100
99
95
87
84
96
104
104
94
73
62
53
30
22
37
32
32
63
71
63
72
63
51
72
71
34
27
37
22
4
9
18
18
18
31
51
29
-8
7
29
5
-22
-19
4
31
33
15
17
10
-8
0
16
24
17
6
5
17
26
18
2
6
22
24
31
66
101
147
216
279
322
338
347
357
371
379
362
338
317
293
244
146
99
149
151
63
31
48
19
-8
-17
-26
-23
-37
-55
-59
-101
-151
-127
-75
-95
-129
-110
-86
-85
-80
-64
-75
-83
-71
-83
-108
-110
-112
-119
-99
-87
-114
-128
-126
-129
-116
-87
-99
-132
-138
-126
-118
-128
-152
-145
-114
-121
-134
-116
-106
-115
-109
-102
-120
-122
-90
-84
-108
-90
-62
-89
-108
-89
-87
-100
-86
-56
-49
-66
-65
-40
-28
-36
-41
-32
-24
-23
-12
-5
-18
-39
-28
7
20
0
-10
-8
-18
-15
-6
-23
-50
-50
-34
-35
-29
0
7
-23
-35
-23
-29
-37
-42
-48
-52
-54
-49
-44
-41
-41
-44
-43
-36
-38
-55
-66
-69
-80
-90
-86
-78
-81
-79
-65
-66
-80
-71
-46
-38
-41
-44
-63
-69
-53
-65
-85
-74
-71
-79
-58
-41
-54
-65
-61
-45
-40
-53
-48
-31
-33
-28
-8
-15
-35
-31
-20
-20
-19
-23
-41
-30
-10
-29
-28
11
1
-37
-35
-25
-33
-47
-66
-70
-65
-77
-68
-46
-49
-34
-7
-11
-14
0
-9
-27
-40
-54
-25
19
-2
-53
-76
-76
-65
-44
-44
-56
-63
-69
-48
-6
-3
-32
-45
-35
-27
-35
-50
-44
-27
-40
-44
-20
-16
-30
-16
9
-5
-28
-12
16
21
22
21
14
18
21
6
-3
-14
-25
-17
-13
-23
-29
-17
0
4
10
23
21
3
-15
-30
-25
-24
-39
-24
3
3
5
14
4
-2
12
10
-7
-13
-17
-32
-40
-23
-18
-37
-33
-11
-9
-20
-4
20
18
0
-10
-3
2
7
16
28
12
-17
-18
-15
-20
-5
8
-1
-9
-7
-12
-8
-6
-18
-22
-22
-18
-3
3
0
-2
4
5
-15
-26
-4
3
-26
-14
22
9
-26
-36
-21
-8
-14
-18
-8
-7
-12
-16
-22
-24
-26
-19
-11
-33
-36
11
33
-1
-17
-8
-22
-44
-44
-35
-46
-49
-21
-9
-19
-2
34
39
12
1
1
-4
-21
-31
-15
17
31
30
39
33
24
36
43
25
12
21
25
22
28
43
54
54
54
38
28
50
69
54
25
7
6
2
-26
-45
-31
-31
-59
-64
-42
-30
-38
-37
-21
-23
-24
-15
-25
-35
-9
9
0
10
37
42
44
46
37
34
42
35
27
33
26
22
28
23
7
6
13
17
18
11
14
33
35
28
27
20
11
16
24
24
26
40
56
62
67
56
40
46
37
8
8
11
-6
-5
-9
-29
-29
-28
-22
7
12
-4
9
40
44
43
51
50
38
43
44
36
54
55
7
-3
37
33
4
22
63
78
59
51
68
64
51
61
58
26
22
39
30
16
33
53
53
60
57
41
50
72
62
53
65
65
49
41
43
42
41
48
46
35
35
49
49
26
13
16
16
18
30
29
33
41
27
17
22
16
18
30
30
30
28
17
22
30
25
33
40
30
38
63
68
56
49
46
33
24
38
57
58
60
62
54
65
68
38
17
20
20
16
17
19
38
58
47
31
48
58
46
36
40
37
16
17
53
72
50
28
25
30
45
48
34
30
38
52
54
40
35
43
27
4
3
2
1
16
16
4
14
18
7
11
9
-1
2
-1
-6
15
44
42
20
12
28
38
25
19
30
34
34
35
28
26
41
42
22
30
51
28
5
26
36
23
38
64
60
56
62
61
61
47
19
18
39
33
24
36
38
20
21
36
36
33
47
57
32
16
46
70
53
41
49
53
63
89
105
102
87
76
79
86
102
139
177
186
183
201
208
168
131
125
82
11
47
132
126
87
102
119
118
133
147
136
118
126
147
138
124
133
131
105
89
98
101
93
77
65
67
85
98
86
68
58
40
27
39
52
58
74
72
52
61
65
47
47
42
15
10
32
22
-3
26
68
53
25
32
23
-7
0
21
13
-9
-1
19
14
7
17
28
23
9
-12
-32
-23
9
15
3
13
20
15
26
19
-12
-17
-7
-6
0
-11
-36
-27
2
4
1
11
0
-17
-20
-15
-14
-31
-43
-11
16
-16
-46
-30
-24
-45
-51
-40
-47
-62
-60
-44
-27
-25
-35
-33
-24
-30
-33
-35
-52
-64
-58
-46
-35
-18
-19
-24
-19
-14
-16
-17
-10
-8
-29
-51
-30
0
-8
-17
-4
0
-12
-14
-11
-15
-23
-30
-35
-29
-1
5
-17
-26
-14
-15
-28
-22
-11
-19
-35
-32
-20
-24
-19
7
7
-14
-24
-25
-34
-29
-6
5
-4
-13
-6
6
-1
-7
1
10
8
6
14
18
28
45
51
37
11
-2
-7
-15
-8
5
8
13
20
23
34
38
30
31
33
35
37
43
46
27
9
16
24
25
30
29
30
40
40
30
14
13
30
17
-23
-29
1
3
-28
-29
-8
-23
-42
-19
-2
-24
-34
-2
28
23
-6
-26
-12
16
20
9
3
3
4
-9
-24
-7
9
0
-3
-5
-17
-15
-1
12
27
30
28
38
39
23
34
60
48
22
18
22
9
0
16
26
9
-3
-1
-15
-27
-2
21
8
-7
3
19
25
25
16
4
7
7
-6
1
23
15
-12
5
27
11
6
16
11
18
27
5
-14
-11
-9
-18
-21
-13
0
0
0
16
22
0
-3
23
33
35
52
51
44
57
61
38
9
-2
-10
-27
-22
1
-7
-7
23
26
11
27
48
55
44
17
10
19
18
15
17
11
3
2
2
9
14
-3
-13
23
66
59
42
51
55
48
47
47
50
44
18
13
29
20
12
28
15
8
51
68
30
22
45
43
29
20
17
16
13
4
6
15
26
39
36
25
17
12
16
24
32
43
55
62
59
47
28
12
12
32
48
40
25
27
35
38
48
51
43
44
41
18
16
27
0
-20
16
46
22
-2
5
7
-5
-15
-4
24
29
17
25
39
33
31
47
45
22
18
30
30
26
36
33
24
32
55
76
71
68
80
66
27
16
19
6
-6
-1
16
32
40
43
40
24
9
17
30
31
30
34
33
29
14
-5
0
-5
-25
-32
-29
-22
-2
-1
-29
-31
-1
20
15
12
24
31
26
11
-9
-12
0
4
11
31
38
31
22
24
29
30
29
23
24
38
46
27
11
15
17
7
14
42
47
18
5
21
35
37
48
44
27
43
68
68
51
18
1
28
35
12
12
18
15
30
33
16
22
31
21
32
52
54
42
14
5
23
12
-13
-2
2
-13
-7
-1
-12
-1
35
54
63
112
182
217
235
265
285
290
304
311
284
247
237
218
168
117
95
86
66
33
21
37
32
9
13
17
-3
-9
-9
-14
11
18
-23
-38
-24
-29
-35
-24
-13
1
9
-9
-15
-11
-18
-24
-13
-13
-18
-15
-23
-27
-2
24
29
23
20
8
-11
-24
-15
-5
-7
1
19
16
3
5
0
-6
-11
-31
-32
-15
-19
-27
-18
-16
-28
-38
-40
-38
-32
-24
-18
-21
-27
-30
-21
-20
-31
-17
-4
-20
-13
14
6
-20
-19
5
3
-28
-27
0
-11
-42
-46
-34
-35
-37
-24
-11
-11
-18
-23
-40
-56
-55
-48
-42
-36
-28
-18
-17
-29
-42
-43
-42
-41
-46
-51
-38
-26
-22
-19
-18
-11
1
0
-10
-11
6
3
-23
-31
-12
-10
-28
-19
2
3
-19
-27
-32
-52
-58
-49
-50
-48
-40
-39
-25
-11
-21
-34
-22
-8
-14
-19
-13
-11
-14
-17
-13
2
17
15
11
21
32
26
10
2
7
-8
-35
-18
16
8
-1
13
5
-6
7
21
18
9
-3
1
4
-9
-2
25
34
24
11
3
8
-1
-27
-19
2
-14
-43
-44
-28
-27
-31
-17
8
4
-8
1
-5
-30
-24
2
-5
-19
-5
5
0
0
-6
-21
-30
-22
-20
-35
-23
-1
-17
-28
-12
-15
-16
0
-8
-26
-22
-16
-23
-20
0
5
-5
0
5
-21
-38
-18
4
8
6
11
20
35
43
43
36
23
15
29
36
13
0
19
31
13
1
5
11
8
2
6
7
-1
-8
-14
-9
5
-2
-28
-31
-26
-33
-40
-40
-24
-5
6
10
1
-21
-27
-15
-7
-5
-16
-22
-4
13
0
-27
-22
5
27
37
26
7
12
37
33
9
-8
-8
11
21
8
-8
-7
-16
-30
-15
10
8
-1
11
30
27
10
8
25
34
25
5
2
14
12
-1
-2
1
4
10
12
23
21
1
1
12
4
0
2
-13
-22
-13
-9
-14
-17
-17
-22
-35
-37
-22
-15
-10
3
3
1
11
10
-2
6
3
-12
2
23
8
-28
-43
-38
-26
-21
-27
-26
-1
15
-8
-21
2
4
-32
-55
-37
-17
-14
-8
1
6
0
-11
-18
-24
-19
-4
6
2
-3
1
-5
-7
1
-3
-33
-48
-24
-7
-11
-19
-23
-27
-22
-21
-30
-22
0
2
-5
4
0
-16
-3
10
4
1
-8
-20
-11
4
13
25
31
31
17
0
13
29
15
14
30
34
32
32
25
23
26
27
32
25
22
26
12
6
24
28
20
27
26
14
13
23
21
9
8
9
-15
-25
7
25
20
32
39
28
26
26
18
35
44
21
26
57
53
25
26
35
20
2
3
17
25
33
44
30
25
50
51
21
12
26
30
40
51
44
43
62
77
51
20
26
33
26
37
58
61
52
38
25
30
39
35
17
16
26
17
7
25
44
40
31
30
24
13
10
22
26
11
-4
-6
-6
-6
-4
-4
1
0
-10
-8
-7
-15
-12
-5
-2
1
-9
-16
-6
-17
-41
-22
5
8
9
14
15
23
40
47
37
24
24
26
19
26
37
39
42
38
37
48
48
37
32
29
26
35
60
72
57
52
62
48
19
10
-1
-19
-12
17
22
14
19
17
5
21
47
53
65
102
137
160
199
244
288
301
260
228
233
217
192
183
146
98
67
24
27
63
47
25
53
54
30
60
88
72
55
39
25
27
26
28
52
63
55
58
56
24
-8
-4
12
-9
-21
-3
-10
-24
-1
14
-12
-37
-37
-33
-32
-30
-31
-27
-6
8
-4
-5
-5
-14
-18
-15
-15
-12
-4
1
-1
3
0
-16
-18
0
-5
-40
-52
-29
-5
4
-10
-34
-34
-16
-27
-45
-34
-21
-23
-34
-31
-20
-34
-50
-42
-51
-72
-53
-27
-28
-23
-18
-28
-27
-26
-27
-12
0
-10
-23
-30
-23
-6
-15
-21
-14
-21
-20
-14
-26
-32
-31
-39
-31
-19
-32
-20
1
-9
-10
10
19
20
21
13
2
-6
-4
9
18
17
10
-7
-6
13
13
8
15
6
-4
7
12
7
14
19
25
39
32
25
38
40
24
12
2
2
19
22
7
0
10
26
37
42
45
38
37
39
18
1
24
42
29
20
22
21
11
4
10
13
1
-3
4
10
17
35
52
48
35
51
65
51
37
28
18
26
36
31
32
35
24
12
16
18
29
52
47
27
32
35
30
50
64
35
23
46
49
35
27
21
11
6
17
32
32
28
40
32
2
14
46
34
8
10
12
0
-2
-8
-11
-12
-22
-24
2
20
16
10
13
5
-29
-31
13
13
-23
-21
-7
-5
13
30
18
11
16
9
0
7
6
-4
1
8
11
15
8
-15
-25
-16
-17
-28
-20
-1
-2
-11
-16
-16
-2
3
5
7
-15
-13
23
28
9
20
36
36
35
24
14
24
28
17
16
27
15
17
41
40
30
39
43
40
55
69
56
27
26
55
65
52
43
33
26
33
32
24
49
75
59
46
59
60
54
53
36
23
31
36
28
16
1
-1
23
44
46
51
64
57
35
29
30
32
32
24
21
28
32
24
18
20
28
31
26
28
33
29
25
27
29
33
35
36
46
65
65
49
52
62
59
61
62
49
44
46
46
49
49
45
50
47
38
39
41
46
55
57
55
43
23
18
30
34
31
28
30
35
30
21
19
35
40
21
5
5
12
10
5
15
28
21
5
0
11
27
18
-4
-6
-2
0
-7
-17
-16
-1
8
11
7
1
1
-3
-9
-3
-1
-4
-1
-5
0
18
15
10
32
42
33
33
23
17
26
19
15
26
22
5
-16
-21
-2
14
5
2
18
29
15
1
14
27
22
23
27
22
20
25
27
27
29
26
11
-9
1
26
27
14
6
10
19
25
26
27
29
39
55
59
63
67
43
15
15
17
1
-11
-9
-5
3
20
30
26
15
20
37
16
0
18
20
8
30
39
10
11
34
32
28
35
21
5
16
17
-7
-14
-8
-15
-17
-1
13
5
-12
-11
11
33
34
21
10
-1
-26
-43
-26
-9
-18
-20
3
11
12
24
23
20
47
69
48
7
-5
-7
-9
8
19
9
11
28
29
15
12
23
28
24
26
24
22
29
26
18
24
16
8
18
16
-6
-11
-9
-20
-13
-2
-14
-19
-20
-35
-47
-54
-59
-48
-33
-38
-54
-61
-58
-61
-72
-80
-89
-85
-61
-63
-67
-40
-25
-41
-48
-55
-82
-98
-98
-96
-81
-56
-43
-29
-16
-23
-25
-8
-10
-39
-46
-37
-43
-38
-24
-37
-63
-68
-55
-50
-49
-46
-37
-27
-39
-63
-60
-40
-54
-68
-47
-53
-75
-56
-34
-31
-8
12
4
35
105
162
214
239
230
256
296
272
189
137
132
103
41
10
16
17
27
26
6
-3
-11
-26
-30
-29
-31
-35
-39
-43
-45
-58
-66
-57
-51
-58
-66
-61
-55
-51
-47
-32
-9
-1
-17
-24
-18
-31
-50
-46
-35
-40
-52
-45
-23
-19
-32
-29
-24
-34
-37
-32
-32
-37
-31
-24
-24
-22
-32
-41
-36
-42
-69
-60
-34
-47
-60
-33
-10
-26
-46
-41
-34
-41
-46
-41
-33
-39
-52
-47
-29
-19
-18
-22
-23
-18
-20
-24
-18
-23
-25
-29
-49
-42
-13
-12
-40
-62
-44
2
19
0
3
12
-5
-12
-12
-26
-32
-13
-13
-42
-42
-19
-18
-12
2
-20
-47
-39
-26
-18
-17
-37
-32
-7
-10
-23
-21
-28
-44
-44
-39
-42
-40
-28
-15
-11
-15
-7
6
8
15
33
31
23
34
37
18
9
14
18
21
19
9
-10
-13
-8
-14
-10
-6
-15
-4
21
28
31
49
49
34
24
23
41
53
38
17
3
11
32
34
24
25
26
16
14
17
24
33
30
14
5
17
23
9
-3
1
5
6
-2
-14
-20
-19
-14
-1
3
0
7
16
5
-12
-15
-10
5
4
-20
-27
-19
-33
-41
-16
4
-3
-9
-9
-4
1
0
-3
-2
4
-5
-25
-26
-21
-26
-5
24
18
11
21
10
-3
4
0
-17
-14
2
-1
-14
-11
-10
-31
-38
-19
-21
-45
-33
0
6
-8
-5
7
0
-9
-1
2
-9
-3
-4
-14
-3
18
19
13
19
26
17
2
9
21
10
7
31
47
37
39
45
28
22
32
15
-13
-4
15
21
17
15
22
24
21
16
6
-5
-3
17
19
-2
1
19
14
4
14
22
20
21
9
-14
-14
21
44
15
3
33
28
-7
1
25
8
-2
13
8
-6
0
-2
-9
-1
-7
-14
7
23
20
29
28
18
34
48
26
16
42
58
42
30
39
39
40
50
40
38
74
91
76
77
81
66
52
38
24
26
24
10
20
31
28
31
26
10
28
54
43
34
35
39
42
38
30
29
19
-4
-16
-5
6
2
-9
-10
1
24
42
31
14
18
43
41
20
16
5
-19
-12
17
33
32
24
19
17
14
20
21
7
5
20
31
28
20
19
16
1
-2
-1
-4
4
11
18
33
47
49
41
23
19
24
-2
-25
-5
7
-11
-10
11
13
8
3
-7
2
26
33
16
13
26
22
4
-4
6
20
25
24
33
45
33
26
37
30
15
17
18
-7
-13
4
14
24
35
40
37
39
45
29
21
41
54
41
47
69
65
36
10
30
76
72
36
51
91
89
59
33
23
29
30
14
1
4
18
34
33
26
35
35
17
4
14
22
17
14
2
-5
10
9
-17
-15
-6
-19
-19
-6
-6
11
34
40
47
48
35
23
13
-5
-18
-13
-10
-6
0
0
-1
3
10
-2
-26
-28
-11
-10
-5
13
22
26
24
1
-27
-34
-36
-49
-50
-16
5
-13
-18
-6
-12
-5
5
-11
-3
26
24
10
4
-5
-6
5
4
-8
-3
17
-1
-44
-34
-17
-50
-64
-45
-51
-62
-52
-30
26
86
144
215
214
191
262
300
255
259
267
208
194
216
195
168
156
131
112
123
118
88
92
110
87
64
74
96
98
87
69
48
41
55
50
29
32
31
19
13
-6
-21
-8
-2
-17
-32
-43
-45
-27
-19
-30
-28
-13
-8
-16
-26
-29
-47
-72
-59
-40
-44
-42
-40
-52
-48
-36
-30
-33
-40
-37
-28
-22
-21
-39
-43
-18
-23
-54
-65
-67
-70
-66
-70
-75
-59
-48
-60
-64
-63
-64
-63
-65
-63
-41
-34
-63
-70
-55
-50
-58
-59
-48
-39
-49
-59
-48
-40
-37
-34
-56
-62
-18
-2
-50
-67
-20
13
16
13
11
0
-21
-41
-46
-40
-40
-42
-35
-24
-13
-17
-15
8
0
-34
-42
-31
-33
-27
-9
-3
-3
-3
-5
-13
-21
-16
-32
-59
-47
-35
-54
-56
-48
-63
-70
-68
-60
-52
-49
-48
-51
-48
-28
-23
-42
-42
-51
-78
-80
-73
-83
-77
-52
-57
-78
-71
-52
-50
-55
-46
-34
-31
-48
-44
-3
19
5
-13
-16
-11
-10
-23
-34
-45
-49
-41
-40
-34
-24
-34
-46
-50
-48
-41
-54
-76
-64
-49
-65
-79
-71
-59
-52
-58
-77
-76
-61
-56
-38
-10
-11
-29
-26
-19
-15
2
14
1
-20
-40
-44
-29
-28
-48
-41
-22
-33
-46
-29
-11
-35
-60
-41
-29
-60
-80
-56
-27
-33
-31
3
23
19
22
10
-5
-1
-9
-9
-3
-14
-3
18
-9
-28
-3
10
15
38
48
56
62
44
46
73
49
19
34
29
2
-5
-18
-35
-18
-32
-64
-29
29
34
13
2
0
4
-3
-22
-21
-15
-5
8
10
8
-9
-32
-29
-2
12
8
0
2
10
5
12
32
30
11
5
2
14
35
33
30
35
31
24
10
-5
-8
-6
-5
8
14
10
21
18
2
7
22
6
-11
3
9
7
28
33
20
8
10
33
49
27
17
46
31
-13
-9
25
42
45
40
25
15
16
16
18
12
1
4
17
18
13
20
27
21
19
26
21
4
4
14
-4
-13
13
29
17
11
26
31
19
16
27
21
3
12
42
52
43
35
25
14
20
26
16
12
19
25
30
27
16
1
-22
-29
-9
-4
-15
-2
14
15
23
27
5
-8
-3
-5
-10
-8
-22
-32
-6
1
-30
-37
-14
-25
-36
-2
12
-14
-14
0
-3
6
36
41
28
23
15
10
4
-2
-5
-9
-25
-28
-14
-10
-15
-21
-28
-19
-14
-16
-14
-15
-24
-27
-14
-7
-27
-31
7
3
-24
-2
14
-14
-8
17
3
-4
15
15
-8
-11
11
16
1
-3
3
9
15
20
24
33
42
44
41
47
52
53
43
25
13
5
6
14
22
15
10
8
6
12
22
21
3
-7
11
27
11
-10
-3
21
41
45
28
8
9
15
6
17
29
18
11
14
11
23
34
21
17
30
31
20
15
5
-11
-6
32
52
31
14
13
-6
-25
-15
-9
-19
-17
-13
-10
-5
-10
-4
18
26
28
41
37
27
25
12
-8
-21
-25
-21
-10
-12
-22
-21
-21
-37
-49
-47
-46
-55
-64
-62
-52
-50
-36
-7
1
-13
-15
2
12
-3
-26
-24
-16
-23
-20
9
17
6
26
54
31
8
18
17
5
7
4
-1
4
-3
-6
10
17
9
-2
-16
-9
7
-5
-23
-12
-1
-14
-27
-23
-11
-19
-30
-15
-1
-16
-26
-19
-22
-35
-29
-19
-31
-45
-40
-37
-31
7
23
-6
-18
-10
-22
-31
-23
-18
-13
0
4
17
53
92
130
188
258
299
320
347
349
321
328
362
340
289
255
193
149
160
148
102
92
90
75
71
44
24
47
69
46
12
4
19
33
22
-9
-36
-49
-46
-36
-39
-48
-27
-12
-38
-53
-35
-24
-23
-9
-7
-19
-24
-14
-18
-39
-37
-6
7
-8
-12
-17
-50
-70
-58
-49
-53
-64
-63
-54
-60
-69
-54
-45
-52
-57
-50
-28
-15
-32
-51
-68
-79
-72
-82
-97
-59
-6
-10
-36
-36
-31
-55
-85
-93
-70
-39
-35
-49
-51
-46
-39
-20
-19
-40
-48
-38
-47
-68
-78
-89
-90
-50
-18
-21
-19
-10
-21
-31
-47
-77
-67
-24
-17
-47
-47
-30
-30
-23
-9
-18
-26
-24
-35
-47
-41
-26
-6
0
-11
-13
-7
-9
-30
-53
-44
-15
7
16
6
-9
-1
24
42
40
16
4
13
11
-1
-7
4
1
-23
-22
2
1
-21
-26
-7
5
-5
-5
10
15
11
-3
-16
3
18
12
20
29
5
-5
-2
-16
-19
-14
-9
9
20
8
8
37
46
21
0
-4
4
5
4
12
18
-5
-26
-4
1
-25
-31
-20
-20
-8
9
10
8
12
6
2
2
7
11
10
26
48
30
4
5
4
4
20
25
7
-1
17
14
-6
18
37
10
10
33
6
-11
14
11
-1
11
16
4
-1
2
10
15
8
-6
-8
-10
-17
-17
-13
-15
-11
7
12
6
7
8
2
2
9
7
6
27
40
30
19
22
16
5
15
23
27
46
51
20
7
19
17
7
11
20
16
7
24
39
39
47
56
50
42
29
22
37
46
46
49
38
33
50
39
5
7
28
20
7
11
7
-3
-8
-17
-18
1
9
-10
-27
-20
-4
-7
-23
-3
28
18
-7
-6
7
18
29
24
12
9
18
35
47
32
9
9
16
14
26
41
39
35
34
19
23
48
44
28
35
40
29
26
45
74
80
62
51
52
44
42
44
31
15
7
-7
-24
-8
7
7
27
48
44
32
28
28
33
41
37
20
3
3
8
12
20
25
26
21
26
34
29
19
15
14
21
30
27
18
18
5
-18
-12
1
-11
-10
18
14
1
13
22
18
11
8
17
20
16
22
31
24
6
2
14
25
22
17
11
13
20
22
24
25
17
12
19
26
21
12
6
5
7
8
9
9
15
20
13
7
7
7
9
2
-9
-2
17
19
11
8
3
-2
5
11
-7
-19
-3
4
-11
-4
21
31
32
42
41
24
13
15
22
17
6
5
8
8
11
10
10
19
23
19
36
55
60
55
37
17
9
12
20
24
17
21
29
20
7
4
2
25
66
89
114
166
210
223
233
248
258
269
257
206
154
143
141
109
96
111
108
98
108
105
74
47
42
45
39
32
22
12
21
22
-1
-11
-9
-10
-27
-46
-37
-12
-24
-50
-54
-46
-30
-31
-42
-42
-43
-50
-52
-60
-60
-48
-43
-48
-49
-30
-1
2
-16
-22
-22
-38
-49
-49
-41
-24
-22
-41
-52
-44
-46
-44
-34
-40
-54
-51
-47
-57
-58
-33
-22
-27
-14
4
9
10
7
-11
-14
-18
-46
-60
-43
-27
-19
-12
-17
-28
-39
-43
-27
-10
-16
-23
-20
-15
-19
-20
-16
-22
-20
-10
-15
-12
2
-4
-15
-2
0
-29
-47
-40
-24
-18
-21
-30
-36
-24
-10
-10
-3
6
-3
-19
-21
-18
-23
-21
-9
0
10
20
12
5
-4
-26
-35
-9
4
-3
11
19
-6
-24
-3
6
-22
-29
-7
-2
-5
10
34
43
37
29
26
20
11
7
-4
-25
-32
-17
-2
7
5
-6
-11
-8
-19
-21
-10
-13
-15
3
2
-13
7
24
-10
-26
4
14
4
10
24
30
24
-3
-18
2
14
9
12
18
12
12
13
1
-8
-7
-5
4
7
9
25
48
49
40
39
40
28
15
4
-2
7
21
14
-2
0
8
8
0
2
12
3
-17
-6
16
14
12
20
15
6
14
16
3
5
10
-5
4
33
20
-14
-6
17
18
2
5
23
23
9
-9
-19
-19
-20
-25
-13
5
6
-4
2
22
25
16
29
38
22
5
-8
-16
-2
11
-9
-26
-17
2
7
-4
-15
-1
10
-9
-21
-15
-19
-27
-32
-43
-46
-41
-42
-47
-41
-26
-17
-25
-30
-20
-15
-25
-23
-8
-8
-34
-37
-13
-8
-7
3
8
10
20
22
0
-31
-43
-23
6
4
-7
4
32
47
52
57
48
35
31
35
34
32
37
31
16
15
26
36
33
30
24
19
21
20
12
7
13
20
21
20
28
38
37
36
54
58
45
48
52
32
13
13
19
20
11
2
4
10
10
-6
-22
-4
15
1
-23
-25
-16
-11
-5
4
15
21
12
-6
-12
-3
2
-4
5
24
26
11
25
56
50
23
24
34
19
9
12
11
1
6
33
50
30
25
47
36
15
27
36
24
13
25
37
26
19
37
53
51
46
36
36
38
39
49
52
45
45
57
66
63
52
35
28
31
27
20
15
12
13
16
9
-2
-12
-14
-12
-20
-38
-50
-57
-49
-30
-26
-35
-39
-39
-40
-34
-24
-18
-9
-4
-9
-5
8
9
5
13
12
-9
-23
2
46
58
44
32
26
9
-8
-22
-28
-10
26
50
58
68
71
48
19
3
-11
-24
-27
-28
-34
-31
-24
-6
18
24
15
11
1
-16
-16
-7
4
27
51
55
43
25
8
6
11
1
-3
16
34
26
23
26
9
-15
-16
9
22
16
17
25
19
15
16
6
-8
-15
-18
-19
-20
-14
-6
-6
-10
-18
-23
-18
-9
2
7
-2
-3
8
18
4
-14
-15
-5
-18
-34
-28
-21
-19
-10
6
18
11
13
35
30
7
11
24
20
23
23
12
3
-7
-19
-14
3
13
19
11
8
32
48
33
20
14
12
18
22
15
15
8
2
13
22
18
21
33
33
26
15
5
19
45
46
39
49
51
39
47
49
35
36
48
39
23
9
2
4
-7
-6
28
49
41
42
37
12
9
21
16
12
15
15
19
20
16
16
20
20
18
12
8
3
-8
-9
-6
-2
13
26
20
9
13
16
8
10
32
46
34
23
14
5
7
18
1
-20
-10
-6
-20
-12
7
6
19
44
43
29
37
36
19
10
17
21
14
8
12
5
-8
4
30
36
32
32
22
19
34
50
39
23
22
14
-11
-19
4
22
21
23
24
20
33
49
42
34
42
36
11
8
27
26
23
39
40
20
14
17
5
-1
6
10
9
14
21
25
17
12
13
14
10
12
14
8
18
42
49
35
19
9
9
14
15
17
15
-10
-29
-20
0
10
11
9
12
13
-4
-17
-4
8
-4
-13
-14
-7
4
0
-12
-6
-4
-6
13
17
-12
-13
5
-6
-26
-15
11
20
14
6
5
-3
-14
-15
-5
-7
-21
-24
-12
-6
0
15
16
10
6
-12
-28
-26
-27
-24
-17
-19
-23
-17
-25
-29
-17
-15
-19
-3
23
55
116
183
219
258
304
328
328
306
296
303
265
188
156
156
123
91
81
75
49
10
3
24
27
8
-12
-13
-12
-32
-41
-15
-6
-20
-17
-22
-32
-19
-1
2
-6
-5
-7
-37
-62
-51
-41
-45
-32
-16
-9
-8
-19
-36
-50
-51
-42
-49
-71
-73
-63
-64
-67
-56
-43
-59
-84
-75
-60
-72
-79
-74
-76
-75
-76
-70
-51
-64
-95
-93
-79
-90
-91
-76
-79
-81
-56
-37
-41
-60
-74
-73
-91
-116
-95
-56
-51
-50
-35
-36
-41
-34
-36
-50
-55
-34
-27
-40
-51
-52
-29
-5
-6
-21
-28
-43
-54
-43
-39
-41
-40
-41
-39
-27
-19
-24
-23
-25
-34
-37
-28
-12
-7
-16
-24
-17
-14
-14
-1
4
-11
-24
-20
-4
2
-13
-29
-25
-14
-16
-17
-4
10
4
2
13
19
19
18
1
-1
16
26
21
20
25
22
22
17
9
4
2
4
15
24
21
11
14
23
25
19
17
15
19
42
56
47
39
36
38
49
56
45
31
35
42
40
37
35
17
17
45
46
27
32
41
39
37
23
10
17
19
5
9
20
16
8
9
15
15
17
17
20
30
29
29
39
42
36
27
19
8
8
2
1
24
46
37
22
28
24
18
36
39
25
26
30
28
28
22
9
12
22
25
26
30
34
28
32
49
53
39
35
43
50
40
32
47
63
53
43
45
45
32
19
23
35
40
34
23
10
12
38
53
42
34
45
64
65
51
43
44
44
48
43
23
17
32
35
23
27
29
17
10
20
29
27
17
2
-7
-10
-11
-13
-11
-11
-15
-2
13
10
27
46
35
21
35
32
10
12
28
22
8
13
14
-7
-12
17
30
15
9
13
7
8
15
12
10
17
2
-9
13
27
18
17
22
12
12
33
49
27
7
20
24
5
7
18
5
-11
-17
-28
-26
-12
-5
-3
-6
-19
-31
-40
-45
-31
-23
-31
-37
-44
-48
-39
-27
-17
-15
-15
-12
-13
-9
2
10
8
12
15
15
25
37
26
8
10
15
15
6
-15
-3
36
34
8
10
21
9
14
36
37
19
23
30
22
22
24
18
18
10
-9
-4
11
9
1
-4
-9
3
21
23
16
12
5
2
9
14
19
19
16
10
7
5
-4
-5
4
3
0
7
13
17
14
7
7
5
-2
-3
1
0
3
18
35
42
30
29
37
35
29
34
30
17
31
54
41
19
20
28
40
38
19
22
38
28
20
22
5
-2
21
31
17
3
-1
-7
-17
-17
-27
-45
-25
16
14
-6
-5
-4
-9
-7
-10
-17
-30
-39
-39
-34
-23
-20
-20
-14
-5
1
4
-13
-32
-36
-49
-59
-35
-19
-22
-13
-3
-9
-9
-6
-10
-18
-27
-31
-24
-23
-21
1
16
22
41
59
63
99
157
196
242
281
307
317
290
266
278
264
183
94
63
70
56
15
10
23
14
11
16
17
18
22
9
-18
-25
-18
-17
-23
-26
-30
-38
-30
-23
-18
-17
-21
-23
-21
-18
-20
-25
-41
-52
-48
-50
-54
-57
-66
-64
-54
-48
-56
-58
-54
-68
-83
-84
-78
-71
-78
-98
-90
-70
-73
-65
-42
-49
-63
-69
-78
-62
-38
-41
-34
-20
-32
-42
-41
-53
-57
-50
-53
-51
-45
-56
-69
-61
-46
-38
-35
-28
-31
-43
-42
-39
-42
-48
-52
-58
-68
-82
-75
-52
-54
-72
-73
-62
-57
-51
-31
-23
-30
-25
-17
-14
-8
-15
-33
-30
-17
-14
-17
-20
-15
0
-3
-19
-12
10
15
14
13
-6
-16
-5
-8
-25
-23
-15
-14
-16
-19
-23
-22
-18
-19
-24
-18
-18
-36
-44
-26
-5
6
13
12
19
18
-6
-16
-5
-6
-14
-13
-3
0
3
2
-2
-2
7
12
12
33
33
7
11
36
29
17
27
30
24
22
28
28
11
2
4
-5
-6
7
-3
-21
-7
-7
-30
-14
28
34
14
10
19
9
-13
-14
9
15
5
12
15
16
30
48
49
35
13
-2
-12
-20
-21
-16
-21
-17
17
48
41
16
13
22
17
6
3
-2
-5
6
24
15
1
17
30
18
20
34
27
28
50
60
52
38
20
8
0
-6
-5
10
38
59
52
44
55
54
53
74
81
67
67
63
35
21
13
-9
-17
-8
0
10
28
27
11
25
43
26
11
27
24
8
11
4
-17
-25
-21
-13
-11
1
21
19
11
26
20
-4
5
13
3
8
23
18
14
17
13
5
7
13
0
-13
0
12
10
11
18
9
-5
1
7
-6
-17
1
9
-13
-18
-2
-4
-13
-4
-6
-14
-5
14
23
19
14
26
40
26
12
20
26
13
2
5
2
-1
0
8
11
-15
-26
5
25
14
9
17
28
35
27
18
7
-11
-7
6
16
40
55
49
46
44
19
13
31
42
48
57
52
47
44
20
9
22
10
-10
2
18
6
-6
-3
6
8
0
-1
-3
-18
-17
1
5
-3
-2
8
7
1
-2
-3
-5
-3
2
6
18
27
41
42
35
24
20
17
13
16
29
32
25
43
63
69
75
71
57
49
43
24
15
14
19
27
7
-10
16
35
22
8
-3
-14
-16
-19
-20
-10
-3
-1
-11
-24
-17
-8
1
5
2
-1
6
7
3
5
-7
-16
-4
-6
-47
-62
-47
-57
-60
-30
-26
-37
-16
2
-7
-13
-11
-14
-24
-28
-7
14
9
-11
-20
-1
28
24
11
-1
-24
-28
-12
-16
-19
10
35
21
-7
-15
-7
-15
-34
-30
-15
-4
11
10
-4
-2
4
-9
-19
-16
-36
-27
13
16
-13
-32
-28
-31
-19
-16
-2
16
25
22
15
15
18
12
4
-1
-9
-23
-21
-13
-6
2
0
-17
-14
14
21
13
28
44
24
11
16
-3
-21
-18
-23
-26
-19
-20
-9
13
3
-14
-4
-7
-17
5
23
-2
-15
9
17
-9
-11
27
10
-8
46
34
-23
-14
15
-15
-13
-5
-12
-11
-18
-15
-10
-16
-8
-4
-16
-12
-5
-18
-26
-15
-4
-3
-12
-28
-29
-15
-5
-19
-46
-52
-47
-44
-41
-33
-17
4
8
-8
-15
-1
9
13
22
24
18
21
20
-2
-20
-31
-54
-65
-26
52
132
202
260
280
315
338
266
243
318
308
225
190
156
109
84
46
36
56
39
21
24
13
8
13
-6
-12
5
1
-12
0
11
-5
-15
-15
-25
-49
-53
-46
-57
-64
-59
-47
-33
-16
2
7
5
2
-7
-12
2
15
18
27
21
-4
-24
-33
-45
-53
-49
-46
-47
-51
-59
-62
-44
-19
-22
-36
-20
3
4
-9
-12
-1
6
-13
-41
-45
-42
-50
-44
-22
-14
-13
-8
-11
-26
-21
0
9
6
2
-8
-26
-38
-35
-38
-51
-58
-45
-30
-32
-27
-21
-34
-52
-56
-49
-29
-17
-21
-16
-12
-34
-46
-32
-19
-13
-14
-17
-19
-18
-14
-20
-36
-33
-25
-36
-47
-42
-42
-43
-42
-44
-41
-35
-32
-43
-58
-60
-51
-51
-52
-31
-6
-5
-14
-15
-27
-42
-30
-10
-12
-17
-4
5
-9
-30
-38
-29
-18
-19
-15
-2
-2
4
20
28
40
55
46
20
14
18
7
-10
-5
14
21
18
16
22
32
32
20
2
-3
0
-1
5
20
15
-12
-24
-24
-32
-26
-1
0
-17
-10
1
-10
-6
14
18
8
4
16
24
25
17
13
15
2
-16
-5
17
16
10
14
8
5
2
-2
8
20
16
11
23
27
21
15
9
5
7
21
38
36
20
11
16
22
34
34
25
28
29
21
11
6
11
18
8
-2
4
6
0
-12
-25
-8
20
30
26
25
24
20
28
45
49
46
48
37
15
-5
-19
-21
-14
-9
7
27
40
40
30
26
27
24
30
41
39
35
38
31
21
19
15
6
6
20
27
12
2
9
11
8
12
23
36
37
41
54
51
36
35
30
28
28
23
38
50
31
14
16
12
14
16
14
19
17
12
22
27
23
23
28
23
14
20
25
11
4
11
0
-4
10
12
16
31
32
27
26
31
37
32
31
48
55
58
67
63
62
60
53
48
44
43
55
50
30
37
47
33
21
37
53
39
26
37
39
26
11
-3
-8
2
1
-4
5
15
21
30
35
36
38
25
8
6
11
24
49
57
59
80
93
70
43
26
15
15
16
14
17
20
22
26
26
11
-3
3
8
10
20
26
16
9
9
15
22
5
-14
0
10
-4
-4
17
32
34
37
39
23
15
34
34
8
-7
-1
2
5
12
23
29
20
14
8
-8
-21
-6
2
-20
-23
-5
1
4
4
-2
8
20
15
16
21
14
11
4
-12
-12
3
19
29
23
16
14
13
7
4
8
15
11
9
22
29
23
21
20
8
3
15
22
22
20
14
6
3
0
-13
-21
-12
-6
-19
-32
-30
-24
-13
-11
-30
-44
-37
-25
-21
-32
-34
-19
-11
-13
-19
-22
-12
-1
-3
2
1
-16
-21
-29
-52
-41
-21
-28
-25
-11
-10
-8
-5
-16
-18
-4
-8
-34
-45
-27
-10
-14
-18
-16
-1
17
26
26
17
-7
-12
-2
-10
-16
-11
-21
-39
-30
-8
-10
-27
-29
-21
-17
-8
4
2
-13
-12
6
5
-8
2
11
5
-3
-17
-27
-15
-12
-19
-31
-39
-24
-6
-11
-10
4
15
26
20
2
9
30
32
20
12
5
-11
-8
12
22
14
14
25
19
11
20
32
36
38
44
48
54
58
65
93
132
171
212
261
289
290
288
290
282
275
280
263
213
170
134
88
65
60
44
40
61
58
40
42
46
31
17
19
4
-16
-16
-13
-21
-16
-8
-19
-20
0
10
0
-18
-21
-24
-37
-48
-42
-30
-11
8
-1
-24
-17
9
3
-16
-15
-5
-14
-26
-20
-10
-5
-4
-11
-22
-21
-9
-1
-15
-35
-38
-46
-63
-51
-35
-44
-46
-49
-57
-28
2
1
-3
-2
-1
-6
-17
-14
-14
-40
-38
-15
-21
-29
-20
-21
-36
-48
-40
-25
-36
-44
-25
-11
-20
-25
-20
-10
-15
-21
-15
-23
-58
-69
-45
-39
-56
-43
-26
-35
-42
-45
-53
-44
-33
-34
-31
-33
-35
-28
-33
-42
-39
-46
-43
-18
-14
-17
-1
10
-1
4
23
20
16
33
32
16
15
14
-4
0
20
24
20
21
11
-7
6
30
28
23
36
30
10
13
31
24
11
17
14
4
14
23
12
-1
-2
4
3
2
9
17
22
21
2
-16
-12
-11
-13
-5
3
11
25
21
-11
-21
3
3
-19
-19
3
10
11
17
16
9
14
25
23
2
-6
14
26
11
11
26
30
36
33
22
11
2
-6
-8
-16
-27
-19
-2
11
18
10
-5
-10
-7
-5
2
5
-11
-13
9
23
10
3
8
6
7
14
22
19
3
4
23
24
21
47
56
29
33
45
13
2
31
17
-15
-8
2
4
19
23
8
12
25
23
13
12
17
15
10
1
-1
22
38
22
4
11
16
13
3
-8
3
12
12
19
23
9
2
14
13
-12
-18
-5
-3
-4
3
-5
-7
7
-2
-24
-14
3
-4
-7
1
12
20
18
14
31
39
22
16
11
3
9
15
10
13
18
10
11
12
-9
-5
26
27
12
26
34
20
19
22
13
5
6
10
14
15
17
20
18
10
6
5
1
1
14
16
1
-4
-4
-15
-12
7
22
34
41
36
23
16
6
-7
-13
3
22
19
14
16
17
14
18
21
11
7
16
17
10
17
28
20
23
42
48
39
34
21
2
3
17
27
29
33
45
47
38
34
29
23
36
55
40
12
15
21
13
8
11
3
-10
-15
-14
-5
7
8
6
-1
-12
-7
15
12
-13
-15
0
1
-6
-6
-5
-12
-10
8
-3
-25
1
33
21
16
27
16
8
16
11
6
12
12
13
17
17
13
16
36
62
73
67
54
53
71
77
43
12
19
25
13
14
19
-2
-13
-3
2
6
11
10
13
14
0
-10
-13
-14
-13
-10
-5
4
24
40
24
7
26
43
28
24
29
16
11
30
38
23
17
18
12
9
5
-4
-1
12
6
-7
-3
-4
-16
-21
-4
9
7
14
33
45
48
45
28
19
28
16
-8
-2
12
3
9
37
38
31
33
26
21
20
13
11
16
5
-1
-10
-29
-24
3
3
-13
-15
-13
-15
-19
-26
-11
20
21
4
8
7
-6
0
6
-8
-3
15
1
-13
1
15
19
27
22
8
0
-1
7
28
44
33
20
18
16
6
5
10
12
18
21
14
20
45
53
38
41
54
51
40
40
34
20
32
48
38
38
57
41
8
8
23
24
16
9
6
4
-13
-41
-53
-34
-12
-18
-24
-13
-9
-6
2
4
14
46
58
67
109
149
168
193
223
233
218
189
175
161
111
47
32
57
54
39
51
47
15
5
-5
-28
-22
-9
-20
-20
-14
-15
-16
-19
-34
-49
-68
-67
-42
-26
-35
-62
-82
-81
-73
-71
-63
-50
-48
-44
-29
-29
-45
-53
-55
-59
-49
-37
-34
-21
-16
-28
-51
-68
-60
-48
-59
-63
-50
-30
-15
-27
-45
-39
-36
-52
-51
-18
0
-16
-19
-4
-9
-15
-10
-29
-51
-45
-31
-25
-23
-20
-24
-42
-49
-40
-43
-44
-22
-14
-28
-19
-7
-15
-14
-5
-17
-38
-52
-38
-9
-8
-25
-14
-7
-33
-42
-33
-45
-49
-29
-10
0
2
2
-3
-24
-32
-9
-15
-48
-49
-45
-52
-46
-35
-24
-7
-1
1
10
8
-7
-1
4
-13
-23
-3
0
-30
-35
-19
-23
-30
-22
-18
-8
8
6
3
10
9
5
-1
-11
-11
-1
9
12
5
2
16
21
17
24
24
10
6
7
4
-1
-9
-18
-9
10
16
6
-9
-17
-7
1
-5
-8
-1
-4
-10
-2
8
8
9
19
29
25
7
-6
-10
-5
16
26
14
8
22
28
24
4
-18
-17
-5
-7
-23
-41
-49
-47
-32
-23
-30
-34
-16
-2
5
20
23
12
-2
-12
-16
-3
12
2
-12
-12
-26
-39
-23
-11
-25
-28
-6
9
15
15
12
10
-1
-12
-15
-27
-36
-34
-28
-20
-6
10
24
20
4
19
39
29
19
16
-5
-17
-16
-16
-9
8
18
19
19
29
31
25
28
31
30
32
22
5
2
-9
-9
15
23
15
11
8
14
22
16
3
-4
-2
-7
-25
-27
-7
-5
-5
14
9
-14
-5
4
-13
-15
-5
-6
2
6
-11
-31
-40
-33
-18
-4
13
20
-5
-9
13
12
6
17
20
9
8
24
39
39
32
29
29
24
19
16
12
12
31
40
27
23
22
12
8
5
4
14
16
17
34
39
25
19
18
33
46
29
-2
-10
-3
-7
-13
-4
2
-8
-11
-1
10
14
13
14
15
-2
-20
-10
2
2
-5
-15
-4
19
31
42
40
18
7
13
-3
-22
-26
-32
-28
-12
-6
-14
-15
-11
-12
-6
1
-2
2
27
35
25
26
22
19
21
16
7
12
10
-1
3
10
3
-10
-6
17
23
6
4
19
14
4
6
-5
-11
5
20
15
15
19
15
19
24
7
-10
2
16
8
1
5
14
20
18
28
42
29
7
15
30
18
5
12
17
9
8
12
2
10
33
31
24
29
24
13
19
18
18
26
27
25
16
12
15
11
8
21
25
8
0
3
-2
-4
-2
3
1
3
6
6
2
-14
-24
-7
29
46
42
28
15
20
21
-3
-12
8
20
17
18
7
-9
3
17
7
1
12
26
36
25
-3
-18
-5
12
14
9
9
13
15
17
15
17
19
11
10
8
-4
-5
1
-11
-20
-1
9
0
-10
-16
-13
-14
-18
-17
-13
-15
-12
-13
-17
-6
-1
-12
-21
-16
2
6
0
4
8
-3
-13
-7
3
2
-18
-18
4
12
11
10
13
30
39
29
19
12
8
22
33
21
7
-4
-21
-33
-22
3
12
9
15
13
6
6
11
21
26
18
17
29
26
15
13
9
-15
-31
-12
1
-12
-17
-19
-22
-7
7
6
13
18
23
38
40
45
90
156
200
227
247
270
291
282
259
263
257
199
127
94
86
68
37
19
16
-4
-24
-23
-20
-20
-34
-52
-37
-34
-64
-67
-52
-67
-76
-63
-68
-76
-59
-47
-63
-72
-77
-86
-82
-73
-64
-45
-47
-66
-54
-34
-59
-76
-53
-27
-27
-46
-48
-42
-44
-42
-34
-40
-46
-45
-57
-62
-50
-52
-58
-51
-44
-53
-52
-29
-17
-18
-7
2
-1
-1
-20
-47
-41
-20
-19
-18
-6
-7
-14
-11
-3
-11
-17
-8
-16
-26
-19
-26
-30
-11
-11
-23
-11
-3
-5
3
-5
-24
-21
-17
-25
-22
-17
-27
-27
-17
-30
-34
-19
-14
-24
-34
-41
-35
-22
-18
-15
-11
-13
-22
-30
-44
-54
-54
-53
-56
-50
-41
-45
-52
-46
-42
-44
-48
-43
-31
-22
-15
-7
-9
-22
-23
-26
-25
-13
-25
-50
-38
-14
-13
-14
-6
-7
-14
-19
-20
-15
-6
-10
-34
-52
-51
-37
-26
-20
-15
1
6
-7
-7
-3
-17
-14
16
25
19
20
26
39
53
45
36
32
15
8
11
1
-4
-14
-38
-40
-19
-12
-19
-24
-21
-15
-30
-50
-49
-45
-49
-45
-43
-50
-65
-70
-51
-33
-38
-45
-39
-37
-42
-33
-22
-35
-39
-21
-24
-29
0
8
-7
-7
-9
-16
-14
-19
-21
8
31
21
11
5
-2
-1
0
-4
-9
-7
-10
-4
8
2
-11
-11
6
17
27
41
48
31
-2
-18
-12
-10
-14
-8
-2
-4
-2
-5
-14
-29
-33
-5
17
25
28
6
-23
-8
19
16
19
37
32
23
23
23
16
13
20
20
16
20
41
51
37
27
33
33
25
12
6
13
29
34
25
20
13
7
12
20
16
20
26
15
10
15
15
24
36
38
28
18
16
17
6
-4
18
50
52
28
13
11
9
15
33
26
9
13
21
21
33
42
29
22
19
8
-2
-2
6
4
6
30
39
21
14
33
40
25
17
19
4
-11
6
19
1
-6
6
0
-17
-20
-7
4
8
12
21
31
29
23
29
39
28
8
4
-2
-19
-29
-36
-35
-20
-2
7
17
22
26
23
7
2
15
20
10
13
33
37
18
16
39
36
25
38
35
27
38
45
39
37
32
26
28
20
13
15
15
16
30
39
44
48
44
41
39
23
12
18
25
25
24
15
5
10
15
-1
-12
16
34
16
6
4
-14
-29
-25
-4
14
17
8
5
4
-8
-14
0
16
14
14
13
10
22
35
21
11
18
21
13
10
21
24
21
37
57
54
41
28
21
18
13
13
18
9
-2
4
16
29
38
29
17
22
26
10
2
19
22
2
6
37
36
14
9
16
14
11
10
13
26
28
19
14
7
5
7
7
10
20
28
25
30
39
46
54
56
35
17
24
20
12
24
29
18
24
44
50
46
41
40
35
23
23
29
27
22
25
31
42
55
56
68
87
86
72
70
63
44
45
60
60
54
45
32
28
30
21
16
34
38
30
35
44
28
6
6
14
4
-16
-15
2
14
17
13
2
-15
-25
-23
-36
-55
-57
-55
-56
-34
-11
2
25
33
9
-9
-23
-39
-33
-23
-21
-18
-15
-9
9
3
-18
-12
-1
-7
1
8
0
7
23
21
8
-4
-9
-2
8
27
46
49
41
38
33
30
23
12
12
31
40
28
15
10
0
-11
-7
2
6
18
35
33
21
19
21
28
40
32
19
25
35
32
22
12
7
7
17
33
30
25
34
43
44
47
39
23
19
32
40
26
23
42
45
29
25
40
39
23
26
34
22
6
5
1
-5
-8
-7
2
6
8
4
5
19
36
45
52
47
34
30
31
24
20
23
31
38
33
14
4
15
18
10
10
11
-3
-2
10
11
15
28
31
22
14
14
19
28
34
28
4
7
39
39
4
-13
1
7
0
5
12
-2
-5
19
24
14
15
9
-7
-12
-9
-1
4
10
26
37
22
10
22
19
-6
-14
-5
-11
-23
-17
-14
-15
0
18
6
-16
-2
18
12
-1
3
3
-4
4
16
15
8
4
4
19
23
9
9
25
23
6
-5
0
19
27
21
22
13
-2
-4
-5
-9
-11
-13
-7
13
24
30
31
26
23
12
1
5
3
-1
-2
-9
-10
-10
-28
-29
4
17
6
-2
2
7
9
11
7
-1
23
54
47
18
3
5
13
11
3
5
14
24
28
30
28
21
12
10
11
20
28
21
11
17
26
17
16
37
44
30
31
43
43
42
41
23
-1
2
26
34
28
28
39
38
30
34
33
19
9
8
0
-12
-28
-45
-33
-8
-2
-7
-5
-11
-19
-14
-8
0
22
38
38
35
38
37
37
35
26
20
23
23
33
37
19
11
24
27
25
31
28
27
29
21
14
10
-1
-11
-13
-3
7
7
-3
-4
4
10
3
-6
8
16
12
14
19
13
8
8
-1
-9
-2
7
3
-5
7
29
25
7
4
11
4
0
4
1
9
28
28
29
48
59
42
23
20
17
17
14
11
21
18
-8
-12
9
12
-1
-11
-18
-9
12
22
25
23
20
19
13
15
29
25
7
19
37
27
26
37
38
37
47
38
10
1
11
14
-6
-29
-24
-5
0
-3
-1
0
11
27
10
-19
-16
3
8
-7
-18
-22
-19
-15
-21
-20
0
-5
-23
-22
-17
-25
-25
-24
-24
-10
9
17
28
49
55
49
50
36
9
6
17
17
14
19
26
25
23
28
28
26
25
21
23
42
40
24
36
36
9
9
37
31
10
5
4
14
35
37
23
16
18
26
26
12
-1
-5
-3
9
12
8
8
11
16
19
18
13
7
18
30
33
35
28
16
19
21
8
12
18
9
5
9
8
24
50
48
24
22
34
31
23
31
41
31
24
38
60
54
37
46
58
35
15
24
25
9
9
21
18
7
6
17
21
18
14
13
14
21
23
13
12
16
-2
-16
-10
-3
5
17
16
10
4
-4
-4
4
5
-3
-3
7
23
32
31
28
18
18
26
27
31
45
38
15
5
2
-4
8
10
0
8
12
-17
-37
-21
-13
-19
-14
-12
-13
6
25
22
16
22
15
5
7
11
11
8
3
6
4
-10
-16
-12
-15
-17
-10
-12
-13
0
1
-22
-33
-23
-21
-22
-15
0
18
27
24
13
10
16
18
4
-4
3
-5
-18
-17
-5
-9
-29
-40
-27
-12
-14
-17
-16
-12
0
6
-4
-14
-24
-32
-18
28
74
108
159
217
246
271
304
300
258
236
232
217
180
142
140
137
94
58
38
20
30
41
17
3
27
44
46
53
52
46
48
53
30
11
16
12
8
18
18
23
37
16
-30
-33
-26
-38
-27
-6
-10
-19
-7
-4
-22
-31
-26
-32
-41
-27
-16
-22
-19
-16
-24
-25
-21
-17
-24
-34
-26
-25
-41
-34
-34
-56
-45
-10
-17
-31
-20
-7
-17
-41
-45
-38
-51
-60
-58
-66
-62
-52
-53
-46
-39
-48
-51
-47
-41
-40
-54
-60
-47
-41
-48
-38
-20
-23
-41
-59
-54
-37
-47
-62
-47
-34
-43
-37
-23
-26
-41
-43
-32
-33
-45
-46
-32
-26
-33
-39
-35
-40
-53
-51
-38
-28
-12
-2
-7
-13
-17
-18
-10
-10
-28
-24
-10
-16
-25
-14
-8
-25
-40
-42
-45
-39
-16
-4
-11
-9
-17
-34
-33
-25
-22
-19
-21
-36
-49
-47
-45
-61
-66
-46
-29
-26
-36
-42
-23
-14
-35
-36
-18
-9
-11
-15
-16
-1
11
14
19
21
23
29
16
-5
1
20
22
20
30
30
15
17
26
6
-8
17
31
17
22
35
32
30
36
36
30
34
42
22
-10
-7
11
8
9
36
40
23
16
23
23
4
-12
-8
7
10
0
5
28
37
33
33
30
30
40
33
21
23
33
38
34
38
48
43
24
14
12
11
9
5
-3
-20
-41
-29
-8
-20
-27
-5
-1
-23
-19
-4
-20
-42
-33
-14
-25
-28
-2
5
-12
-10
0
-18
-35
-32
-31
-37
-33
-32
-33
-26
-19
-8
-5
-17
-22
-14
-27
-54
-49
-28
-29
-37
-32
-18
-6
1
3
-4
-15
-20
-10
-10
-15
-5
2
-5
-8
-4
7
26
42
37
27
36
49
54
46
37
30
29
48
71
64
34
10
1
-5
-11
-11
-12
-16
-7
1
-11
-14
-1
12
24
20
-4
-22
-23
-6
18
25
21
28
34
34
34
27
10
-8
-14
-10
-9
-13
0
18
16
1
-9
-10
-3
7
22
30
17
8
16
21
18
18
15
3
-6
-16
-32
-46
-49
-29
-7
-11
-22
-5
6
-7
-11
-1
8
12
10
8
22
25
13
7
9
3
-4
8
21
9
-3
3
2
-15
-12
5
21
27
27
36
28
6
-1
11
20
18
15
25
36
24
0
-3
2
4
0
0
3
-7
-1
10
-5
-24
-20
-13
-5
14
15
12
28
39
22
9
22
26
18
27
39
38
33
25
11
8
11
27
50
46
36
50
58
47
36
28
25
28
17
-2
-3
5
4
10
29
30
5
-11
-5
1
-3
-7
-3
0
8
16
11
10
9
9
13
17
14
7
7
26
42
27
16
36
44
35
31
29
35
44
53
53
36
13
7
14
21
22
6
0
23
37
27
6
-8
-15
-17
9
41
35
11
8
15
11
-2
-14
-15
-22
-33
-18
0
-7
-11
-3
-8
-15
1
17
14
13
21
7
-22
-11
18
8
-7
4
-1
-16
-2
11
3
4
12
13
10
11
10
-3
-16
-17
-8
-11
-19
-7
9
-1
-16
-17
-23
-22
-5
-4
-2
7
5
-3
8
20
13
8
26
41
24
12
21
15
-8
-12
-4
-11
-12
14
32
33
32
27
25
25
8
-8
-5
-5
0
20
24
-1
-24
-32
-34
-36
-26
-17
-20
-21
-15
-15
-5
23
41
36
19
8
0
-16
-12
29
72
94
128
183
224
246
268
291
301
301
303
286
259
249
230
186
150
126
102
80
54
30
26
22
12
4
3
3
-11
-34
-34
-12
-8
-14
-18
-20
-19
-21
-39
-55
-61
-60
-44
-32
-45
-49
-38
-39
-45
-40
-25
-12
-15
-29
-24
-10
-19
-26
-13
-18
-43
-49
-37
-40
-39
-26
-29
-41
-41
-47
-58
-52
-50
-52
-52
-54
-53
-50
-53
-50
-50
-64
-63
-43
-50
-74
-67
-31
-19
-35
-34
-18
-20
-35
-30
-13
-14
-32
-39
-43
-55
-55
-39
-35
-47
-46
-36
-32
-22
-7
-6
-23
-37
-40
-41
-37
-20
3
4
0
2
2
-5
-6
5
14
10
-1
-3
-2
-8
-28
-35
-13
0
-21
-39
-44
-57
-64
-45
-28
-33
-26
-3
-3
-34
-53
-36
-16
-23
-37
-38
-31
-30
-33
-41
-35
-14
-8
-17
-20
-7
-2
-2
8
11
-3
-10
-1
3
-21
-46
-40
-23
-16
-6
1
-15
-26
-24
-20
-24
-28
-15
-10
-18
-9
4
5
-4
-3
10
17
6
5
10
2
-5
-3
3
9
0
-9
-2
-5
-14
-10
0
3
3
3
6
16
1
-18
-21
-21
-21
-14
-14
-17
-5
6
0
2
6
6
16
25
11
-3
5
8
3
7
5
-5
-1
12
10
-3
-2
10
16
-7
-33
-32
-25
-28
-14
11
11
9
21
13
-4
-4
2
-1
2
23
33
19
8
9
6
-9
-26
-32
-23
-20
-27
-22
-23
-19
-4
-6
-10
-1
-13
-26
-4
10
4
4
3
0
-1
-18
-35
-23
0
4
-2
-13
-31
-34
-28
-27
-25
-9
13
21
7
-5
-3
-6
-6
11
10
-3
-7
-6
2
6
5
-5
-21
-31
-27
-26
-30
-19
-3
2
5
22
23
-7
-22
-17
-21
-27
-30
-33
-26
-29
-45
-38
-26
-33
-43
-51
-51
-33
-22
-32
-28
-16
-17
-23
-22
-16
-19
-29
-27
-28
-28
-13
-8
-12
-4
-4
-7
4
0
-25
-37
-32
-30
-46
-53
-48
-48
-41
-29
-24
-26
-29
-20
-7
-9
-18
-5
6
-3
-14
-1
1
-18
-20
-10
-8
-21
-45
-45
-28
-36
-44
-37
-30
-7
9
0
-7
-21
-36
-26
-14
-17
-12
-8
-4
6
13
21
21
6
-5
-4
-14
-21
-18
-13
-5
4
-4
-6
10
13
11
25
24
1
-12
-13
-7
-6
-12
-2
18
16
14
19
12
10
34
41
23
18
21
15
8
0
2
6
-11
-16
5
13
11
28
40
46
58
60
48
35
25
14
11
14
11
11
30
37
21
16
24
18
15
26
36
38
38
26
16
28
38
27
31
40
27
17
15
4
10
37
41
43
64
72
52
35
42
49
46
50
54
38
32
52
60
54
43
25
13
4
-2
7
17
10
15
29
28
25
20
6
4
10
5
4
0
-6
3
16
21
24
20
24
43
46
37
42
46
43
41
40
34
22
22
25
14
12
22
21
18
24
27
28
30
21
18
28
39
40
30
16
16
32
26
7
-2
-9
-22
-30
-20
-6
-4
-7
-2
-6
-16
-10
2
4
15
37
50
39
20
6
6
14
18
17
18
23
26
24
22
18
17
13
8
5
9
15
18
30
43
53
51
33
15
-1
-20
-16
12
23
4
-13
-22
-27
-30
-23
1
12
3
5
25
42
73
115
147
191
247
277
280
287
288
268
253
234
183
135
108
72
41
43
38
20
15
6
-12
-8
12
18
6
-9
-15
-13
-8
-10
-18
-19
-15
-22
-31
-19
-6
-12
-12
-4
-13
-21
-15
-24
-36
-23
-8
-20
-39
-34
-25
-41
-46
-21
-7
-10
-21
-36
-29
-14
-32
-44
-28
-26
-33
-29
-19
-17
-18
-16
-11
-11
-5
-5
-19
-25
-24
-23
-16
-13
-21
-13
0
6
16
20
20
22
9
-2
5
12
12
19
23
21
21
17
15
25
25
5
-7
2
8
-5
-7
10
21
4
-6
13
30
35
42
38
33
36
27
27
51
54
38
45
44
33
43
55
53
52
54
53
43
36
35
32
27
19
14
15
20
10
5
13
15
13
17
27
32
31
39
39
23
2
-4
-2
-9
-3
9
-3
-19
-8
1
-6
-1
11
7
-3
-9
-10
-8
-13
-23
-20
-7
-25
-51
-50
-45
-47
-40
-37
-40
-30
-18
-22
-24
-27
-48
-50
-23
-17
-40
-46
-37
-33
-17
3
1
-4
-3
4
10
10
4
-5
-9
-9
-16
-29
-21
-15
-22
-18
-11
-12
-16
-27
-37
-39
-38
-38
-35
-26
-16
-14
-18
-19
-13
2
1
-15
-20
-21
-34
-36
-26
-23
-22
-14
0
15
9
-11
-12
2
14
22
22
13
13
14
8
5
8
15
25
17
-1
6
28
25
9
12
35
43
26
16
15
13
10
-2
-14
-6
-4
-9
1
19
25
17
-6
-24
-22
-16
-17
-21
-10
-3
-13
-20
-16
-14
0
15
9
8
19
3
-10
2
-9
-26
-8
-2
-27
-26
2
18
22
19
13
24
31
2
-39
-47
-36
-32
-28
-19
-23
-31
-22
-14
-12
-15
-20
-21
-30
-46
-45
-40
-53
-56
-45
-43
-39
-25
-24
-42
-50
-47
-48
-43
-28
-20
-28
-27
-20
-27
-27
-11
-16
-41
-40
-20
-18
-25
-20
-17
-17
-12
-9
-14
-20
-32
-43
-45
-38
-24
-12
-14
-13
-7
-6
2
11
17
18
13
9
12
6
-9
-12
-11
-17
-15
-7
-6
-16
-11
6
-3
-19
-4
11
0
-2
7
2
-12
-15
-10
3
17
20
14
8
13
21
26
21
11
6
7
10
10
17
31
36
32
21
15
19
26
22
12
8
3
1
-4
-8
-5
5
15
10
-2
-7
-8
-8
-5
-14
-23
-14
-5
-16
-31
-15
9
1
-14
-12
-6
-12
-19
-11
4
5
-3
-6
1
16
19
8
12
19
21
40
50
39
39
51
44
32
37
48
53
50
34
31
39
35
26
22
18
20
26
17
8
14
28
32
21
9
-1
-10
-5
3
-2
-9
-1
7
1
-6
-10
-12
-21
-24
-22
-20
-16
-10
-10
-11
5
21
22
16
6
-5
-12
-13
-8
-7
0
16
18
9
10
2
-11
-3
5
5
15
18
4
2
15
22
19
13
11
16
15
7
7
13
3
-3
5
10
12
17
18
10
-5
-23
-34
-41
-36
-12
-10
-19
0
14
-2
-14
-1
16
24
22
19
15
-2
-13
-17
-26
-31
-30
-23
-19
-35
-50
-37
-27
-38
-31
-17
-21
-27
-18
-4
-18
-40
-42
-38
-42
-31
-15
-14
-7
12
18
11
9
17
8
-13
-20
-7
0
-10
-17
-11
-6
-8
-5
-5
-8
1
15
12
5
-2
-2
8
19
8
-8
2
25
33
29
24
11
4
8
8
3
7
21
36
36
27
28
28
21
24
35
42
43
31
13
-5
-11
-18
-33
-32
-19
-28
-45
-43
-34
-30
-38
-46
-39
-37
-37
-16
-6
-26
-51
-56
-47
-46
-53
-40
-16
-19
-39
-51
-55
-58
-60
-41
-6
11
8
13
22
14
-4
-28
-43
-44
-44
-50
-37
4
35
36
26
27
22
3
0
5
-5
0
15
13
12
15
6
3
11
9
16
36
34
19
26
29
17
27
47
32
11
24
51
48
36
38
39
39
49
41
23
23
29
25
14
14
23
20
10
9
15
29
38
43
52
47
35
55
83
84
73
56
45
49
44
30
38
47
40
36
32
20
23
31
33
30
18
16
24
11
-1
17
31
32
33
27
9
6
19
26
15
4
10
23
26
31
34
30
38
52
45
22
9
11
26
26
13
15
28
29
36
48
36
19
18
7
4
29
41
32
34
40
47
65
71
53
31
30
33
33
30
28
44
60
55
48
44
30
29
25
9
6
10
14
31
51
61
61
52
40
34
26
26
40
53
55
54
47
30
12
-6
-18
-25
-23
-1
23
23
27
37
26
16
18
5
-15
-22
-24
-30
-27
-2
19
18
10
13
20
26
24
16
13
25
29
21
31
42
31
15
17
16
13
20
9
-17
-14
-4
-3
18
32
15
-1
-2
5
16
18
7
3
4
1
4
14
19
10
20
38
36
27
23
25
27
14
-3
-2
3
4
10
11
6
15
24
27
33
38
42
38
25
25
40
46
36
33
36
31
20
6
-3
1
7
-5
-2
19
20
10
7
5
3
8
7
3
12
13
0
0
7
4
4
12
-1
-6
14
23
16
21
25
19
33
51
48
40
36
26
9
-4
-8
-10
-7
8
26
28
6
-15
-15
-19
-39
-19
18
15
12
39
61
54
31
21
15
-1
-17
-6
14
18
17
23
27
26
18
3
3
7
0
2
10
-10
-26
-12
-5
-14
-6
14
12
-3
-10
-10
-16
-24
-17
-15
-18
-4
5
5
13
13
-7
-7
14
19
14
19
20
13
6
-11
-20
-13
-8
-16
-17
-2
17
21
21
28
19
2
11
16
4
7
22
32
39
42
36
33
31
33
40
44
46
47
31
22
26
17
6
9
14
15
22
28
30
32
28
11
-4
-1
-1
-11
-5
3
3
-1
0
8
-1
-23
-19
8
5
-15
-17
0
9
8
7
14
18
14
12
13
2
-12
-10
-4
-5
-11
-17
-13
-13
-37
-51
-29
-12
-14
-7
0
-9
-10
-2
-12
-27
-23
-9
-4
0
7
10
8
-3
0
16
16
12
24
32
31
31
35
36
22
11
11
16
19
18
12
16
16
3
6
9
-2
-2
7
9
12
17
19
17
10
3
12
18
12
19
36
34
23
22
16
0
6
9
2
1
-9
-14
-3
-16
-35
-6
8
-12
-16
-9
-12
-16
-9
2
-22
-42
-18
-11
-31
-22
-13
-29
-27
-11
-3
5
15
17
7
-4
-7
-8
-6
-7
-14
-1
19
12
-11
-16
-14
-14
-16
-11
3
15
20
9
-8
-6
0
-6
-14
-9
3
20
35
49
78
117
157
191
219
240
258
274
267
241
216
175
120
76
50
30
20
15
12
10
1
-17
-34
-30
-21
-25
-25
-5
-5
-27
-26
-16
-20
-17
-1
-3
-25
-35
-15
13
16
5
10
12
-1
-12
-8
-14
-30
-26
-13
-15
-9
6
4
-1
5
11
14
9
-6
0
18
22
15
13
11
10
19
23
4
-8
4
10
6
5
-2
-22
-31
-18
-12
-33
-50
-44
-46
-53
-33
-21
-36
-29
9
15
-4
1
5
-14
-22
2
17
4
-7
-12
-13
-15
-25
-33
-33
-15
0
-2
-8
-10
-24
-42
-35
-24
-18
-9
0
5
7
12
14
14
15
10
-8
-21
-8
5
-2
-6
-1
3
9
19
27
39
30
4
4
17
16
15
20
23
22
20
25
22
8
3
13
19
17
14
11
22
26
7
-2
-1
-1
1
6
9
16
13
-7
-6
19
26
8
-1
2
-3
-14
-20
-24
-27
-19
-10
-4
-12
-23
-22
-12
-12
-18
-14
-7
-8
-15
-19
-9
-2
-12
-24
-21
-14
-3
0
-4
1
8
9
16
33
34
35
48
36
0
-7
0
-2
10
21
9
2
12
15
17
14
-2
-23
-29
-16
1
1
-6
-11
-8
5
16
26
30
14
7
28
25
0
4
15
9
4
4
9
9
6
9
15
9
-3
-10
-6
8
12
15
20
15
17
31
25
14
22
20
1
-15
-18
-1
3
-7
2
12
11
20
27
18
12
-1
-16
-19
-17
-21
-25
-20
-11
-5
7
20
21
8
-10
-18
-5
3
0
15
33
31
22
25
29
23
16
26
33
18
9
15
18
26
38
31
28
29
18
10
12
9
17
30
30
19
8
-1
1
1
-5
2
12
14
16
13
-3
-19
-15
1
2
-7
-9
-14
-35
-38
-18
-14
-12
0
-2
-10
9
26
15
4
4
-4
-3
9
10
7
21
24
1
-7
2
1
5
19
3
-17
-1
16
1
-1
17
20
8
-10
-15
-8
-11
-11
7
15
5
9
11
-3
2
28
37
16
-1
-7
-13
-14
-11
-1
14
12
-7
-5
13
13
3
6
10
10
9
16
17
12
13
18
20
6
-6
10
29
16
8
31
44
28
11
12
15
-9
-30
-22
-7
-6
-7
-2
-1
-11
-7
4
-3
-17
-12
-17
-37
-32
-7
6
-2
-14
-23
-25
-20
-17
-14
-1
3
-5
-2
2
0
10
11
-8
-3
20
14
-8
-3
17
19
12
20
32
30
23
14
6
0
-13
-20
-3
6
4
25
55
60
53
50
38
15
4
1
-3
6
16
17
17
15
5
5
0
-14
-12
-4
-16
-23
-11
-4
-16
-11
24
34
14
16
23
3
-11
1
10
4
1
1
8
14
24
39
39
26
19
21
26
34
21
1
13
39
48
41
38
36
28
30
42
23
-15
-7
24
21
12
15
6
-4
2
1
-9
-14
-6
13
21
22
27
18
2
13
24
16
19
32
18
-5
-3
7
4
3
0
-9
-12
-3
10
14
13
25
37
40
46
53
48
31
14
5
6
-6
-22
-29
-17
3
12
14
20
23
15
7
27
49
43
40
45
31
13
9
-6
-9
20
41
41
41
46
49
41
28
22
17
4
4
5
-1
-2
-4
-6
12
35
31
15
2
2
4
-15
-17
10
24
10
3
9
14
17
31
44
42
37
55
95
149
193
221
261
303
317
326
341
330
297
270
236
183
143
121
96
78
65
34
3
-19
-34
-21
1
-20
-42
-24
-23
-42
-52
-54
-57
-52
-48
-49
-39
-25
-21
-21
-26
-42
-54
-42
-32
-31
-28
-29
-34
-34
-24
-23
-26
-23
-21
-33
-41
-41
-37
-20
-12
-26
-42
-42
-35
-34
-39
-46
-58
-56
-39
-28
-22
-17
-17
-20
-28
-31
-30
-32
-35
-33
-31
-25
-17
-20
-21
-20
-20
-12
-3
-10
-22
-18
-6
-5
-8
-4
-2
-12
-18
-18
-18
-6
-4
-13
-10
1
6
13
20
31
41
33
22
30
35
21
10
7
3
3
12
15
8
-10
-28
-40
-40
-36
-27
-19
-19
-14
-4
-3
-5
-5
-14
-26
-21
-19
-34
-33
-15
-12
-20
-11
-3
-6
-8
-14
-23
-18
-14
-15
-5
9
15
14
17
15
7
-7
-15
-12
-8
-16
-27
-37
-31
-14
-15
-26
-11
8
1
-5
-2
-7
-18
-22
-18
-24
-44
-44
-21
-19
-27
-12
-2
-12
-15
-11
-22
-37
-38
-41
-46
-49
-49
-50
-48
-40
-36
-42
-32
-10
-5
-5
5
5
-11
-17
-17
-22
-31
-30
-19
-20
-21
-1
7
1
11
36
35
16
14
22
14
-1
11
26
19
7
6
19
24
5
-5
6
7
-2
9
20
13
16
28
24
8
15
29
22
10
16
31
37
39
29
8
12
30
26
8
-3
-16
-25
-19
-20
-22
-11
11
17
2
-13
0
18
13
0
-2
-6
-16
-8
11
19
14
19
31
39
34
24
18
10
0
0
8
18
21
12
7
9
8
12
22
17
8
10
7
-3
-1
11
16
2
-9
11
31
12
-17
-17
-7
-4
-1
25
44
28
8
16
26
13
-5
-3
0
-19
-26
-9
-5
-9
3
11
12
23
22
-1
-19
-24
-28
-22
-7
-9
-5
9
10
13
22
7
-9
-5
-5
2
20
31
37
45
42
37
40
51
50
34
29
36
30
22
26
36
34
27
29
37
33
22
33
33
12
8
19
20
21
35
49
53
53
46
32
24
24
27
18
3
7
28
32
21
25
33
30
32
28
20
23
23
3
-10
4
11
11
22
31
31
39
43
38
44
38
11
-3
-1
-3
-6
6
23
21
17
15
9
7
18
20
9
-3
-1
18
23
-2
-12
8
26
14
5
23
31
16
16
36
34
19
16
16
20
28
24
19
24
20
11
13
17
14
15
8
4
27
43
27
22
39
37
27
37
51
67
69
59
59
54
42
33
23
12
12
14
18
34
50
52
44
29
11
-6
-12
-10
-12
-16
-12
-6
-8
-6
6
18
25
26
10
-12
-15
-22
-44
-52
-47
-45
-42
-22
14
48
57
60
66
59
42
32
29
25
29
34
41
43
37
22
2
-10
-20
-22
-15
0
12
2
-6
4
-2
-23
-11
13
-1
-8
10
12
12
24
15
-9
-5
14
21
19
8
0
13
15
5
11
12
6
25
43
32
20
21
21
27
30
27
30
30
23
15
19
30
28
11
7
14
9
8
14
11
19
31
19
7
25
40
26
20
27
21
15
18
5
-7
9
22
18
25
42
57
74
82
69
55
57
70
109
159
193
225
269
284
279
289
283
263
252
230
197
183
172
142
106
83
72
53
18
1
11
6
-15
-14
0
-4
-21
-35
-47
-53
-52
-44
-50
-62
-62
-64
-57
-51
-59
-54
-37
-57
-81
-63
-44
-44
-29
2
5
-17
-39
-50
-51
-49
-56
-58
-44
-32
-37
-33
-11
7
5
-7
-7
-4
-18
-30
-21
-18
-30
-31
-25
-36
-48
-43
-32
-46
-63
-54
-42
-32
-22
-20
-26
-14
2
-7
-21
-30
-52
-64
-50
-46
-52
-29
-17
-26
-14
-4
-29
-39
-26
-33
-38
-23
-10
-2
11
-3
-21
-6
1
-14
-7
6
3
-5
-5
10
19
6
1
17
9
2
16
22
7
-5
-2
9
6
-9
-4
17
12
-10
-20
-24
-19
-9
-18
-35
-23
-13
-20
-18
-9
-9
-8
-7
-3
4
-8
-29
-24
-6
-7
-17
-20
-19
-25
-28
-15
0
2
-1
-8
-13
-21
-27
-23
-12
-6
-16
-26
-19
-7
-12
-31
-42
-36
-17
-17
-37
-33
-16
-17
-21
-12
-5
-9
-11
-9
-7
-19
-37
-47
-49
-43
-28
-11
-2
-7
-9
-8
-14
-24
-33
-47
-42
-17
-15
-26
-9
7
-4
-3
0
-19
-23
2
13
7
7
15
16
4
-8
-1
16
18
11
8
8
6
4
2
-1
-4
1
9
-1
-25
-34
-26
-8
15
24
24
25
27
26
25
27
23
8
1
12
21
15
12
17
16
19
25
24
19
18
15
12
13
13
13
12
0
-4
9
13
12
29
37
31
33
24
9
17
20
6
1
4
-1
-13
-18
-12
-15
-24
-8
14
7
-10
-4
6
5
3
4
-5
-11
-4
-9
-21
-19
-14
-11
7
6
-17
-13
-7
-32
-45
-36
-33
-29
-20
-24
-39
-44
-35
-25
-20
-16
-12
0
4
-1
5
13
3
-2
1
-8
-13
-13
-19
-18
-20
-41
-40
-9
-2
-15
-8
15
24
5
-8
3
0
-19
-21
-10
-11
-18
-14
4
3
0
20
29
23
34
39
15
-3
3
8
-3
-10
-9
1
8
13
22
19
0
-1
4
-17
-26
-16
-23
-43
-50
-41
-21
0
26
48
35
4
-6
-4
1
6
11
23
20
0
-6
-4
-7
-4
-9
-19
-6
-4
-37
-51
-41
-32
-18
-3
-11
-20
-15
1
13
13
17
37
43
26
12
-4
-21
-17
1
10
14
25
26
5
-4
-7
-20
-9
25
32
18
11
-1
-19
-31
-34
-19
6
17
30
47
50
44
44
31
13
17
24
19
14
5
-8
-12
-14
-19
-6
3
-5
-4
-2
-4
6
21
26
25
21
26
34
33
34
36
30
19
16
12
5
-1
-2
-6
-16
-18
-11
-6
-1
13
31
44
51
47
44
40
31
28
35
36
29
27
37
44
39
44
51
43
32
21
5
3
8
-1
-5
15
25
19
29
49
52
42
35
28
25
27
18
9
11
18
15
10
9
10
4
2
9
13
16
25
24
13
8
11
2
-12
-10
-8
-13
-8
-14
-22
-6
-1
-1
8
8
12
30
13
-21
-16
-2
-20
-42
-45
-40
-29
-11
7
15
17
18
13
-4
-10
-3
-12
-31
-40
-44
-43
-37
-29
-30
-31
-10
13
10
-4
11
39
37
20
25
37
33
28
26
27
27
14
4
15
18
1
-4
2
-1
0
-4
-19
-19
-5
-7
-15
-12
-13
-17
-17
-14
-8
-2
15
50
88
119
149
183
215
240
249
245
232
210
195
196
184
158
138
117
95
81
51
7
-13
-4
-11
-36
-40
-30
-36
-48
-35
-24
-39
-47
-35
-23
-36
-58
-65
-61
-72
-90
-83
-51
-31
-36
-41
-35
-35
-43
-39
-33
-37
-42
-52
-65
-61
-45
-40
-49
-51
-57
-62
-53
-60
-88
-89
-64
-43
-33
-35
-50
-65
-88
-98
-73
-47
-49
-58
-48
-46
-56
-63
-64
-70
-68
-46
-26
-26
-31
-27
-18
-10
-6
-6
-10
-13
-16
-26
-33
-46
-66
-69
-60
-51
-37
-35
-40
-39
-47
-56
-52
-46
-35
-26
-26
-17
7
20
13
-1
-4
-3
-11
-27
-43
-42
-46
-69
-83
-77
-66
-48
-33
-34
-36
-37
-40
-42
-48
-46
-53
-71
-73
-72
-79
-80
-84
-102
-95
-62
-52
-50
-33
-28
-28
-17
-16
-24
-12
-1
-6
-7
-4
-6
5
11
-3
0
16
14
10
21
15
3
9
5
-10
-10
8
16
9
4
-3
-6
5
15
11
9
14
3
-18
-34
-41
-51
-46
-18
0
-7
-12
-20
-37
-36
-29
-31
-30
-18
-11
-18
-28
-24
-13
2
20
28
27
18
10
6
9
14
15
15
12
21
34
22
5
6
12
12
24
26
12
9
14
20
26
29
23
11
5
9
8
-2
7
33
39
39
50
57
54
47
43
42
40
38
39
40
48
52
43
45
44
25
21
27
28
31
36
31
27
35
48
42
30
33
22
15
21
16
11
12
9
5
-1
-2
18
35
34
40
42
21
10
17
16
6
3
9
26
38
27
21
31
26
13
3
-4
5
30
42
29
16
21
30
32
32
27
31
36
20
8
19
26
22
25
17
3
6
16
16
8
-14
-20
-6
-10
-20
-2
15
12
8
-1
-11
-1
3
-10
-13
-7
-18
-28
-13
-8
-20
-19
-14
-20
-8
16
17
2
2
18
25
13
13
28
24
14
19
21
20
31
40
34
28
31
30
17
-5
-8
10
14
10
12
19
21
20
16
8
1
-3
0
5
8
11
-4
-9
6
12
10
14
16
9
2
-17
-36
-32
-15
-6
0
-1
-17
-23
-6
4
-9
-16
-11
2
17
8
-6
1
-1
-23
-36
-32
-18
-8
-24
-34
-9
9
-3
-17
-13
-11
-12
-8
-9
-14
7
36
32
17
24
26
15
7
7
3
0
12
27
11
-11
-14
-15
-9
-2
-9
-18
-17
-14
-12
-17
-19
-8
-7
-16
-9
1
-7
-26
-17
6
-3
-28
-25
-25
-37
-33
-28
-31
-23
-14
-15
-1
22
20
6
-3
-12
-15
-4
-7
-19
-13
-9
-13
7
26
19
15
18
6
7
19
11
6
25
32
24
37
48
23
3
-2
-12
-15
-25
-22
7
11
-21
-20
-2
-6
-3
-7
-24
-9
13
-4
-18
-2
8
-6
-26
-36
-34
-30
-27
-32
-39
-28
-2
7
0
2
12
6
-5
-3
1
-2
-5
-5
3
6
-6
-6
1
1
3
4
-3
1
14
-3
-24
-10
5
-3
-4
18
40
38
31
30
29
24
21
24
17
3
8
32
36
30
31
17
12
35
24
5
13
15
17
39
47
28
14
12
34
55
41
24
34
44
43
49
49
29
23
28
23
20
25
20
8
-2
-3
1
2
10
35
64
89
122
163
207
244
266
273
264
260
269
257
237
245
245
210
172
149
124
91
64
53
42
19
-3
-8
-3
-2
-18
-33
-33
-26
-28
-36
-33
-24
-31
-42
-27
-28
-49
-45
-36
-41
-33
-26
-40
-40
-31
-25
-16
-11
-15
-13
-8
-12
-24
-26
-15
-21
-39
-34
-29
-34
-17
6
-9
-39
-46
-46
-38
-36
-42
-34
-10
-5
-16
-15
-12
-8
-7
-12
-13
-25
-37
-34
-33
-40
-30
-15
-22
-19
-11
-12
-13
-16
-18
-18
-34
-41
-17
2
-5
-6
-9
-14
-3
-7
-22
-21
-12
-12
-17
-16
-10
-3
-2
-4
-3
-2
7
8
1
5
13
4
-7
3
11
5
-4
-1
7
7
2
8
4
-18
-26
-14
-8
-10
-9
-15
-19
-18
-19
-21
-13
4
14
6
-11
-12
4
4
-8
-17
-19
-20
-18
-13
-8
-7
1
22
25
9
8
17
11
3
12
21
20
27
34
20
6
12
21
14
-5
-21
-23
-12
5
7
7
14
16
11
13
2
-11
-8
-5
-12
-8
4
0
-22
-35
-31
-26
-24
-20
-32
-48
-39
-23
-21
-15
-1
0
-9
-10
0
4
5
8
0
-4
6
3
-19
-27
-19
-16
-14
-15
-11
-11
-21
-38
-59
-56
-35
-28
-35
-31
-21
-10
5
16
28
32
33
34
26
19
21
15
-7
-12
6
15
2
4
18
15
12
12
-2
-4
6
9
15
23
19
10
9
16
23
18
19
21
9
3
9
6
1
14
27
26
30
38
24
7
19
34
25
17
10
9
19
18
-2
-19
-32
-34
-16
-10
-17
-2
18
22
24
25
24
27
26
19
17
22
27
27
25
18
24
42
43
26
20
24
28
31
23
7
2
-1
-7
-3
4
4
2
-1
-17
-24
-20
-20
-16
-12
2
19
11
-7
-2
-1
-18
-22
-14
-11
4
21
19
11
12
6
-1
2
0
-10
-3
5
0
2
9
8
-7
-15
-12
-12
-13
-2
12
10
2
14
43
57
51
43
37
35
33
18
16
25
27
36
48
32
26
52
60
50
50
43
29
27
30
27
25
30
29
17
12
32
41
23
12
5
-10
-11
5
18
17
12
15
23
16
-3
-12
-3
15
27
34
35
20
-3
0
11
-11
-31
-14
-1
-15
-16
-11
-16
-14
-14
-22
-9
6
-15
-31
-4
11
-6
-20
-11
-1
-7
-18
-19
-25
-36
-29
-15
-5
-8
-23
-43
-48
-55
-77
-85
-70
-57
-51
-33
-11
-4
-6
-18
-28
-16
-5
-6
-9
-15
-34
-61
-64
-34
-13
-11
13
46
44
25
13
-11
-30
-14
6
10
23
33
21
6
4
7
13
16
25
46
54
48
50
43
2
-48
-79
-83
-65
-29
11
42
48
31
6
-8
-1
9
16
50
97
99
59
26
-3
-46
-77
-63
-15
27
48
55
56
36
7
1
3
5
21
36
32
29
26
3
-28
-34
-22
-17
-11
-1
-9
-3
28
39
24
30
42
33
31
28
13
8
16
23
33
29
3
-11
0
5
5
18
28
30
33
45
47
35
25
34
49
44
32
34
30
16
11
15
11
5
-7
-8
17
25
-1
-3
26
29
12
27
48
33
23
40
42
25
25
32
35
30
22
24
21
14
13
6
-6
-6
4
39
95
129
157
205
243
254
250
241
231
221
214
198
172
148
121
81
58
51
40
36
31
19
11
5
0
-3
-9
-27
-45
-44
-36
-44
-57
-47
-35
-28
-23
-32
-51
-50
-43
-50
-48
-31
-32
-49
-50
-42
-42
-42
-27
-12
-18
-30
-32
-36
-52
-54
-32
-28
-34
-21
-12
-19
-11
-3
-4
3
-7
-27
-28
-20
-23
-19
-16
-24
-20
0
6
-1
-3
-9
-20
-14
-14
-29
-35
-29
-31
-35
-34
-24
0
7
0
7
30
44
41
32
26
21
14
18
20
8
-4
6
20
18
21
35
37
28
22
9
-1
16
32
26
25
29
24
18
26
20
-7
-18
2
6
-19
-32
-24
-15
-8
-9
-27
-41
-50
-70
-76
-45
-15
-19
-28
-20
-6
-1
-1
3
4
9
19
18
13
20
17
6
4
-7
-23
-16
-3
-15
-29
-18
0
15
26
26
24
25
16
5
10
8
1
15
26
8
-6
2
6
9
12
13
14
17
20
18
17
19
22
18
8
-8
-16
-4
12
14
13
15
19
20
26
40
47
32
14
12
23
39
59
66
55
35
14
2
-7
-19
-21
-5
17
36
47
45
37
29
25
18
2
-8
-5
-2
0
19
42
34
27
43
50
27
25
48
46
15
-3
7
13
2
-2
4
5
1
-1
1
-5
-14
-13
5
13
11
18
26
29
26
23
24
24
20
17
13
5
10
18
12
3
1
2
-2
-4
-3
1
7
11
24
30
17
9
26
27
4
-6
1
1
-2
5
26
38
28
17
26
29
10
5
23
35
33
18
1
6
23
37
28
7
4
22
23
12
15
12
11
24
27
23
28
31
24
22
18
5
5
13
16
15
12
15
21
19
10
8
13
19
15
6
8
11
4
6
15
11
12
27
30
26
27
30
28
30
25
16
33
54
54
44
47
52
50
40
32
35
34
24
28
27
10
5
14
6
-13
-7
9
21
16
1
10
38
46
32
34
44
34
32
35
31
40
55
52
42
40
24
-4
-16
-5
16
31
35
28
24
24
20
33
41
20
6
5
6
23
41
27
17
21
13
5
1
-5
-4
-4
-10
-3
13
17
18
21
23
11
-3
0
-4
-12
-9
-13
-16
-6
-6
-7
-6
-18
-18
3
8
1
6
15
9
-1
1
-1
-4
7
12
-2
-7
-3
5
14
13
-1
-4
3
-10
-21
-13
-17
-35
-27
-12
-24
-33
-19
-10
-13
-11
2
3
0
1
1
5
22
16
-6
7
29
28
22
14
-2
-6
2
3
0
0
-1
5
9
-4
-14
-9
-9
-11
4
8
6
11
14
17
28
40
47
47
39
33
31
19
5
13
20
11
9
16
16
16
16
7
0
-6
-10
-7
-8
-4
2
-2
-5
10
25
19
5
1
10
11
8
13
13
11
32
52
46
30
29
26
12
8
22
32
33
33
37
46
51
43
27
12
2
8
19
13
-7
-11
-4
-10
-14
-14
-20
-19
-24
-38
-38
-15
5
6
4
4
4
4
10
10
7
8
0
-22
-54
-66
-35
4
6
-21
-33
-28
-33
-31
-14
-12
-25
-23
-23
-38
-44
-45
-56
-65
-60
-56
-52
-32
-9
-1
-3
-11
-3
14
12
-7
-17
-10
-3
-2
-4
-19
-36
-32
-7
5
-7
-30
-48
-38
-12
19
59
118
164
170
186
224
237
218
212
227
233
215
196
201
209
187
149
114
89
60
28
12
1
-15
-20
-12
-9
-26
-39
-20
-1
-11
-30
-51
-76
-85
-93
-91
-66
-51
-49
-42
-36
-41
-56
-67
-62
-63
-72
-58
-32
-18
-21
-38
-41
-22
-14
-30
-33
-27
-27
-17
-15
-42
-59
-48
-46
-33
-8
-13
-37
-43
-40
-47
-64
-75
-73
-62
-48
-23
10
14
-6
-18
-21
-22
-25
-34
-32
-10
-8
-27
-27
-25
-41
-47
-33
-32
-40
-40
-33
-33
-32
-27
-31
-29
-8
6
5
-2
-19
-33
-35
-35
-27
-11
-8
-12
-6
-2
2
9
9
-3
1
19
19
18
28
26
12
-1
-16
-18
-11
-4
8
11
3
5
13
11
7
7
10
10
4
4
2
-4
-6
-11
-16
-2
7
3
1
-6
-7
5
11
4
7
23
21
1
-4
3
-1
6
19
4
-6
4
2
-7
-5
5
4
5
18
16
-7
-14
4
-1
-17
8
38
29
33
57
41
5
4
9
5
4
11
14
12
12
16
10
3
12
15
1
-7
3
22
32
30
23
22
30
34
23
9
11
21
32
32
20
11
11
20
19
3
6
29
23
1
3
18
19
9
16
34
30
22
24
14
6
17
19
22
32
23
16
26
22
19
35
35
16
1
3
13
17
15
22
18
1
6
26
32
29
30
22
28
49
46
37
44
41
35
34
20
14
31
19
-6
8
23
14
10
16
15
7
-9
-20
-21
-18
-22
-30
-23
-2
-3
-9
7
20
20
21
23
18
10
6
3
7
9
4
0
-1
-6
-13
-13
-13
-11
-13
-13
-2
-2
-4
8
11
-4
-2
23
36
34
37
37
21
0
-9
-17
-28
-20
-6
-8
-12
-3
-9
-25
-19
1
9
8
16
27
25
13
13
19
16
24
41
40
10
-9
2
29
35
26
32
31
24
27
26
20
31
37
24
13
8
1
-10
-16
-10
5
-2
-18
-18
-11
-4
-5
-11
-10
-9
-27
-46
-44
-44
-47
-41
-43
-48
-43
-37
-39
-38
-40
-53
-51
-35
-33
-29
-15
1
16
23
19
27
38
23
8
17
36
41
37
33
42
51
50
49
46
32
24
28
29
27
28
30
24
9
0
5
17
13
-3
2
15
7
7
28
28
18
22
19
2
-6
-1
4
9
10
10
15
15
17
25
24
32
47
44
39
51
53
45
37
19
9
17
29
31
23
20
29
38
43
38
23
19
31
35
27
26
24
16
10
5
0
11
16
12
10
10
9
12
17
22
25
21
13
13
14
7
-2
0
9
10
6
7
10
1
-15
-27
-41
-49
-42
-40
-35
-27
-26
-33
-32
-23
-13
-10
-6
6
-6
-24
-14
4
12
9
3
2
3
2
5
5
-7
-17
-12
-19
-19
-13
-13
-3
20
25
11
9
15
10
4
9
21
22
15
11
16
27
35
36
37
37
28
14
14
21
6
-8
7
20
15
24
41
30
-1
-13
-7
-1
-5
-5
1
-5
-3
16
19
3
3
0
-22
-20
-5
-8
-10
2
0
-15
-13
4
18
18
2
-8
8
26
38
79
139
171
187
218
251
270
268
246
241
245
204
145
121
105
87
86
74
40
25
31
18
-5
0
6
-5
-2
-1
-15
-18
-18
-42
-47
-38
-37
-28
-20
-18
-13
-12
-11
-1
-6
-22
-22
-17
-9
4
5
0
2
2
-16
-38
-54
-72
-83
-69
-51
-52
-50
-39
-37
-36
-30
-29
-28
-33
-53
-57
-36
-29
-33
-33
-17
0
-13
-31
-8
15
0
-4
8
9
9
8
13
27
31
29
31
34
31
23
12
6
6
0
-23
-40
-28
-37
-69
-60
-42
-74
-104
-100
-97
-105
-106
-98
-104
-110
-94
-85
-92
-86
-83
-88
-80
-78
-81
-60
-57
-65
-45
-34
-47
-48
-49
-68
-74
-62
-57
-60
-65
-64
-58
-54
-49
-42
-32
-30
-31
-26
-19
-44
-80
-54
18
55
65
80
68
40
32
37
35
40
59
69
56
44
34
18
16
25
21
16
15
7
7
10
7
8
9
4
4
-3
-16
-18
-7
-2
0
4
13
28
52
66
56
57
79
86
63
42
42
50
42
28
28
34
36
42
39
19
11
29
44
39
40
47
48
52
62
67
66
61
53
34
31
55
66
42
27
41
48
47
51
55
49
36
24
3
-13
-6
-1
-4
0
13
9
4
13
15
-1
-8
4
4
-4
4
13
0
-8
5
17
13
19
36
34
26
33
33
25
24
28
25
24
25
27
34
24
16
22
20
12
21
27
10
5
13
15
16
18
15
8
7
16
18
9
4
16
19
10
15
26
26
28
27
14
-2
-3
3
9
9
5
10
13
7
18
38
35
24
32
34
12
3
17
35
36
27
28
20
2
-4
-7
-14
5
20
6
4
16
10
2
4
1
-8
-12
-13
-8
10
20
16
25
37
33
32
31
14
3
10
15
15
18
32
38
29
26
38
40
20
4
6
8
-2
11
34
29
10
8
6
-10
-14
-8
-12
-12
0
22
45
48
45
55
51
34
34
31
24
29
28
22
21
4
-10
4
22
27
21
18
35
50
27
1
15
29
9
-17
-5
21
22
26
34
36
31
35
34
23
22
20
12
8
7
-4
-6
2
-10
-20
-7
7
17
24
28
31
24
20
16
11
7
6
3
9
22
18
1
-3
8
8
-4
5
21
16
16
24
20
19
16
-8
-11
6
16
23
17
8
21
27
16
12
14
15
21
24
21
21
21
26
23
13
11
16
17
15
19
22
20
21
23
24
24
31
31
30
34
28
26
27
17
10
32
45
35
36
43
43
38
41
59
68
52
34
26
23
25
24
7
2
14
6
-15
-8
10
15
22
30
23
21
23
28
30
20
18
26
32
38
40
28
21
25
23
15
12
5
-11
-20
-23
-21
-14
-22
-36
-29
-23
-27
-27
-20
-20
-20
-21
-17
-8
-6
-9
-2
6
0
-6
8
10
-7
-14
-12
-9
-1
9
16
29
35
27
14
6
10
22
26
20
9
-6
-11
-6
-3
-9
-14
-15
-17
-20
-18
-11
-14
-22
-21
-10
-7
-20
-29
-21
-13
-17
-14
-8
-8
-4
-1
3
2
-9
-15
-8
-7
-1
14
15
9
3
6
15
11
4
6
5
3
2
-2
4
14
3
-14
-20
-9
5
-8
-19
-16
-21
-22
-17
-18
-10
5
2
-2
3
-5
-3
5
6
6
9
12
14
22
45
102
149
162
190
229
233
219
220
220
199
161
124
95
68
37
9
-8
-24
-38
-34
-33
-42
-41
-38
-48
-52
-46
-43
-53
-68
-73
-70
-59
-47
-41
-46
-50
-37
-26
-29
-34
-38
-35
-16
0
-4
2
9
5
-1
1
0
-1
3
1
2
-2
-9
-13
-17
-26
-33
-32
-26
-9
5
2
-2
-1
-4
-8
-6
2
7
6
5
8
4
0
-4
-16
-25
-23
-14
3
13
4
2
12
16
10
4
6
4
1
-4
-6
-1
-2
-10
-14
-12
-10
0
3
-14
-18
-10
-1
8
13
9
6
-6
-26
-24
-1
7
7
16
22
20
16
14
14
4
-16
-12
-1
-9
-13
-6
-4
-3
-2
4
11
10
-2
-19
-24
-4
8
4
16
20
-5
-23
-13
-11
-12
7
20
0
-21
-24
-23
-19
-7
-1
-10
-17
-2
4
0
0
-6
-11
-8
-9
-11
0
1
0
7
8
8
9
13
15
5
-5
4
17
6
-14
-10
-7
-19
-4
34
33
1
-10
-3
-7
-14
-6
-2
-15
-9
10
3
-8
5
9
-8
-7
8
11
9
17
17
9
4
-3
-4
-9
-15
-14
-17
-28
-22
-7
-4
-6
-8
-14
-18
-21
-26
-29
-32
-37
-41
-46
-35
-14
-10
-18
-24
-26
-16
4
11
6
-3
-13
-20
-22
-32
-37
-21
5
25
21
3
5
10
-9
-24
-9
5
7
10
9
4
-1
5
20
21
16
22
15
-2
-6
-4
4
13
7
-1
7
21
36
32
12
11
25
21
13
15
5
-11
-16
-9
-3
-11
-27
-32
-28
-23
-13
4
15
10
-5
-14
-9
6
8
-3
-2
1
-9
-10
4
11
4
-10
-15
-9
-9
-14
-2
18
13
2
1
0
-10
-18
-23
-27
-24
-19
-15
-4
12
17
16
29
34
27
27
16
-6
-15
-15
-19
-19
-14
1
22
38
37
18
7
12
2
-11
-15
-22
-20
-2
3
-10
-19
-14
7
19
9
-4
-7
-15
-25
-20
0
8
8
13
11
11
22
16
0
-6
-12
-18
-22
-15
6
19
8
2
15
23
23
31
41
34
18
19
17
4
-7
-14
3
19
7
-3
7
20
33
38
32
29
27
9
-4
-11
-9
7
21
24
18
18
24
13
-7
-5
7
9
0
-11
-19
-19
-18
-11
-4
-7
-5
-6
-13
-10
-5
-3
5
0
-12
-13
-13
-19
-17
-27
-44
-46
-36
-19
-7
-6
-7
-20
-25
4
24
6
-9
3
19
24
18
8
-3
-7
8
25
12
-11
1
22
25
21
19
16
30
34
19
14
7
-11
-17
-8
-4
-7
-8
-5
-5
-16
-15
-5
-14
-17
-4
10
18
22
10
9
17
0
-18
-12
12
30
17
-3
5
16
12
10
10
-4
-16
-19
-7
13
17
-1
-13
-9
-12
-30
-38
-28
-15
3
16
17
25
37
31
30
32
15
26
71
73
57
63
52
39
44
38
19
6
15
31
32
28
28
13
-4
-9
-18
-14
-4
-1
21
49
47
27
13
0
-13
-13
-3
-4
-4
14
28
13
-8
-20
-37
-57
-76
-78
-49
-22
-10
5
16
8
-10
-23
-22
2
23
31
32
24
4
-10
-7
-14
-22
2
39
49
51
61
52
26
8
18
33
29
27
33
31
15
4
-4
-8
-1
-3
-14
-15
15
44
59
102
169
206
223
242
244
232
220
191
155
129
100
70
50
36
33
38
25
2
-3
2
-7
-12
6
21
12
5
20
37
32
12
12
22
13
10
25
37
48
36
-2
2
43
37
2
-6
5
3
-1
-4
-2
1
-9
-29
-47
-48
-55
-63
-52
-41
-50
-56
-39
-29
-35
-42
-42
-34
-31
-30
-29
-35
-34
-16
-4
-9
-2
14
19
20
24
18
-2
-11
-5
-7
-9
-7
-6
-4
0
-1
0
3
-3
-4
-6
-5
5
13
16
28
34
15
12
16
8
6
10
7
4
-4
-18
-11
5
6
-4
-15
-6
19
23
4
1
6
0
0
0
-12
-15
4
10
-14
-25
0
24
27
32
41
30
16
13
4
-9
-2
11
-5
-26
-19
-2
-3
-4
9
22
29
26
19
22
29
20
11
26
39
32
20
17
22
22
20
15
9
2
4
20
26
4
-12
-2
2
-10
-7
6
0
-22
-24
1
7
0
-2
-12
-16
1
-9
-30
-20
-12
-29
-32
-31
-36
-29
-31
-45
-37
-28
-33
-27
-31
-36
-22
-17
-32
-35
-27
-28
-32
-30
-26
-31
-36
-18
4
4
9
18
11
9
15
1
-13
-6
-6
-14
-6
5
10
26
34
25
18
25
24
9
-16
-26
-22
-25
-27
-19
-14
-16
-25
-37
-35
-19
2
20
17
1
-12
-13
2
-2
-22
-18
-18
-43
-41
-21
-20
-17
-10
-24
-42
-57
-71
-66
-54
-56
-55
-32
-9
-6
-14
-27
-42
-55
-68
-73
-65
-43
-23
-3
24
29
12
8
18
-3
-31
-22
-7
-11
-3
7
-19
-32
-12
-19
-37
-29
-18
-15
-6
4
8
14
24
33
26
26
32
22
19
39
39
21
26
27
9
7
11
4
17
28
8
-9
-16
-33
-49
-51
-35
-15
-1
19
27
13
21
39
32
28
32
28
34
46
31
15
14
8
10
24
36
53
65
50
42
50
42
30
34
38
47
62
57
31
10
5
17
40
49
37
34
43
46
48
48
47
50
49
43
43
44
35
27
22
14
10
15
26
28
22
20
21
18
12
11
20
32
37
38
35
31
34
43
45
34
24
26
32
34
49
66
50
30
34
39
31
20
14
9
13
14
-4
-19
-7
16
22
24
29
30
25
9
0
13
19
12
17
35
32
16
16
21
13
10
12
6
-5
-3
3
2
4
15
21
25
41
47
41
47
60
57
44
34
21
18
18
0
-2
6
-3
-5
13
20
21
35
28
6
10
32
37
21
3
-2
1
2
0
-5
-27
-43
-28
-12
-4
3
11
20
34
33
18
22
37
32
23
31
29
8
4
7
-12
-30
-42
-47
-32
-10
-8
-9
-5
-13
-17
-5
-3
-7
14
28
18
15
13
10
27
32
17
17
17
17
31
35
29
25
24
23
28
26
22
31
27
9
1
0
-3
-5
0
0
-6
-1
21
37
33
32
34
16
2
2
11
16
14
21
31
32
29
30
30
27
34
33
25
19
18
35
49
50
46
51
50
39
22
13
24
33
22
10
3
6
23
30
8
-12
-8
-11
-28
-37
-27
-17
-13
-11
-19
-25
-13
-3
-3
-7
-3
21
67
103
128
154
166
177
183
178
176
164
132
107
87
69
70
70
51
41
36
11
-3
-10
-31
-29
1
5
-11
-2
13
5
-15
-36
-64
-77
-53
-29
-26
-27
-32
-43
-46
-50
-64
-54
-39
-48
-49
-27
-18
-28
-35
-34
-29
-17
-11
-15
-17
-15
-23
-39
-44
-36
-30
-26
-28
-35
-27
-17
-19
-18
1
8
-9
-16
-2
6
-6
-11
-7
-22
-42
-35
-19
-19
-25
-23
-16
-23
-37
-36
-29
-29
-29
-35
-45
-36
-29
-34
-34
-29
-34
-38
-23
-4
9
-3
-26
-23
-10
-9
-8
0
-3
-2
11
5
-5
-1
-4
-7
23
29
13
59
70
2
-26
14
-3
-23
-11
5
41
32
14
52
70
27
12
42
27
31
72
64
24
2
16
13
23
28
24
19
3
-15
-18
-18
-18
-8
4
6
7
9
14
13
0
2
14
8
-2
11
19
6
-4
-6
-17
-27
-8
17
19
24
28
20
25
37
31
21
31
31
30
27
21
23
34
20
2
3
-6
-24
-11
7
13
15
12
25
45
34
15
30
40
28
13
13
32
44
24
5
24
49
32
15
39
38
9
44
43
-6
-6
32
28
17
24
14
28
35
30
27
30
37
33
33
38
25
9
19
32
26
25
30
34
28
13
10
20
26
33
38
29
21
15
11
15
20
26
37
41
37
40
43
43
41
27
9
-3
-8
-13
-2
17
18
-2
-3
17
14
-4
14
43
35
25
47
54
31
30
35
16
3
16
34
40
46
47
47
48
61
77
66
56
61
62
57
54
62
59
44
44
65
67
49
48
61
64
54
43
22
17
42
45
24
27
40
25
4
-2
-3
-12
-30
-34
-31
-35
-24
-5
1
6
7
-1
0
1
-6
-4
0
-3
2
7
0
-21
-42
-46
-47
-51
-49
-36
-27
-18
-8
-10
-12
-5
7
11
7
17
26
23
23
26
19
17
16
-1
-4
9
12
12
10
11
34
47
28
17
27
16
-2
-5
-2
-6
-2
3
-2
0
13
24
29
33
32
31
34
29
8
-11
-21
-31
-33
-15
1
-3
-1
9
10
13
29
29
9
-1
4
-2
-4
3
-4
-23
-34
-39
-44
-38
-36
-53
-69
-55
-35
-25
-9
3
-3
-1
12
2
-18
-19
-17
-20
-25
-43
-57
-43
-24
-27
-24
-7
-7
-17
-11
-4
-6
-9
-5
-2
1
5
17
13
-10
-8
11
14
6
12
11
10
32
43
37
49
63
62
58
63
64
59
56
58
49
36
42
27
5
23
52
51
42
51
56
52
52
47
32
28
31
21
20
35
32
19
11
-7
-21
-8
6
2
-4
1
10
26
37
35
26
24
37
33
16
7
6
-13
-32
-25
-18
-19
-13
-4
2
6
-2
-13
-11
-18
-38
-37
-21
-17
-20
-12
-17
-24
-12
-7
-12
-17
-15
-3
3
0
-2
3
3
7
12
9
7
6
7
2
1
8
9
-1
-7
-10
-21
-22
-10
-13
-14
-3
-1
-3
2
-2
7
33
35
25
20
16
11
8
5
4
-1
-6
5
12
8
12
26
28
8
-16
-30
-35
-35
-34
-31
-31
-30
-24
-14
4
17
20
21
15
-4
0
25
19
-2
4
10
-1
-10
-1
2
-7
-7
-11
-17
-12
4
18
27
27
30
32
15
7
16
5
-10
-1
21
42
50
59
97
144
167
179
192
202
204
203
208
202
164
135
125
97
55
36
29
16
4
-9
-25
-27
-25
-36
-40
-42
-53
-60
-53
-40
-43
-52
-38
-22
-39
-46
-35
-51
-67
-59
-51
-53
-59
-53
-40
-25
-22
-17
-8
-5
-9
-12
-9
-7
-8
-14
-26
-27
-28
-34
-30
-16
-18
-35
-41
-33
-27
-35
-45
-44
-37
-39
-40
-19
-9
-17
-13
-15
-32
-35
-28
-26
-23
-29
-41
-29
-11
-3
2
1
-9
-3
11
1
-11
-14
-17
-19
-8
-6
-15
-13
-3
1
1
0
-3
-4
1
1
1
5
1
-4
-12
-20
-14
-2
-1
-11
-12
-7
-7
-8
-5
0
1
4
14
20
15
4
6
8
2
-2
-2
10
31
32
22
18
13
-1
-7
-4
-4
-4
-12
-29
-41
-41
-42
-48
-43
-33
-37
-34
-25
-22
-15
-6
-10
-17
-18
-15
-10
-6
3
15
5
5
31
37
28
28
16
3
24
39
31
36
62
75
57
35
34
30
21
31
35
27
34
46
36
21
20
18
13
9
-1
-6
14
35
37
53
69
65
63
67
63
59
50
34
30
33
34
30
26
23
9
1
11
17
18
30
36
31
25
24
41
54
29
7
15
20
19
20
9
-3
1
13
21
26
32
43
41
30
28
17
15
29
19
7
27
36
27
38
45
31
26
35
48
60
58
47
40
33
23
23
30
24
19
25
28
27
31
33
29
28
28
28
29
29
28
28
33
42
61
65
43
25
22
22
24
43
55
46
26
9
5
16
22
23
33
47
48
41
32
30
29
29
18
1
-6
-4
2
7
9
14
21
11
1
12
16
8
5
11
20
28
35
32
30
33
25
3
-5
-14
-33
-37
-38
-39
-23
-1
9
13
14
13
8
1
2
5
1
-7
-9
-11
-24
-37
-33
-16
-17
-26
-12
8
5
8
21
23
12
10
16
14
5
12
29
22
5
1
3
-2
-15
-21
-15
-2
-2
-4
13
30
34
34
34
29
16
3
-9
-27
-44
-42
-31
-32
-43
-49
-36
-14
0
3
-1
-4
4
9
-1
-4
12
27
27
30
33
28
21
18
16
12
4
-1
1
1
5
10
10
12
19
18
15
11
8
7
10
16
25
24
24
31
37
29
22
25
30
29
28
27
25
25
26
28
23
7
8
20
13
-7
-17
-8
4
4
3
11
-7
-43
-36
-4
0
-9
0
7
1
-2
3
2
-6
-3
-10
-30
-13
16
4
-2
11
5
2
14
12
4
4
-2
-13
-24
-34
-20
1
9
3
2
2
-5
-8
-7
-2
2
1
-3
1
0
-16
-15
5
5
-4
-9
-8
-2
-6
0
39
76
86
94
96
86
77
66
59
64
60
43
33
38
36
26
39
61
55
38
38
44
39
32
27
25
30
29
26
46
51
8
-11
18
5
-30
-23
-18
-36
-36
-25
-24
-22
-17
-24
-43
-45
-36
-43
-45
-29
-27
-31
-17
-13
-28
-38
-25
-7
0
0
-14
-35
-27
-4
-5
-7
5
-3
-6
9
9
6
25
38
23
12
18
13
-4
-6
4
-1
-5
-2
4
3
-9
0
18
10
-3
-4
-21
-39
-26
-6
-5
-4
4
7
6
19
38
56
81
108
131
151
164
184
207
215
217
219
206
195
183
164
157
135
95
84
84
55
19
2
3
8
5
-3
-18
-34
-35
-30
-39
-45
-42
-47
-50
-33
-35
-63
-53
-13
5
27
68
92
103
109
106
110
114
97
58
35
27
8
-7
0
0
-22
-31
-26
-30
-31
-32
-32
-23
-21
-30
-41
-53
-45
-11
7
3
-5
-23
-32
-15
-2
0
0
-4
-16
-26
-37
-34
-11
-4
-21
-34
-28
-35
-64
-75
-60
-62
-79
-77
-80
-95
-94
-87
-97
-121
-128
-114
-123
-144
-130
-120
-132
-119
-100
-114
-132
-127
-128
-144
-142
-121
-119
-112
-87
-98
-119
-91
-77
-97
-95
-87
-102
-105
-94
-95
-100
-108
-113
-106
-94
-92
-87
-71
-60
-59
-56
-56
-60
-60
-55
-56
-59
-58
-68
-87
-93
-85
-94
-100
-92
-84
-84
-85
-78
-66
-53
-35
-23
-31
-27
-5
-2
-20
-26
-18
-20
-33
-30
-15
-6
-5
-11
-17
-12
-9
-18
-18
-14
-16
-17
-18
-11
-3
-2
2
7
7
14
17
-3
-11
-3
0
-2
-2
12
23
6
-9
5
3
-17
-18
-13
-20
-29
-38
-32
-10
0
-9
-12
-8
-15
-17
-16
-23
-18
-8
-12
10
52
54
36
26
8
-6
-4
-2
-3
5
2
-13
-8
-3
-21
-28
0
19
13
9
6
2
2
0
-5
2
13
5
6
23
37
40
29
17
13
3
-12
1
20
15
13
28
32
30
36
25
10
25
39
41
54
71
72
65
58
53
60
67
66
61
67
69
63
67
71
65
60
66
72
69
61
61
78
91
93
89
87
91
81
62
65
89
96
90
94
86
76
77
80
76
70
69
78
92
97
93
89
83
83
85
81
65
59
69
75
86
94
77
61
60
56
60
75
80
73
75
89
90
78
76
82
77
68
69
73
69
55
49
70
88
82
76
68
49
40
35
26
36
53
38
15
16
20
15
14
29
44
45
49
65
68
53
33
15
4
9
21
26
19
20
31
31
27
36
41
27
12
20
35
29
18
21
15
1
5
20
20
11
-1
-18
-18
2
14
4
-5
7
25
33
23
7
0
-1
-5
-8
-17
-32
-31
-17
-11
-6
2
0
-4
-2
10
19
14
13
23
26
31
39
41
45
53
51
47
53
56
50
41
42
52
51
35
30
36
36
43
58
52
51
64
63
57
60
45
24
28
30
13
6
31
51
37
26
35
38
31
29
25
24
22
12
14
32
41
40
33
15
1
-3
-2
-5
-12
-7
-1
-2
10
22
21
16
12
17
34
23
1
1
-3
-16
-4
15
18
18
18
19
13
-2
-13
-23
-32
-30
-24
-37
-58
-57
-36
-30
-51
-68
-75
-83
-81
-65
-47
-39
-52
-68
-58
-38
-43
-52
-48
-49
-48
-34
-25
-15
-7
-22
-32
-25
-25
-33
-18
6
-3
-21
-17
-14
-34
-36
-12
1
2
10
6
-10
-11
-17
-43
-40
-24
-32
-23
-1
-11
-22
-18
-25
-34
-30
-27
-17
-4
0
2
5
-3
-18
-27
-18
-1
5
1
6
3
-12
-13
-4
-15
-30
-19
5
2
-5
15
29
14
-2
-4
-5
-7
-1
-4
-23
-36
-36
-30
-15
-2
-5
0
0
-13
-15
-8
5
17
21
30
43
32
5
-8
-9
-16
-25
-14
2
-3
-13
-8
2
-2
-2
2
5
5
-3
-4
-2
-9
-22
-25
-29
-30
-27
-31
-24
-4
1
-10
-14
-11
-6
4
30
64
92
113
141
169
187
186
173
150
123
99
80
66
58
44
22
8
-5
-24
-41
-51
-54
-49
-42
-51
-69
-65
-60
-75
-80
-66
-72
-86
-71
-50
-43
-42
-45
-54
-66
-78
-93
-85
-61
-63
-68
-56
-46
-57
-60
-57
-73
-86
-71
-45
-32
-27
-26
-27
-19
-16
-31
-51
-55
-65
-90
-88
-54
-36
-33
-21
-20
-25
-29
-35
-30
-34
-54
-53
-29
-29
-30
-25
-25
-18
-15
-23
-18
-4
-9
-17
-13
-14
-6
6
6
-1
0
3
-2
4
14
6
-11
-12
-10
-28
-38
-17
1
-5
-9
-13
-27
-31
-20
-22
-30
-28
-27
-30
-31
-35
-35
-27
-24
-29
-16
3
7
9
15
13
-6
-24
-33
-30
-13
3
7
6
1
-4
1
5
-3
-10
-7
-7
-8
-3
1
-1
-2
-3
0
0
-11
-13
1
2
-2
11
28
36
29
10
-2
1
-6
-21
-16
-2
1
0
-3
-2
-1
-1
17
38
14
-11
13
26
4
-10
-7
-7
4
23
29
24
11
7
12
6
-5
-1
4
-3
2
15
26
31
29
34
31
14
11
24
28
27
28
31
36
41
33
28
31
28
34
57
66
55
60
75
72
56
42
29
26
39
41
28
26
31
28
24
34
39
16
-4
5
8
4
22
36
35
30
34
48
51
31
26
46
66
71
49
31
44
44
31
26
8
-5
9
16
14
21
20
24
38
38
35
32
12
-5
5
15
11
14
19
10
3
3
0
-5
-6
-7
-2
15
22
7
1
12
22
30
19
0
4
16
1
-1
19
22
21
24
19
17
25
34
35
37
35
18
-2
-7
-12
-32
-38
-28
-26
-32
-34
-30
-28
-50
-70
-56
-43
-47
-44
-39
-52
-62
-74
-84
-73
-62
-51
-25
-14
-20
-23
-28
-38
-45
-46
-40
-38
-24
4
9
3
12
12
-3
3
16
15
9
6
2
3
6
-9
-19
-9
-14
-37
-41
-37
-49
-57
-42
-22
-18
-18
6
35
36
25
25
8
-24
-34
-34
-33
-24
-14
-8
-5
-13
-20
-13
-14
-27
-33
-35
-28
-13
4
6
-12
-28
-24
-22
-33
-37
-35
-36
-31
-28
-29
-22
-13
-6
13
25
8
-4
3
1
1
7
12
11
6
9
18
2
-8
11
13
2
16
24
14
22
27
12
8
8
-1
-6
-2
-4
-6
-2
-3
-1
-3
-8
-8
-8
-9
-6
9
18
24
24
16
15
9
-4
-5
1
-6
-11
-5
-10
-15
-9
-11
-19
-10
12
23
32
44
42
32
18
3
-5
-9
-6
-6
-20
-31
-10
14
14
27
59
68
51
50
55
46
40
37
32
29
28
29
32
32
26
24
20
7
-5
-2
3
-11
-17
-13
-9
-3
6
-4
-22
-22
-16
-12
-2
5
0
7
24
16
0
-2
5
3
-3
-4
-2
0
0
-6
-10
1
8
5
3
7
4
-2
7
14
6
-16
-24
-15
-3
-1
-11
-28
-32
-21
-22
-18
6
4
-15
-10
-7
-16
-4
7
2
-1
0
2
-8
-21
-13
-7
-16
-10
3
5
6
3
5
14
7
-3
4
17
18
7
-5
-21
-30
-14
-2
-11
1
21
14
-2
-1
3
-3
-3
6
21
37
61
103
139
158
185
221
233
219
202
186
178
169
140
99
87
104
88
41
18
31
28
3
2
26
34
30
20
-7
-18
-8
-8
-19
-26
-35
-40
-34
-27
-26
-21
-9
-15
-28
-18
-3
-5
-9
0
6
-10
-31
-38
-45
-56
-61
-65
-64
-48
-25
-8
-3
-10
-16
-20
-26
-23
-14
-11
-6
10
38
69
84
79
65
40
22
17
4
-8
-7
2
4
6
25
50
44
30
34
31
27
48
68
69
63
62
60
45
30
23
25
35
52
65
58
41
23
12
11
26
50
67
65
46
35
28
-1
-26
-25
-24
-18
16
44
54
67
67
45
20
6
9
29
49
65
76
63
47
57
60
39
27
28
8
-11
1
18
12
10
25
37
55
58
44
42
44
33
43
60
62
70
69
34
-2
-25
-41
-46
-38
-25
-3
18
14
5
14
31
43
55
62
54
47
52
59
52
31
13
-1
-11
-8
8
25
34
42
38
38
53
54
36
41
63
58
47
50
46
33
13
3
25
47
43
36
43
49
49
39
29
28
26
25
24
22
19
16
24
34
24
3
-6
-4
0
3
-4
-1
23
26
-1
-5
14
21
27
27
10
0
4
4
2
13
28
30
23
21
28
30
31
37
43
42
34
32
39
45
31
3
-12
5
17
10
6
0
-19
-28
-31
-35
-18
1
4
13
25
29
31
21
5
-10
-19
-24
-22
-27
-36
-24
-6
-20
-43
-52
-61
-61
-43
-27
-14
5
34
59
65
62
55
35
24
30
15
-3
16
31
8
4
30
25
5
18
39
26
4
4
13
1
-5
17
24
1
-11
-9
-17
-17
-15
-24
-28
-15
-9
-21
-17
3
7
3
-5
-20
-18
-4
-17
