-3
-14
-28
-32
-30
-31
-33
-28
-28
-30
-15
-4
-26
-36
-9
4
-8
-18
-14
-18
-22
-13
-17
-26
-17
5
11
6
12
26
40
25
6
11
23
22
9
0
0
19
27
8
-5
2
21
28
20
12
0
-6
2
-5
-36
-41
-26
-21
-15
-6
-11
-6
13
10
-3
-1
0
-2
-3
-6
18
35
13
10
34
36
21
9
0
-1
1
1
-8
-25
-34
-35
-34
-25
-20
-25
-31
-28
2
11
-24
-28
7
4
-28
-21
3
-10
-30
-19
2
8
5
0
-6
-3
2
-2
-9
-11
-2
-2
-21
-27
-18
-5
-2
-12
-14
-1
4
-19
-18
3
-11
-24
-7
5
-4
-1
5
-2
-19
-27
-1
2
-14
17
33
-19
-46
-14
7
-1
-7
-6
-1
4
10
9
0
-1
3
0
2
8
2
-8
-12
-6
19
39
46
52
44
34
45
40
28
50
66
57
61
58
55
79
90
79
82
91
76
60
62
67
52
36
40
37
34
53
54
34
36
56
55
43
45
50
49
51
60
54
32
22
30
36
35
25
5
9
41
36
-2
8
52
55
41
46
58
78
86
80
86
94
92
95
97
92
96
95
92
111
122
100
78
85
96
94
86
68
64
78
70
56
61
65
61
60
65
72
72
63
69
73
56
60
74
48
32
54
60
42
37
31
7
-1
8
19
22
25
36
36
28
38
57
48
38
58
70
69
89
102
88
82
99
93
66
59
56
41
24
22
43
62
57
63
96
101
85
86
79
67
63
53
32
19
23
44
61
51
35
50
81
81
63
76
95
90
107
138
126
100
90
88
91
79
72
82
69
62
85
72
29
47
95
89
52
49
62
45
24
27
30
30
40
39
16
0
8
5
-6
12
22
-7
-2
33
28
9
11
16
44
72
46
21
27
10
-1
23
25
12
24
22
-13
-24
-5
15
23
19
7
-12
-14
1
9
16
42
56
33
11
28
51
48
47
66
72
51
31
32
50
65
68
71
59
45
59
63
36
26
33
23
27
25
0
-8
-2
-8
-4
16
28
26
16
25
45
41
25
30
37
37
60
87
90
90
94
89
89
102
94
91
112
101
72
84
103
94
91
99
98
95
91
93
91
85
107
129
108
81
89
83
41
42
63
38
16
25
22
17
31
34
24
7
-11
-5
-3
-30
-37
-14
-13
-33
-32
-30
-37
-25
-14
-30
-27
-6
-15
-42
-39
-14
-9
-17
1
36
32
5
8
13
-1
-2
-4
-22
-15
-12
-32
-17
12
-12
-34
-14
-19
-42
-44
-38
-30
-28
-14
74
211
324
473
657
740
744
756
748
730
722
699
644
578
500
380
256
143
77
89
110
62
6
23
32
-1
-6
3
-18
-45
-35
-26
-40
-56
-80
-118
-123
-96
-100
-106
-69
-51
-71
-72
-61
-57
-64
-84
-92
-85
-96
-104
-90
-97
-124
-110
-78
-87
-89
-64
-67
-89
-88
-92
-110
-106
-92
-95
-97
-81
-86
-117
-126
-118
-124
-134
-126
-97
-69
-62
-66
-52
-56
-89
-89
-68
-88
-105
-78
-64
-67
-63
-77
-100
-95
-70
-62
-67
-60
-58
-93
-124
-104
-88
-118
-137
-124
-123
-131
-127
-125
-124
-118
-116
-114
-116
-127
-128
-122
-130
-121
-96
-101
-115
-97
-82
-90
-97
-93
-90
-87
-72
-62
-84
-85
-58
-70
-98
-89
-97
-120
-103
-89
-104
-104
-89
-90
-81
-60
-66
-74
-50
-25
-30
-36
-23
-22
-35
-30
-27
-44
-67
-67
-53
-52
-63
-65
-42
-13
-1
-3
-5
-17
-36
-28
-17
-26
-28
-25
-32
-32
-29
-34
-32
-32
-45
-42
-26
-32
-41
-28
-28
-48
-51
-48
-81
-85
-23
7
-27
-43
-26
-28
-57
-86
-96
-82
-67
-60
-59
-70
-80
-74
-62
-59
-61
-66
-58
-49
-62
-60
-30
-31
-62
-67
-54
-56
-58
-47
-42
-41
-39
-48
-61
-72
-68
-47
-34
-34
-35
-46
-68
-63
-48
-51
-46
-44
-48
-38
-22
-28
-38
-30
-38
-53
-59
-56
-36
-42
-60
-33
7
-4
-34
-27
-12
-17
-17
0
18
17
23
20
1
13
25
10
1
23
40
37
35
29
23
28
30
19
18
21
8
15
33
16
-10
-10
4
8
-3
-10
-1
-13
-40
-25
16
5
-37
-36
3
17
-12
-27
-9
7
12
12
-11
-25
-3
4
-13
-11
4
-7
-30
-23
-2
-1
-8
4
11
-9
-31
-40
-39
-21
0
2
0
4
18
29
17
-4
-3
2
0
1
-7
-6
22
44
38
32
29
7
-7
5
3
-31
-49
-33
-28
-37
-34
-38
-45
-32
-23
-31
-27
-31
-37
-16
-7
-34
-45
-30
-33
-45
-42
-40
-51
-49
-35
-30
-17
-9
-20
-17
3
6
-5
-21
-26
-3
6
-2
3
-1
-25
-45
-30
-2
-7
-33
-37
-33
-33
-26
-30
-44
-22
8
2
-1
13
4
-4
13
10
-3
5
24
30
-3
-28
-9
6
-7
-8
3
11
26
31
31
33
32
30
35
37
21
23
46
34
6
21
35
14
-3
1
17
34
31
25
26
18
14
13
0
-4
-2
-15
-8
33
33
-4
2
42
31
-5
10
41
27
1
-9
-27
-36
-5
9
-17
-22
15
36
37
38
36
30
18
-5
-14
-3
5
3
-6
7
35
23
10
30
15
-24
-13
4
-24
-33
-22
-41
-33
2
-7
-23
4
13
-19
-34
-30
-17
8
1
-27
-18
7
-2
-11
-3
-6
-1
20
22
13
11
9
3
5
-10
-30
-14
-6
-33
-39
-24
-27
-37
-38
-17
2
-24
-36
-8
8
8
13
12
27
35
14
20
42
28
26
46
28
-7
-9
3
5
-2
-11
-1
21
26
28
25
1
-9
6
4
-11
5
17
-11
-25
-13
-18
-39
-29
-5
-2
4
3
-27
-24
28
32
-21
-33
10
8
-67
-75
12
44
14
65
154
194
255
333
334
318
376
392
350
373
400
328
301
376
374
295
278
273
192
170
244
268
248
226
195
218
270
225
166
214
241
190
209
236
162
152
247
242
163
174
192
180
197
181
158
187
195
157
163
194
178
151
167
205
178
114
118
139
122
126
136
100
86
92
58
57
99
97
52
57
85
64
40
46
64
81
45
-5
43
113
77
13
32
64
47
18
21
38
26
21
36
42
43
15
-34
-18
51
46
-11
-10
10
-2
2
50
71
29
29
70
47
20
43
26
8
28
3
-52
-47
2
38
34
3
-3
9
16
24
19
8
37
121
151
94
89
148
152
100
126
154
82
82
209
245
187
243
327
298
262
261
276
301
298
258
248
259
220
203
256
273
249
250
242
200
181
189
160
116
124
158
152
134
146
164
165
135
113
126
143
131
85
70
122
146
99
89
127
125
89
64
56
62
70
68
59
55
58
65
62
50
44
43
40
25
-5
2
11
-35
-37
25
28
-18
-19
-2
-4
-1
-6
-26
-35
-28
-38
-59
-49
-33
-35
-17
0
-26
-43
-25
-29
-43
-35
-42
-57
-43
-25
-35
-46
-23
5
3
-8
2
1
-32
-53
-53
-50
-42
-37
-55
-64
-34
-27
-54
-47
-27
-45
-77
-92
-105
-98
-80
-103
-102
-49
-41
-79
-68
-43
-69
-73
-60
-82
-98
-99
-116
-114
-83
-86
-100
-74
-48
-44
-53
-78
-95
-82
-80
-102
-97
-84
-112
-129
-105
-87
-93
-98
-91
-81
-89
-117
-123
-105
-110
-114
-98
-90
-89
-93
-118
-123
-107
-134
-145
-101
-84
-82
-69
-82
-93
-68
-68
-91
-82
-67
-63
-59
-69
-96
-121
-127
-128
-127
-121
-121
-132
-146
-138
-127
-127
-119
-103
-96
-90
-91
-100
-107
-113
-118
-118
-113
-109
-109
-109
-86
-71
-86
-76
-58
-79
-103
-94
-70
-66
-89
-99
-69
-55
-67
-62
-68
-81
-70
-66
-71
-61
-60
-61
-70
-91
-77
-50
-78
-101
-69
-56
-80
-98
-102
-90
-91
-124
-119
-76
-72
-82
-67
-71
-95
-98
-90
-88
-91
-88
-64
-38
-40
-46
-32
-29
-58
-77
-63
-52
-56
-66
-69
-57
-68
-92
-77
-51
-61
-55
-34
-50
-53
-22
-16
-40
-55
-55
-46
-49
-61
-45
-20
-30
-59
-63
-39
-21
-32
-57
-81
-96
-95
-89
-96
-98
-92
-88
-74
-57
-59
-77
-94
-99
-96
-94
-92
-89
-94
-99
-91
-80
-75
-66
-54
-55
-58
-57
-62
-62
-53
-56
-68
-66
-60
-59
-44
-26
-35
-50
-38
-20
-27
-37
-39
-30
-23
-30
-32
-29
-25
-6
10
-5
-12
-6
-12
-3
4
-24
-35
-17
-33
-54
-25
8
6
-9
-5
3
4
17
29
15
-2
-8
-34
-39
-7
-7
-39
-44
-25
-6
3
2
2
10
10
-7
-16
-5
-7
-23
-34
-33
-18
-3
1
0
2
0
1
10
9
1
-3
6
22
30
34
35
27
24
15
9
7
5
15
26
15
-7
3
18
4
0
-8
-30
-35
-27
-28
-23
-6
-4
-3
2
-7
-21
-32
-39
-34
-23
-32
-40
-16
-4
-23
-30
-33
-37
-23
-20
-42
-39
-29
-52
-71
-62
-53
-51
-41
-30
-19
-30
-49
-31
-8
-32
-65
-51
-15
7
-9
-30
-18
-16
-36
-30
-4
8
-2
-25
-28
-3
14
-7
-34
-20
0
-5
9
60
111
175
264
342
412
459
460
445
449
459
425
378
356
330
273
173
120
162
171
89
36
30
-5
-16
-6
-22
-27
-35
-55
-67
-84
-113
-142
-136
-108
-104
-111
-90
-83
-102
-93
-102
-132
-113
-101
-123
-124
-115
-122
-112
-102
-115
-120
-127
-132
-110
-83
-88
-113
-126
-118
-102
-116
-152
-154
-124
-113
-112
-97
-87
-94
-89
-80
-96
-108
-88
-92
-122
-104
-76
-95
-104
-82
-81
-102
-94
-58
-54
-87
-87
-61
-61
-66
-61
-55
-43
-32
-32
-25
-30
-59
-58
-13
2
-26
-36
-32
-33
-16
-4
-22
-37
-34
-30
-39
-33
-4
-1
-30
-35
-20
-27
-28
-31
-48
-47
-40
-37
-37
-29
-21
-20
-6
2
-17
-38
-31
-39
-65
-67
-64
-50
-34
-32
-23
-15
-33
-35
-15
-22
-22
-12
-28
-20
3
-19
-29
-1
-15
-38
-12
12
2
-9
-9
-3
-9
-25
-18
-6
-12
-11
4
7
1
3
8
9
7
2
-10
2
19
0
14
64
56
17
24
32
13
4
-2
0
4
-5
-3
-1
-13
-10
7
13
17
32
29
17
7
-1
19
48
27
-21
-32
-23
-15
14
23
-1
-10
-5
-5
12
37
26
-3
-3
18
14
-2
10
26
8
-7
10
23
12
23
54
49
21
28
49
58
60
44
36
51
49
31
20
5
-8
-1
0
-5
-4
6
20
26
33
39
36
29
12
0
-1
-13
-25
2
18
13
24
21
1
0
9
5
-3
-4
-1
1
-7
-5
2
-3
5
30
38
21
28
61
63
37
28
43
44
30
32
51
39
0
-3
6
1
14
34
33
28
29
28
31
27
18
24
13
10
42
56
26
22
50
44
22
26
45
46
19
23
55
52
21
19
40
46
36
31
28
25
25
24
21
22
10
11
34
24
6
39
61
30
20
44
32
-1
9
19
-3
-2
30
27
16
44
73
74
54
33
28
34
28
16
23
44
58
57
55
44
29
35
47
36
22
26
33
39
39
36
50
57
45
31
33
48
57
40
14
-10
-31
-36
-34
-33
-11
-8
-34
-36
-18
-20
-35
-29
-16
-19
-30
-27
-27
-35
-19
1
-13
-18
3
5
1
10
8
8
29
33
21
15
-1
2
26
21
0
-7
-4
12
23
15
17
27
23
28
41
37
30
24
18
21
21
23
33
36
32
34
33
33
32
24
25
25
11
9
21
25
25
29
46
66
43
5
25
61
64
59
65
64
55
56
48
28
33
30
-3
10
56
45
27
58
69
54
53
64
61
38
39
69
62
32
46
73
64
49
57
63
67
76
62
39
47
65
47
36
62
77
64
55
64
61
52
48
36
17
-4
-3
17
28
28
29
32
33
31
26
35
30
-4
-15
2
1
6
26
33
25
10
-1
1
-3
-9
6
1
-25
-18
9
22
26
33
37
29
18
25
38
32
31
34
16
14
24
10
1
23
34
23
22
28
34
37
31
25
29
33
35
37
51
59
41
39
63
71
57
34
7
11
40
42
29
32
48
60
63
50
38
33
14
-7
-5
7
16
29
23
2
1
0
-2
18
25
4
-1
0
-6
6
29
35
26
9
0
8
6
-3
14
28
24
14
-1
2
28
22
-9
5
28
5
-14
4
17
11
17
34
34
34
42
41
36
25
-3
-10
16
22
4
0
9
7
4
21
33
24
23
34
16
-2
23
40
20
13
21
21
36
71
97
95
70
56
74
88
91
127
187
210
207
253
288
223
162
169
122
16
20
96
88
24
11
23
-3
-2
39
42
13
17
45
35
23
32
20
-25
-32
3
10
-6
-6
7
16
26
33
21
4
1
-1
-4
-3
-5
7
28
12
-14
0
11
1
1
-4
-16
-9
-1
-5
7
36
45
32
31
40
30
12
29
58
45
25
30
16
-2
8
15
15
15
2
-12
-31
-42
-4
19
-15
-31
-21
-18
-2
-21
-61
-28
4
-12
-12
-14
-42
-40
-17
-14
-5
5
-8
-22
-14
3
8
-9
-26
-7
5
-34
-66
-59
-54
-56
-40
-22
-23
-20
-3
-2
-3
12
11
4
3
-5
5
15
-10
-19
7
9
-1
13
13
-6
-5
7
-1
-2
10
14
0
-19
-7
16
12
-6
-5
2
-2
-2
0
0
6
3
-22
-31
-1
4
-18
-10
12
3
-6
16
26
8
-5
-4
-12
-33
-34
-6
8
1
8
18
-1
-9
18
36
30
19
21
26
12
-2
6
15
9
5
12
26
33
33
38
23
-3
11
28
16
20
31
27
29
32
23
23
27
24
4
-6
15
33
32
21
4
-14
-14
-6
-4
-6
-5
18
30
10
-7
-2
16
27
10
-21
-20
6
3
-27
-28
1
1
-14
-2
-4
-33
-23
22
37
13
-3
-1
2
6
13
12
-3
-20
-26
-26
-28
-13
17
19
1
6
6
-11
5
40
43
42
60
60
39
23
25
36
23
5
18
28
6
-5
22
29
1
-3
5
-18
-31
-3
12
-19
-39
-17
6
3
-1
-1
-5
0
5
-5
3
9
-14
-27
-2
7
-8
2
12
-1
9
24
-1
-37
-36
-23
-25
-23
-11
-3
-6
-5
1
-2
-17
-19
-1
4
6
27
33
24
37
56
48
21
5
-7
-26
-26
-18
-29
-22
5
0
-9
11
24
28
26
9
-1
1
1
16
27
10
0
9
7
5
14
6
-8
15
46
38
26
34
34
24
26
33
37
19
-7
2
17
8
10
18
-4
-8
20
18
-6
0
9
-1
-7
-3
3
9
8
0
1
3
6
15
15
10
6
6
-1
-2
15
29
33
44
58
50
21
-1
3
32
49
37
27
42
40
29
40
51
48
58
66
48
40
44
14
-6
35
71
36
-2
5
8
-4
-13
-4
11
10
9
23
37
23
7
25
35
0
-24
-5
3
-6
0
3
-5
2
26
58
58
33
35
29
-8
-21
-14
-25
-27
-12
-5
3
14
12
5
1
-5
-3
10
10
2
11
16
8
-4
-18
-15
-9
-23
-35
-34
-32
-13
4
-13
-19
17
47
39
26
32
37
28
11
-6
-14
-10
-4
-3
1
14
32
25
3
6
26
32
26
23
28
36
34
23
22
24
17
12
25
40
24
9
36
65
64
65
59
38
48
70
62
37
10
1
24
25
-6
-10
2
0
5
5
-13
-14
-1
-5
-4
15
34
33
8
-1
4
-18
-26
-9
-24
-40
-25
-19
-24
-10
21
53
87
137
203
256
300
330
339
356
370
359
341
328
309
281
225
147
112
110
87
44
24
32
29
3
-10
-1
-9
-21
-31
-49
-41
-29
-47
-62
-60
-57
-49
-34
-29
-23
-20
-34
-38
-38
-55
-64
-43
-40
-51
-36
-29
-27
-2
14
4
3
3
-18
-31
-27
-25
-28
-29
-31
-37
-35
-29
-32
-41
-36
-27
-45
-56
-36
-27
-34
-29
-24
-33
-41
-41
-40
-50
-55
-35
-29
-56
-55
-22
-22
-36
-14
-7
-30
-24
-11
-27
-39
-30
-21
-20
-34
-41
-24
-25
-52
-58
-53
-61
-54
-32
-36
-54
-59
-60
-62
-65
-68
-61
-57
-60
-43
-23
-20
-28
-47
-59
-56
-58
-57
-43
-27
-13
-3
-6
-4
4
12
16
11
12
30
24
0
2
13
1
-10
-4
5
5
-1
-3
-8
-24
-34
-31
-34
-39
-34
-22
-11
-14
-26
-25
-18
-25
-35
-34
-33
-37
-39
-21
-2
3
6
3
-2
3
13
10
0
-10
-11
-20
-35
-17
6
0
8
24
5
-20
-14
-8
-4
-1
-6
1
8
-11
-20
2
7
-7
-7
-2
1
-13
-32
-17
5
-14
-31
-11
6
0
-5
4
12
2
-1
3
-8
-24
-9
10
-5
-20
-7
2
-3
0
4
-7
-12
-2
6
-2
-5
6
-4
-20
-13
-10
-18
-8
2
-7
-9
-1
1
5
12
8
4
14
14
-17
-36
-18
-2
3
4
5
22
37
36
26
14
-3
-6
6
5
-6
-12
-1
7
-4
-8
-4
-2
-1
-9
-22
-31
-34
-34
-37
-37
-32
-34
-49
-55
-57
-62
-67
-65
-47
-28
-21
-22
-32
-49
-48
-39
-33
-31
-45
-54
-36
-14
-12
-25
-27
-10
8
8
2
5
10
7
3
-4
-28
-43
-19
4
3
-8
-15
-25
-33
-14
4
3
-2
2
10
23
29
17
16
16
2
-9
-5
-2
-3
3
-3
-21
-14
18
26
10
5
2
-3
-4
-5
0
5
-9
-22
-9
1
-9
-13
-10
-11
-15
-26
-29
-15
-5
0
1
1
2
-9
-21
-10
-11
-31
-15
15
0
-41
-62
-65
-56
-38
-28
-32
-28
-17
-28
-38
-28
-25
-44
-59
-46
-29
-30
-40
-38
-29
-35
-47
-43
-28
-30
-32
-11
-5
-22
-20
-4
-7
-17
-29
-58
-62
-36
-21
-22
-22
-28
-34
-19
-8
-25
-33
-11
-1
-9
-1
5
-5
4
22
12
-3
-13
-15
-4
11
18
23
30
28
6
-13
10
35
23
19
29
31
39
47
35
28
35
36
34
26
28
30
13
9
32
37
25
32
29
15
19
28
26
27
27
11
-7
-5
19
33
30
37
41
33
31
30
20
25
32
21
34
67
75
54
41
46
42
26
19
26
30
32
34
23
16
30
41
29
17
22
26
30
38
42
46
73
94
72
41
34
31
24
26
33
33
33
30
22
22
34
34
25
31
38
30
25
38
49
38
28
39
35
8
10
37
35
16
21
21
12
15
21
25
33
35
29
35
38
33
36
36
33
33
31
29
35
33
26
42
61
66
59
50
47
58
78
81
65
50
57
66
57
63
81
81
64
60
68
73
71
61
56
65
63
56
77
96
75
72
94
83
47
36
37
26
23
44
62
53
50
61
51
56
103
145
168
197
233
272
328
370
403
429
398
358
363
341
264
217
211
169
102
75
84
68
45
51
62
54
47
57
69
69
52
30
28
32
25
22
33
36
31
36
37
1
-33
-19
-12
-37
-41
-28
-33
-44
-33
-17
-35
-72
-75
-60
-64
-69
-63
-63
-61
-41
-27
-40
-55
-48
-37
-34
-42
-48
-41
-31
-31
-38
-49
-61
-53
-15
-13
-63
-59
-2
5
-8
1
-14
-33
-21
-20
-29
-21
-8
-2
-10
-5
13
-3
-31
-12
-20
-73
-46
25
22
-2
7
-3
-24
-27
-18
-1
-4
-18
-23
-27
-15
9
-8
-33
-16
2
-5
-17
-27
-25
-25
-36
-24
0
-2
-6
-7
-20
-17
0
4
10
12
0
-5
-5
-6
-4
4
17
6
-27
-22
12
17
9
10
2
11
34
30
15
13
10
21
37
16
5
28
19
-10
-11
-11
-23
-12
3
-2
-9
-5
7
5
2
24
30
11
7
8
-6
3
33
30
11
10
15
7
-7
-9
-3
1
2
2
4
12
24
28
26
16
9
17
21
8
0
1
1
2
-1
-2
9
12
0
2
15
25
32
33
33
35
25
16
28
32
8
-6
5
0
-20
-20
-1
-5
-24
-28
-21
-16
0
26
19
-7
8
38
41
22
7
2
-4
-23
-37
-29
-28
-41
-40
-17
3
4
-5
-1
3
-21
-22
13
14
-11
-5
0
-4
17
29
19
24
32
18
-4
-4
-2
-15
-18
-3
7
6
3
0
-3
0
-13
-29
-20
3
11
3
3
1
1
-1
-7
-18
-39
-32
-4
3
-15
-27
-22
-11
0
-4
-8
5
10
2
6
13
-1
7
35
32
26
39
36
31
47
65
57
28
25
57
69
55
57
60
46
42
40
36
58
70
42
39
54
38
37
52
42
26
29
34
26
8
-6
-5
12
30
29
27
38
29
4
1
7
7
1
-8
-4
12
17
5
-1
11
27
16
-5
5
26
15
2
14
20
17
22
33
37
44
48
40
36
38
35
31
32
22
2
-4
7
18
17
23
34
26
21
18
13
21
35
32
27
18
-2
-4
6
3
-4
-6
-2
0
-3
-7
5
34
36
9
-5
1
3
-3
-8
1
5
-3
-5
-7
-15
-2
12
-9
-22
-7
4
-8
-22
-23
-10
-1
-3
-12
-23
-27
-29
-36
-33
-25
-29
-28
-13
1
9
3
7
28
35
33
26
4
4
26
22
17
28
16
-4
-6
-3
11
29
31
24
28
34
24
17
26
25
10
9
18
22
27
29
31
28
16
10
9
-6
-2
30
34
4
-11
-1
14
16
21
32
35
42
55
45
34
38
23
0
-7
-19
-33
-30
-31
-38
-28
-8
1
-1
-11
-9
6
-5
-21
-6
6
5
27
31
6
9
16
1
6
26
11
-4
13
19
2
-5
1
-4
-9
-2
6
4
-9
-8
11
26
26
20
14
7
-4
-13
-1
21
8
-9
11
28
23
22
31
31
33
42
31
11
14
21
18
28
35
21
20
34
34
15
9
24
27
24
38
47
44
42
29
26
35
31
25
35
35
20
5
-4
-6
-4
-1
-2
4
3
-17
-32
-31
-34
-34
-13
-6
-25
-34
-27
-27
-24
-30
-50
-33
5
1
-10
8
14
0
-3
-12
-37
-45
-35
-35
-39
-22
-15
-24
-16
-4
4
18
17
-1
-5
-7
-21
-7
8
1
-4
-2
3
6
9
9
13
30
28
3
-8
-8
-23
-34
-26
-29
-35
-32
-26
-4
36
53
56
117
201
246
307
384
398
387
408
402
317
221
184
158
99
57
50
47
57
67
52
37
26
9
-7
-17
-26
-33
-32
-34
-51
-66
-58
-54
-68
-60
-35
-24
-22
-9
1
-2
-2
7
3
-8
-15
-31
-26
-3
-9
-31
-38
-33
-15
-6
-19
-16
-10
-42
-55
-35
-35
-48
-38
-28
-30
-30
-45
-57
-38
-46
-76
-57
-25
-47
-68
-43
-21
-26
-44
-47
-37
-31
-30
-32
-31
-29
-35
-37
-19
-2
5
-4
-24
-20
1
0
-5
-2
0
-4
-20
-22
4
20
1
-25
-22
13
35
27
28
27
10
0
-2
-7
-8
4
3
-10
-9
-2
2
13
16
-9
-25
-11
3
11
10
-7
-3
13
8
1
9
1
-19
-19
-10
-8
-4
-2
-1
-2
-4
3
18
26
25
31
25
7
10
18
-2
-22
-23
-26
-21
-8
-8
-11
-11
-24
-35
-22
-22
-24
-9
-8
-8
13
21
10
12
17
16
27
35
24
5
-10
-11
5
17
12
8
10
0
-5
2
3
2
9
2
-9
-8
0
1
-11
-15
-8
-4
-13
-28
-38
-32
-24
-29
-20
-1
-5
-4
-2
-26
-34
-4
10
0
-1
-3
-17
-34
-34
-22
-17
-16
-12
-8
-7
-2
-2
-20
-35
-15
-2
-26
-28
-18
-25
-9
19
11
-2
9
1
-21
-17
-6
-22
-43
-29
-19
-39
-28
7
3
-23
-19
-26
-49
-28
5
4
-12
-3
32
36
6
-1
6
-4
-3
8
4
-3
7
14
4
9
29
20
-2
7
24
22
20
33
41
29
36
38
0
-17
8
3
-29
-27
-22
-26
-25
-24
-12
-6
-27
-41
-32
-37
-37
-18
-16
-15
1
10
6
-1
1
-1
-20
-19
-8
-28
-32
17
39
5
-4
13
-5
-29
-6
18
-7
-12
-3
-27
-20
23
16
-9
17
35
22
26
20
-1
10
28
15
5
10
1
6
37
40
26
43
69
61
45
51
35
18
53
87
72
56
66
74
65
42
27
32
17
-1
10
12
8
25
22
-6
8
40
28
7
-5
2
23
28
15
9
7
-6
-12
-5
2
-9
-33
-30
-7
6
3
1
-5
-7
5
10
5
4
-5
-11
9
23
19
24
26
8
1
20
37
31
10
4
8
3
-5
-11
-22
-21
-5
1
-5
-16
-21
-7
8
3
8
25
10
-19
-17
-7
-31
-46
-33
-28
-46
-56
-47
-36
-31
-33
-36
-33
-16
-9
-35
-30
5
3
-25
-23
-5
6
9
4
1
6
-4
-4
6
-17
-31
-8
-9
-34
-24
3
8
4
5
11
13
16
16
8
16
31
39
46
48
50
62
41
4
17
50
34
-1
13
57
66
29
-4
7
32
16
-13
-19
-32
-36
-5
5
-9
-3
5
-23
-44
-20
-4
-21
-33
-39
-50
-40
-35
-59
-65
-53
-48
-32
-12
-15
-12
11
34
51
64
61
46
35
16
-3
3
9
1
0
4
-6
-5
0
-19
-43
-26
1
-4
0
14
9
16
33
15
-17
-27
-28
-31
-29
-7
4
-18
-20
-1
-2
3
12
-6
3
53
66
42
28
26
30
31
15
-6
1
22
16
-16
-21
-4
-22
-48
-28
-1
-9
-15
22
81
137
186
231
261
277
292
291
284
285
245
184
174
189
161
106
85
89
80
60
47
28
15
39
47
-2
-10
54
72
27
1
-16
-31
-1
0
-36
-24
8
5
-12
-22
-33
-32
-8
-2
-25
-45
-40
-13
2
-18
-38
-28
-25
-35
-32
-23
-45
-69
-48
-36
-51
-26
1
-23
-27
-10
-17
-28
-20
-20
-29
-10
3
-28
-28
12
9
-5
2
-15
-31
-25
-35
-45
-39
-32
-33
-44
-58
-54
-49
-65
-71
-56
-63
-60
-11
10
-22
-30
-8
0
-5
-19
-30
-24
-25
-28
-28
-55
-58
-9
20
-8
-28
1
32
35
27
36
31
-8
-36
-36
-33
-40
-40
-32
-32
-23
-16
-14
12
28
6
-9
0
3
10
28
32
30
19
2
-5
-1
5
-17
-40
-20
-1
-14
-10
3
-14
-36
-44
-41
-25
-17
-20
-30
-29
-7
-2
-25
-31
-21
-39
-64
-61
-46
-36
-31
-23
-25
-29
-14
3
0
-13
-6
0
-22
-30
-9
-1
-20
-33
-18
-7
-17
-26
-20
-33
-34
-7
0
0
0
-13
-13
-2
-5
-31
-57
-55
-43
-48
-56
-51
-45
-33
-27
-49
-61
-50
-43
-43
-33
-24
-29
-28
-27
-34
-23
2
-2
-18
-28
-54
-64
-39
-30
-40
-19
7
-8
-28
-11
-1
-31
-36
-9
-18
-38
-34
-36
-41
-44
-45
-21
6
4
3
9
4
2
-3
-3
6
3
-3
3
-6
-12
8
15
15
33
23
7
33
40
26
41
39
15
11
12
-1
-28
-53
-42
-18
-53
-87
-49
6
24
12
11
29
42
25
-4
-20
-33
-12
15
10
-2
-20
-50
-46
-21
-21
-18
1
10
8
0
11
36
29
5
1
2
14
36
36
26
37
50
43
33
27
18
12
24
39
30
10
2
-2
-8
-6
5
9
19
28
13
9
33
54
57
40
23
34
42
5
-12
17
4
-35
-29
2
14
14
11
6
7
5
1
7
2
-11
6
31
21
6
12
9
-6
-1
-2
-40
-48
3
27
-6
-11
22
41
25
-3
13
35
20
23
34
12
-9
1
17
27
30
17
8
-2
2
18
17
19
21
20
19
12
-2
-30
-60
-60
-29
-28
-39
-15
1
-4
-1
-1
-18
-36
-33
-17
-2
1
-18
-37
-12
9
-18
-32
-14
-26
-28
21
37
12
17
28
24
37
67
75
62
49
41
38
25
13
24
33
24
23
41
45
37
30
25
21
17
19
23
20
16
20
25
18
-4
1
23
8
-12
8
18
0
2
10
-2
-9
5
11
-18
-31
0
12
-5
-3
3
0
16
33
29
28
37
40
33
35
51
58
45
26
11
-2
0
11
17
16
11
15
24
26
33
33
7
-8
16
30
8
-17
-7
27
41
32
27
31
32
15
2
29
26
-6
18
48
27
23
31
8
11
36
38
41
44
27
6
12
35
41
28
26
26
6
0
17
7
-18
-13
3
8
13
4
-6
13
28
27
29
32
34
33
16
-5
-11
-14
-15
0
14
8
3
4
2
-3
-3
-4
-5
-1
-2
-1
-4
-4
3
-3
-18
-28
-20
-9
-17
-33
-32
-29
-27
-10
5
0
-8
10
31
8
-7
17
13
-1
15
24
14
9
-2
-5
11
11
3
-1
-6
-6
5
0
-29
-22
6
-4
-35
-36
-11
-10
-27
-16
12
8
-1
12
11
-7
-8
2
-11
-29
-19
-14
-19
9
31
6
-10
7
-1
-27
-25
-8
10
24
25
41
91
152
212
275
329
373
411
417
405
405
406
387
353
321
254
163
138
142
100
59
69
69
33
5
-9
-1
14
19
4
-31
-53
-39
-8
-13
-51
-69
-67
-66
-62
-61
-73
-64
-50
-77
-82
-51
-51
-56
-22
-10
-27
-19
-11
-35
-57
-52
-31
-26
-35
-38
-48
-77
-93
-79
-68
-81
-100
-95
-78
-83
-92
-85
-86
-91
-91
-88
-68
-55
-79
-95
-93
-92
-84
-94
-116
-85
-30
-24
-37
-33
-28
-42
-76
-100
-90
-63
-61
-83
-78
-49
-38
-40
-39
-49
-64
-57
-53
-55
-43
-47
-51
-17
11
-1
-1
11
-9
-18
-13
-31
-26
13
17
-11
4
22
9
5
7
-8
-25
-31
-30
-34
-40
-30
-1
4
3
22
29
29
23
-1
-6
25
49
43
33
27
28
34
42
42
31
17
7
6
7
2
8
2
-27
-22
6
6
-8
-2
17
31
33
32
21
1
-6
-14
-34
-20
-1
-5
13
31
6
-6
9
8
-3
-9
3
21
12
0
22
46
45
24
9
11
14
15
25
35
31
11
11
35
46
29
26
31
26
32
31
16
9
8
7
18
30
31
29
31
48
72
59
34
43
52
36
32
44
28
2
17
21
2
16
36
24
26
33
13
15
33
23
16
24
12
1
5
0
-4
2
-4
-16
-7
5
15
22
15
12
29
38
29
41
60
44
23
29
29
7
8
33
42
36
31
32
30
25
28
39
53
71
70
35
12
28
37
28
29
38
30
24
34
32
26
34
41
38
40
38
29
42
54
52
48
43
47
66
64
33
25
37
32
26
27
29
29
21
11
15
15
0
-11
-10
-3
5
1
-11
-2
15
12
-2
-10
-6
1
2
-1
2
2
-6
8
27
14
-9
-16
-15
-12
3
15
22
30
32
28
32
38
31
23
24
25
28
22
20
47
57
28
13
24
26
19
10
2
-4
-20
-36
-30
-23
-34
-25
6
20
16
14
8
5
13
15
9
-4
-17
-16
-12
-3
5
4
1
-1
9
27
21
-10
-24
-13
-3
2
3
3
-5
-20
-30
-28
-24
-34
-29
-1
-3
-22
-12
4
0
-2
-1
5
9
-1
-4
-1
-20
-35
-21
-3
15
26
13
0
6
17
27
41
32
3
-9
0
9
1
-3
0
-9
-17
-14
-11
-15
-8
-7
-20
-22
-19
-28
-31
-13
-2
-1
15
32
24
5
5
5
0
4
0
-12
-6
2
-6
3
30
38
29
36
53
49
30
20
15
1
-3
-2
-16
-17
-3
2
-4
-3
3
-5
0
33
59
47
32
36
26
18
29
32
28
25
14
16
20
0
14
86
136
159
196
232
258
278
288
296
304
312
297
240
177
152
129
91
83
88
69
48
57
64
41
17
16
28
24
10
0
0
15
2
-32
-26
0
-1
-24
-48
-53
-31
-28
-52
-68
-59
-35
-39
-67
-77
-81
-86
-69
-67
-85
-84
-73
-82
-93
-75
-52
-57
-71
-68
-54
-55
-61
-56
-38
-27
-36
-45
-36
-23
-31
-39
-32
-38
-48
-40
-29
-31
-24
0
-1
-18
-10
9
9
2
-4
-16
-19
-24
-46
-56
-40
-31
-32
-17
-11
-27
-30
-25
-31
-17
-5
-21
-19
1
0
-4
-1
-4
-1
7
-3
-2
7
2
6
27
28
-7
-30
-23
-3
-3
-21
-29
-28
-20
-17
-22
-11
9
1
-12
-7
2
12
14
5
-1
4
8
2
4
3
-23
-37
-11
5
-2
15
32
10
-11
1
4
-11
-5
4
-1
0
3
4
4
4
4
11
7
-18
-21
-9
-12
-14
-2
3
1
-3
-13
-8
0
-21
-27
-11
-18
-20
1
-16
-48
-9
30
-12
-49
-26
-6
-14
-15
-7
2
-2
-27
-32
-9
8
7
4
11
12
15
21
12
-2
-4
0
-5
-3
6
5
5
16
18
1
-1
17
17
0
-2
7
10
2
-6
-3
5
7
2
-3
-5
-7
-8
1
4
2
17
27
11
-2
11
15
5
6
8
-6
-4
19
14
-9
-8
2
1
-2
1
6
1
-3
-9
-27
-26
-19
-29
-24
1
8
2
5
4
3
14
30
28
2
-17
-20
-27
-32
-28
-30
-31
-29
-25
-19
-14
-18
-22
-22
-21
-22
-28
-36
-34
-33
-38
-46
-34
-27
-46
-51
-33
-31
-40
-30
-18
-26
-36
-35
-27
-35
-50
-41
-25
-23
-14
0
2
-1
3
1
-15
-33
-39
-25
-3
5
-2
-3
16
44
55
36
25
28
14
8
23
21
3
-2
0
-4
-7
0
9
8
-4
-6
-1
-10
-25
-27
-23
-26
-23
-7
-4
-6
-6
-8
5
13
3
15
30
10
-7
3
14
26
22
-1
-6
0
-2
-15
-26
-12
6
0
-11
-5
-3
-3
3
6
5
4
3
-3
-3
1
-2
-13
-1
27
33
20
30
53
49
31
33
34
22
23
27
9
-5
7
29
32
9
7
25
17
1
16
25
4
4
21
17
1
-6
-1
9
23
23
22
30
33
29
27
30
29
32
46
61
68
55
31
27
37
28
8
-7
-6
6
7
10
17
-4
-20
-7
-7
-23
-35
-43
-32
-19
-33
-35
-19
-21
-20
-2
-1
-4
16
21
-3
-2
25
24
6
14
28
20
14
39
64
55
31
19
13
7
6
-1
-7
9
31
33
27
22
11
-2
-2
0
1
1
-4
-3
5
2
-15
-7
25
43
39
36
31
15
12
18
13
19
50
67
48
23
3
-4
-1
-4
4
29
44
35
28
32
35
27
17
25
35
29
35
46
37
28
29
26
21
26
30
25
16
10
10
9
1
-9
-11
-3
4
6
5
3
0
-2
2
2
-4
-5
-1
-3
-5
-2
4
6
2
2
8
0
-4
19
19
-3
2
17
13
19
26
18
23
29
18
21
48
59
40
24
33
49
43
29
22
8
-1
4
11
17
35
35
24
29
33
29
30
35
24
16
12
2
10
36
34
22
31
26
12
23
23
4
6
24
28
23
23
21
11
-7
-1
24
31
26
36
30
9
12
16
-2
-4
1
-2
9
31
34
28
26
16
3
2
7
3
-6
0
5
-5
-2
22
27
8
2
5
-2
-10
3
31
33
10
2
3
-2
-3
-15
-30
-23
-13
-19
-24
-28
-37
-27
-6
2
-5
-5
-5
-17
-16
0
-3
-14
-4
-5
-31
-36
-10
10
5
2
9
4
-4
11
35
35
23
17
4
-9
-12
-5
4
2
2
4
-2
2
14
8
-2
10
12
-7
-9
5
7
1
1
-2
-10
-8
-4
-6
-6
-2
7
16
24
37
42
32
29
33
30
22
20
21
21
17
23
33
32
29
28
29
31
31
29
17
3
-9
-14
-10
-4
-3
-7
-2
1
-1
-4
1
2
1
-5
-12
-7
0
-1
-2
2
-1
0
8
6
-5
-3
10
5
5
25
36
35
35
22
3
-1
2
-4
-4
-5
-17
-17
-11
-13
-6
3
-2
-2
3
-8
-9
-4
-6
-3
0
-1
-8
-19
-31
-34
-21
-13
-16
-4
31
82
151
212
255
320
382
402
407
397
379
361
310
225
163
127
81
55
50
32
-5
-29
-22
-5
-5
-27
-46
-47
-51
-66
-67
-45
-37
-45
-45
-51
-64
-51
-31
-44
-58
-36
-30
-57
-67
-65
-65
-52
-41
-46
-48
-52
-62
-67
-71
-74
-67
-62
-76
-81
-69
-67
-76
-70
-51
-62
-93
-90
-74
-80
-77
-61
-72
-91
-92
-77
-55
-76
-104
-72
-41
-68
-83
-61
-61
-64
-39
-29
-36
-41
-43
-48
-70
-87
-71
-47
-39
-36
-33
-32
-29
-29
-35
-45
-45
-27
-27
-35
-31
-31
-25
-2
10
4
2
-4
-14
-9
-2
-3
-6
-1
3
-2
-4
0
-8
-24
-29
-30
-31
-22
-7
0
-16
-23
-7
2
-2
-10
-21
-28
-26
-16
-10
-15
-17
-14
-19
-28
-16
1
5
2
0
-4
-3
10
13
-5
1
23
24
13
10
19
21
13
4
4
2
-3
7
23
29
30
19
9
18
34
35
30
26
23
36
38
14
-2
0
8
23
30
13
-1
10
20
12
4
5
2
9
21
14
-2
0
6
8
5
-1
1
7
4
-3
-8
-7
-1
-3
-9
-8
-4
-2
-11
-16
-3
2
-7
12
31
14
-1
3
-1
-8
-8
-8
-2
3
4
14
26
18
16
25
17
9
15
9
-6
-3
2
-6
-4
0
-11
-18
-7
-5
-17
-17
-4
1
-9
-11
2
9
-2
-4
21
37
28
21
30
25
4
-9
-9
2
11
4
-10
-15
1
18
18
11
9
19
33
29
9
0
2
-6
-5
3
-10
-29
-12
13
-7
-20
-1
-13
-32
4
31
13
-1
-10
-19
-8
3
-13
-25
-11
-3
-4
-1
0
5
13
13
10
17
10
-1
7
24
26
6
6
27
9
-13
15
32
6
1
-1
-20
-7
20
13
0
7
1
-11
-11
-7
-1
5
-6
-30
-28
-3
6
-1
-2
2
3
-10
-24
-16
1
2
-17
-32
-18
6
20
30
21
-2
-8
-14
-20
-12
-20
-28
-17
-19
-20
1
7
3
4
-5
-14
-13
-8
-2
4
6
7
10
24
24
15
13
-4
-13
-12
-26
-28
-7
-1
-5
6
-1
-10
-4
-4
0
3
-2
-6
-4
-17
-31
-13
-2
-14
-21
-25
-36
-36
-18
-4
-7
-9
-3
1
11
37
32
1
4
36
35
6
9
28
23
10
6
3
-2
-1
-1
-5
-4
11
25
22
19
26
29
19
3
1
15
12
-1
17
43
52
47
47
48
46
39
36
35
25
26
37
28
23
31
35
42
48
37
27
36
42
43
42
31
28
38
37
27
23
29
22
6
1
-5
-20
-11
17
29
32
26
6
9
32
24
2
-3
-16
-26
-14
1
-11
-26
-12
7
9
3
2
5
-3
-27
-29
-2
1
-12
-3
7
9
18
18
12
8
1
-4
3
7
9
20
28
33
44
59
82
126
190
253
300
343
389
400
367
351
373
324
184
125
161
127
53
49
68
53
39
34
23
16
30
37
14
-12
-7
2
-11
-19
-11
-17
-33
-27
-25
-25
-13
-23
-40
-34
-24
-25
-14
-7
-20
-26
-23
-18
-38
-67
-58
-31
-34
-46
-31
-29
-53
-70
-67
-50
-36
-25
-32
-53
-52
-19
4
-14
-39
-34
-27
-31
-24
-15
-13
-13
-9
-6
-3
-2
0
1
-11
-11
3
8
6
-9
-28
-19
-3
-18
-31
-24
-23
-22
-17
-8
2
0
-10
-22
-35
-37
-31
-31
-31
-27
-27
-33
-35
-20
-15
-34
-29
6
33
30
7
-8
0
-2
-21
-22
-8
-8
3
7
-23
-26
20
30
6
1
-20
-32
-4
-16
-35
12
44
11
-3
-1
-27
-40
-23
-22
-20
-8
-18
-36
-31
-16
-7
-4
-1
3
12
13
9
3
-5
-12
-9
-1
-4
-6
-2
5
0
-29
-32
-3
14
22
22
17
21
36
46
56
55
40
30
28
34
33
24
22
11
-5
-3
1
-12
-29
-41
-42
-23
-4
3
19
20
-1
0
-2
-27
-23
-8
-25
-22
7
-1
-9
20
38
28
10
-4
-10
-10
-6
1
-6
-25
-24
9
34
21
-10
-15
-7
-13
-22
-27
-32
-28
-9
20
25
10
16
34
27
24
29
12
6
30
43
36
32
38
33
25
31
29
28
49
71
62
41
32
28
28
32
33
22
22
27
19
14
13
3
-4
2
1
-3
2
1
-10
-2
16
-2
-6
34
36
-1
-6
6
0
-4
4
19
23
28
41
34
16
14
3
-8
-6
-21
-31
-10
5
-9
-18
-17
-23
-20
-4
1
-11
-6
14
22
25
32
28
11
-3
-14
-25
-33
-36
-30
-21
-24
-31
-26
-12
-1
0
-7
-10
-7
6
28
36
20
11
27
36
25
31
49
47
23
8
13
19
18
18
17
-7
-21
-5
-1
-7
-2
2
9
16
9
8
8
-9
-2
25
33
44
61
55
51
56
37
13
15
30
52
60
45
48
64
37
12
28
18
-6
15
37
24
24
39
34
26
26
25
13
6
12
15
16
20
13
2
-2
-3
-1
3
-2
-4
11
1
-5
1
-4
8
36
43
21
21
19
27
28
23
41
48
65
79
76
71
78
70
45
36
23
32
32
25
28
3
-23
16
55
23
-12
-3
2
-8
-1
17
16
-1
-5
-5
-7
-4
2
5
-2
-9
-1
3
-1
2
-2
-11
2
8
-21
-37
-29
-35
-29
-2
2
-1
6
0
-6
2
0
-13
-18
-13
12
33
21
-4
-1
23
32
28
29
16
-7
-10
4
-1
-9
13
40
24
-12
-7
18
14
-9
-3
12
12
18
23
22
19
10
-2
-7
-10
-6
-43
-41
-8
5
-16
-6
3
-12
-1
2
12
13
4
-6
-6
7
11
-1
-10
-10
-11
-13
-9
-5
12
22
15
8
30
41
31
30
39
25
4
2
-6
-20
-28
-25
-23
-19
-20
-13
-2
5
-1
-3
-5
-3
6
9
-5
-2
16
10
-6
-27
-36
21
-26
-110
-25
70
41
14
46
7
2
5
-3
0
-2
-11
-28
-25
-27
-44
-38
-11
-5
-5
12
26
30
21
0
-10
-5
-2
-12
-30
-33
-14
5
7
-3
2
28
29
7
3
13
15
22
30
20
2
-1
1
-10
-13
7
-1
-7
57
140
211
293
358
394
442
458
428
423
410
345
310
290
205
142
135
102
73
74
55
24
12
0
-4
8
-1
-27
-39
-38
-43
-42
-40
-70
-90
-78
-78
-98
-96
-74
-76
-83
-71
-52
-37
-33
-21
-1
1
-23
-42
-40
-27
-29
-32
-17
-25
-51
-53
-45
-48
-54
-61
-56
-46
-68
-99
-90
-63
-51
-61
-69
-41
-9
-26
-61
-61
-42
-41
-53
-68
-67
-62
-63
-46
-32
-31
-12
0
-20
-26
-4
7
-6
-21
-28
-29
-39
-54
-54
-54
-54
-48
-33
-24
-30
-34
-27
-26
-39
-38
-19
-18
-29
-26
-23
-26
-35
-41
-27
-2
4
-2
3
-5
-21
-17
-12
-18
-20
-19
-27
-33
-41
-48
-45
-50
-63
-60
-33
-20
-29
-35
-38
-43
-44
-50
-52
-35
-28
-38
-44
-68
-97
-94
-86
-93
-86
-60
-56
-78
-84
-65
-62
-71
-65
-60
-66
-51
-27
-28
-31
-17
-11
-25
-46
-63
-63
-56
-60
-53
-30
-24
-41
-44
-31
-23
-27
-32
-38
-43
-48
-59
-50
-34
-47
-64
-59
-57
-64
-64
-57
-53
-54
-45
-29
-34
-37
-21
-14
-21
-20
-7
1
-4
-2
10
5
-17
-30
-31
-14
4
-5
-19
-20
-12
-13
-18
-14
-2
-3
-8
2
11
1
-8
-1
3
-6
3
26
29
11
-17
-21
5
20
13
9
6
3
6
1
-1
17
30
17
5
10
14
19
25
23
26
32
28
22
20
17
15
17
31
41
36
35
25
4
-14
-28
-40
-36
-22
-10
10
25
17
1
-2
-14
-34
-24
-3
-6
-9
1
-3
-16
-22
-33
-34
-14
2
-2
-15
-14
-6
-12
-27
-17
13
24
12
16
32
24
4
-2
-3
3
6
-3
11
30
17
2
-1
-8
-10
-6
-1
10
9
-8
-5
6
6
11
21
18
13
24
23
4
-7
-2
4
3
5
17
26
22
18
28
24
11
9
9
12
27
33
31
32
31
27
24
23
30
32
31
37
34
27
32
38
31
24
27
27
14
2
1
4
-2
-30
-40
-6
7
-23
-31
-10
-1
4
18
31
34
34
27
7
-8
-4
17
35
41
55
80
84
59
42
25
6
7
26
34
23
12
19
35
29
3
-5
0
0
4
16
12
-4
1
13
16
11
2
8
24
21
13
18
30
47
58
57
54
46
49
62
54
32
25
27
23
25
28
30
37
39
36
36
31
19
24
34
32
24
27
48
58
37
22
37
36
26
45
54
36
27
35
38
31
40
64
70
55
60
68
47
25
28
44
52
47
51
65
68
60
53
59
57
39
45
66
58
39
32
33
46
46
19
17
40
34
5
-5
2
15
23
14
0
-5
-3
11
29
28
27
35
37
34
30
28
34
36
30
33
28
5
-9
-9
-10
-5
0
-7
-9
-4
-1
2
2
-3
-3
5
1
-26
-38
-19
-10
-20
-10
1
1
17
38
38
30
22
28
28
6
8
26
9
-15
-4
10
4
-5
-3
3
3
-1
11
22
9
1
12
15
3
10
29
35
22
-4
-15
-5
2
-1
-11
-17
-5
9
1
-1
19
34
34
32
28
25
43
59
41
21
24
21
15
26
36
30
36
49
39
36
47
51
57
62
53
58
77
84
105
144
188
242
291
331
377
400
394
388
372
360
366
349
285
225
190
149
111
90
67
41
37
36
29
31
20
-4
-6
-3
-28
-52
-40
-21
-24
-29
-24
-27
-29
-27
-27
-24
-27
-40
-44
-50
-72
-77
-59
-33
-21
-35
-47
-35
-25
-36
-39
-32
-39
-61
-64
-57
-65
-52
-26
-51
-78
-42
-13
-31
-46
-33
-17
-38
-70
-61
-41
-52
-61
-55
-51
-33
-26
-31
-15
-11
-18
-6
-7
-26
-30
-34
-42
-38
-23
-15
-18
-16
-5
-27
-48
-22
-12
-33
-19
5
-3
-13
-2
8
6
4
6
3
-19
-37
-30
-23
-35
-31
-14
-19
-32
-33
-32
-31
-26
-25
-24
-25
-25
-17
-18
-22
-24
-33
-19
0
-19
-35
-9
8
-2
0
3
12
30
35
27
28
31
19
-2
-2
25
34
12
3
6
2
14
35
33
28
36
37
31
30
37
38
31
33
29
15
17
30
22
9
7
3
-4
-5
-1
-1
-2
-7
-23
-33
-32
-29
-24
-21
-28
-24
2
8
-26
-44
-15
1
-23
-40
-19
-4
-11
-5
-2
-25
-35
-13
-9
-29
-30
-22
-28
-32
-20
-27
-46
-27
4
8
-7
-20
-31
-31
-31
-50
-52
-32
-20
-9
5
-5
-25
-27
-27
-30
-33
-38
-25
4
11
-4
-1
6
-6
-13
-10
-4
-1
-2
14
36
25
9
32
42
15
18
30
3
7
38
13
-22
-5
4
-2
24
41
16
2
27
47
26
-1
12
33
18
-8
-9
8
15
-2
-19
-10
7
11
5
-2
2
7
0
-3
2
-1
-9
-5
6
-5
-21
-20
-24
-32
-28
-26
-33
-25
-30
-52
-43
-25
-32
-38
-32
-19
-2
-3
-16
-9
0
-2
-3
-12
-16
-1
6
-1
-3
0
0
-4
-17
-33
-24
-3
1
-4
3
7
1
-4
-5
-5
-4
-6
-5
-1
-3
-3
1
3
-7
-21
-22
-22
-23
-5
9
-5
-12
-4
-8
-9
1
12
22
23
8
-5
0
-4
-20
-16
0
7
5
1
-1
-3
-10
-14
-1
-1
-13
3
26
31
22
15
15
23
28
35
28
4
8
34
31
25
51
53
34
45
49
30
32
41
27
25
44
38
15
14
25
13
-7
-4
6
0
-6
-6
5
21
19
5
1
-7
-8
16
22
-2
-5
10
5
0
3
-14
-25
-12
-7
-30
-43
-17
8
0
-2
24
26
0
-8
-7
-9
-2
7
4
-1
2
2
-2
11
36
43
38
33
32
33
38
31
12
14
31
23
22
37
20
0
18
33
21
9
5
5
6
-2
-11
-9
1
-8
-24
-13
6
17
18
1
-7
11
19
8
7
8
-1
5
28
36
28
25
22
18
21
14
-1
4
18
13
0
-1
2
2
-1
3
13
20
26
33
35
41
53
48
34
31
17
-12
-7
15
8
6
30
35
26
29
31
17
7
7
12
13
13
16
12
-4
-11
2
12
2
0
2
-2
-7
-9
6
29
33
28
32
27
16
26
23
3
12
29
11
-6
2
7
16
28
12
1
13
12
7
26
41
34
32
31
24
24
24
22
24
27
28
25
31
51
64
61
65
68
55
49
47
31
23
40
54
53
56
62
55
37
26
35
41
30
25
23
6
-6
-6
-7
-4
4
-5
-10
13
25
25
37
36
27
62
118
148
194
257
280
280
298
321
306
263
254
247
182
107
91
91
65
50
59
53
32
30
30
8
-2
-1
-9
-7
2
-2
-9
0
4
-15
-29
-25
-28
-30
-22
-44
-70
-65
-56
-46
-35
-35
-39
-35
-34
-38
-33
-23
-19
-26
-20
-7
-3
0
-9
-27
-33
-34
-30
-24
-29
-27
-20
-19
-18
-26
-38
-36
-32
-41
-40
-17
-10
-28
-38
-30
-21
-5
4
-16
-31
-29
-26
-17
-6
5
6
-18
-41
-38
-32
-35
-30
-28
-29
-25
-26
-15
-4
-20
-35
-37
-50
-47
-9
1
-18
-12
6
-2
-25
-34
-38
-37
-21
-3
12
23
23
9
-6
-4
10
4
-30
-41
-25
-26
-37
-37
-20
0
4
-2
-8
-16
-26
-27
-13
-4
-3
2
2
-13
-10
-1
-21
-34
-31
-26
-2
16
7
3
10
-1
-2
6
-8
-15
-4
-1
-2
4
-6
-15
-10
-8
-10
-11
-22
-27
-21
-15
-18
-24
-27
-22
-11
0
2
-14
-18
-8
-16
-24
-8
6
3
3
3
1
4
-3
0
16
16
0
-3
-1
-9
-2
12
9
7
22
37
29
9
-5
-6
1
1
-10
-29
-34
-37
-32
-9
-5
-23
-19
-3
-2
0
3
1
-1
-13
-24
-12
4
-7
-27
-27
-27
-36
-37
-30
-34
-39
-31
-11
5
3
6
9
-8
-17
-9
-23
-43
-38
-29
-31
-22
-11
5
6
-16
-13
14
14
0
-2
-20
-32
-26
-26
-19
-7
-9
-8
-6
-3
18
30
16
17
35
36
13
-1
-2
-5
-2
10
8
2
7
1
3
20
21
5
-2
3
8
-1
-7
8
6
-9
14
42
27
7
8
3
-2
8
21
23
9
-1
0
-12
-22
-11
0
14
25
7
-5
6
0
0
27
33
16
13
25
33
34
35
38
33
27
29
34
27
18
25
37
38
30
25
23
15
8
12
13
10
22
35
32
33
36
26
35
53
41
11
-1
-2
-5
-5
0
3
5
7
8
3
1
2
1
6
-4
-18
-20
-17
-15
-22
-33
-19
3
5
15
29
13
2
6
-5
-9
-11
-30
-27
-3
3
-10
-24
-28
-13
2
-3
-7
0
16
20
5
-6
-3
4
-2
-15
-14
5
2
-23
-18
3
1
-10
-5
1
-2
-11
-15
-4
-3
-13
-12
-6
-3
2
7
12
21
25
26
27
16
-3
-11
-6
0
-2
-11
-12
-5
6
14
18
23
16
6
15
34
26
9
18
30
22
21
24
6
4
30
26
9
19
24
9
5
5
-2
-3
6
5
-2
-2
0
-6
-6
3
0
-7
8
24
8
-3
12
19
10
11
11
7
6
-8
-25
-10
21
34
33
35
31
30
40
26
-2
6
32
35
26
8
-4
16
27
9
12
30
30
34
38
8
-9
29
57
42
30
31
33
37
34
28
33
38
37
36
33
24
14
6
1
-9
-5
16
20
0
-6
3
3
1
18
34
27
5
-2
17
25
7
-7
2
11
16
20
9
3
12
18
19
22
27
24
18
16
27
31
24
23
25
37
54
47
32
32
32
28
30
24
8
-3
-7
-10
-11
-6
0
16
35
28
7
-5
1
20
26
15
19
34
38
28
9
-3
-3
-7
-5
12
28
35
25
11
25
41
33
37
58
65
71
97
133
180
250
312
338
356
380
406
422
398
356
339
304
213
158
147
100
47
42
45
19
-2
-5
1
2
-17
-24
-6
-6
-28
-34
-38
-58
-62
-52
-59
-69
-61
-56
-63
-63
-66
-74
-72
-66
-56
-35
-33
-52
-43
-29
-47
-63
-48
-16
-2
-13
-23
-27
-33
-20
-8
-24
-33
-28
-37
-45
-38
-42
-51
-46
-42
-42
-34
-26
-28
-24
-15
-18
-18
-12
-29
-54
-48
-32
-34
-30
-16
-18
-30
-30
-25
-30
-36
-33
-38
-54
-59
-58
-53
-39
-29
-34
-29
-16
-17
-22
-25
-34
-39
-36
-38
-48
-59
-63
-54
-44
-52
-57
-41
-22
-18
-35
-38
-15
0
0
2
1
-17
-27
-27
-37
-54
-62
-62
-64
-47
-21
-22
-34
-24
-12
-8
-5
-10
-13
-4
2
4
5
-7
-13
-13
-16
-20
-37
-56
-34
-8
-16
-18
-5
-6
-6
2
2
5
27
32
9
-8
-9
-14
-24
-20
-7
4
7
-5
-14
-8
-4
-3
18
27
9
-4
2
12
12
14
24
17
-6
-6
-1
-12
-7
0
-22
-32
-9
7
-16
-33
-7
11
-20
-45
-33
-28
-36
-36
-32
-37
-54
-55
-35
-22
-27
-39
-44
-35
-27
-30
-33
-36
-36
-28
-35
-39
-15
3
-1
-7
-11
-5
-5
-25
-31
-10
7
6
-2
-13
-18
-23
-30
-25
-24
-36
-44
-24
3
-7
-18
-2
3
-3
7
14
10
1
-20
-30
-20
-25
-35
-18
0
3
2
-13
-34
-35
-30
-38
-25
6
5
-27
-40
-26
-26
-33
-16
9
8
-6
-10
1
-1
-17
-14
8
3
-10
16
34
15
9
26
25
8
4
4
5
6
3
-2
-2
4
0
-5
-3
0
0
1
-1
-2
10
16
19
35
47
36
24
29
24
0
-2
28
42
35
35
18
-7
-5
5
7
7
3
-4
6
18
13
6
4
1
-4
-1
5
5
4
-3
-3
7
11
5
0
7
13
0
-18
-25
-31
-39
-34
-24
-31
-39
-35
-29
-33
-39
-37
-29
-13
-7
-3
18
29
17
13
18
9
1
-4
-23
-29
-25
-32
-38
-31
-28
-16
22
28
3
6
12
-5
-1
9
-12
-13
16
12
-18
-15
7
2
-4
4
2
0
7
6
-1
1
3
-1
-2
-1
-1
0
2
2
8
13
8
-8
-18
-5
7
-9
-18
-3
3
-2
2
0
-9
-4
10
-7
-30
-15
9
4
4
6
-16
-39
-39
-16
3
-2
-11
-12
-8
-15
-24
-16
0
3
-2
-4
-5
1
8
3
-2
-2
5
6
2
4
3
1
9
22
25
14
0
9
17
2
2
13
-1
-9
4
6
11
24
14
-4
-5
6
-7
-30
-18
3
-4
-8
10
7
-15
-28
-24
-18
-22
-30
-34
-19
-5
-17
-33
-33
-26
-26
-17
-5
0
-2
-13
-15
-14
-2
21
23
1
-4
10
6
0
5
-3
-6
-2
0
8
10
4
7
10
-1
-7
0
3
-6
-7
14
33
48
73
106
114
96
90
90
63
39
55
65
55
60
54
34
26
33
30
18
19
25
30
22
4
1
1
-6
2
6
-21
-29
-4
3
-14
-27
-35
-46
-59
-64
-60
-60
-62
-54
-34
-10
0
5
15
12
0
-8
-18
-29
-32
-32
-19
3
-3
-10
4
9
-3
-3
1
0
3
2
-5
7
30
23
4
-3
1
17
27
27
24
17
8
8
8
1
-6
-10
-7
1
1
-3
-3
-10
-26
-21
-1
1
-2
6
7
1
-1
-5
-12
-13
0
0
-8
7
23
12
-3
-1
1
-3
1
20
28
17
19
43
49
36
30
29
23
25
32
18
5
11
9
1
5
23
27
16
4
4
4
-6
-8
-3
-3
-9
-8
0
8
0
-12
4
35
38
27
39
46
36
30
33
28
20
21
23
27
25
3
-10
-1
2
-2
-4
-13
-12
1
-1
-7
3
15
20
18
5
-5
11
27
10
-7
-9
-6
10
24
11
-7
1
14
9
3
7
5
3
6
4
1
-7
-18
-14
-7
-5
8
10
10
26
27
6
4
23
12
-25
-38
-31
-29
-40
-37
-31
-32
-27
-15
-22
-39
-27
-4
-2
-25
-36
-6
16
5
-10
-18
-22
-23
-24
-16
-8
-17
-11
5
-5
-10
-1
-5
-1
10
5
-1
-1
-2
-2
3
4
-2
-5
-3
7
13
8
6
18
19
0
-12
2
14
12
11
10
0
1
0
-8
8
26
12
-2
8
10
5
15
8
-7
18
54
48
26
20
15
13
17
16
16
24
31
36
36
34
34
25
9
14
36
42
33
27
32
38
31
30
48
58
42
30
43
55
54
61
56
29
15
36
52
42
39
61
70
63
68
61
38
27
19
10
9
1
-13
-10
8
24
24
11
-1
1
4
1
12
31
37
34
35
32
20
13
12
10
-1
-8
-1
14
11
-5
-6
7
7
2
2
4
19
28
28
21
9
5
6
10
26
31
11
5
27
30
10
-2
-2
8
23
26
24
32
31
10
0
0
-1
2
7
4
3
16
31
24
2
-4
-1
-2
0
4
-3
10
37
33
30
56
65
44
37
36
30
32
34
26
29
32
8
-7
11
17
5
0
-1
9
27
28
22
26
27
24
22
24
31
23
4
13
36
36
34
35
31
36
49
41
19
14
28
37
11
-27
-13
3
-29
-31
12
17
8
36
29
-7
2
18
2
-3
-1
-16
-16
4
5
-1
3
2
-2
-2
-1
-10
-19
-14
-5
-3
-4
6
24
37
40
34
31
31
18
4
6
9
7
16
33
27
13
18
29
26
18
17
20
31
37
31
32
38
27
19
34
36
12
-2
4
16
26
30
29
23
25
36
32
19
12
8
0
3
16
23
27
30
37
33
30
25
7
9
31
37
26
16
16
27
33
30
33
32
27
22
15
13
32
59
60
40
32
37
38
30
28
47
59
38
35
56
45
21
27
33
14
-1
-1
1
-4
1
13
10
-1
-1
4
2
0
2
2
6
20
29
28
25
17
-5
-10
1
-8
-16
0
11
7
4
3
-4
-12
-15
-10
-4
-8
-2
3
5
14
6
4
15
8
6
32
31
0
-2
-2
-13
-2
3
-14
-12
11
-6
-39
-25
-7
-23
-28
-7
-1
-2
15
28
17
1
0
8
12
10
9
4
-6
-5
-3
-5
-2
0
-4
-2
2
-5
-1
12
19
1
-26
-19
6
3
-9
8
29
36
28
10
8
13
3
-8
-4
2
5
0
-6
2
-7
-31
-39
-31
-21
-10
-3
-4
-1
6
10
6
-7
-6
-4
-2
42
95
127
195
269
277
290
333
324
296
290
276
251
198
141
147
162
111
51
17
-4
-5
-14
-35
-36
-27
-31
-35
-26
-34
-61
-52
-26
-46
-76
-69
-60
-58
-60
-72
-50
-23
-54
-91
-77
-70
-88
-81
-54
-40
-47
-51
-43
-57
-72
-60
-66
-89
-67
-52
-70
-50
-28
-55
-67
-54
-56
-64
-66
-65
-63
-66
-60
-69
-97
-78
-35
-48
-72
-62
-49
-49
-60
-69
-60
-57
-74
-81
-79
-72
-65
-62
-53
-41
-45
-54
-51
-52
-64
-67
-54
-43
-44
-48
-40
-35
-41
-43
-47
-45
-35
-40
-50
-39
-28
-36
-34
-24
-21
-29
-30
-16
-21
-38
-34
-21
-21
-30
-32
-20
-30
-61
-56
-33
-34
-29
-21
-25
-13
-4
-13
-8
9
-10
-27
-11
-14
-27
-11
-1
-24
-25
-18
-34
-29
-2
6
-3
-5
1
16
25
24
35
25
5
9
9
-17
-30
-20
-3
4
2
10
18
18
31
36
20
20
42
66
77
69
69
90
104
105
116
128
124
124
120
99
87
103
115
107
110
120
109
105
121
125
114
130
154
155
160
173
177
177
183
180
172
185
208
211
213
236
274
338
403
392
350
347
334
301
297
281
246
245
257
242
228
232
244
245
227
207
209
216
202
186
182
168
156
155
140
126
122
106
83
75
74
75
67
40
23
13
-15
-13
12
-3
-23
-1
-9
-52
-45
-23
-45
-67
-63
-54
-48
-37
-23
-33
-53
-51
-39
-51
-69
-66
-74
-92
-90
-73
-71
-79
-76
-67
-63
-76
-92
-88
-90
-115
-125
-102
-91
-107
-114
-83
-57
-68
-81
-73
-65
-65
-63
-64
-65
-62
-62
-67
-63
-47
-28
-11
-1
-3
-22
-36
-24
-6
-16
-32
-34
-42
-40
-24
-29
-46
-59
-64
-64
-71
-89
-93
-87
-86
-90
-99
-108
-104
-81
-54
-49
-57
-63
-66
-63
-58
-62
-66
-56
-47
-48
-47
-48
-48
-43
-38
-42
-53
-65
-60
-42
-43
-58
-62
-65
-71
-74
-78
-77
-75
-75
-63
-56
-61
-48
-34
-49
-59
-54
-66
-82
-80
-58
-41
-48
-52
-39
-34
-46
-50
-39
-30
-31
-41
-35
-23
-26
-33
-34
-33
-36
-36
-28
-17
-24
-38
-42
-50
-67
-70
-50
-25
-8
-2
6
-1
-20
-28
-20
-11
-16
-25
-13
-2
-16
-30
-26
-31
-41
-38
-35
-42
-41
-31
-29
-34
-37
-32
-20
-17
-14
-8
-7
-2
3
-1
-8
-3
0
-1
0
10
18
11
-3
-12
-8
-8
-2
12
9
-3
4
8
1
-4
-12
-13
-9
-19
-34
-36
-36
-31
-9
12
11
-1
-10
-19
-25
-29
-30
-30
-27
-14
-2
-11
-15
-10
-21
-32
-19
-15
-20
-16
-12
-6
-10
-17
-3
11
6
-4
-5
-3
0
4
8
3
-11
-12
-4
1
-6
-23
-24
-7
5
-2
-26
-34
-28
-33
-22
4
-4
-18
-17
-21
-13
5
3
-10
-23
-36
-30
-22
-30
-28
-20
-27
-42
-32
-17
-23
-16
2
-15
-33
-16
-1
-9
-18
-27
-34
-26
-10
1
4
0
-2
-3
1
5
3
-4
-12
-6
4
1
-5
0
4
4
2
-13
-29
-27
-20
-20
-10
3
0
-7
2
11
4
-2
7
14
6
-3
0
4
-12
-33
-27
-23
-35
-24
3
7
1
3
2
-1
-7
-19
-26
-34
-36
-22
-12
-29
-56
-55
-40
-32
-26
-24
-20
-8
-3
-3
13
30
36
35
20
-1
-3
8
8
32
78
116
146
193
254
294
306
309
313
321
333
328
294
278
259
214
180
152
97
57
54
39
8
-3
2
-2
-8
-15
-41
-64
-58
-52
-60
-60
-57
-63
-62
-64
-79
-87
-92
-98
-75
-55
-78
-94
-81
-83
-90
-74
-62
-60
-61
-70
-60
-41
-48
-55
-45
-52
-69
-66
-55
-55
-55
-52
-56
-64
-66
-77
-101
-106
-96
-94
-97
-96
-93
-92
-92
-86
-86
-98
-98
-82
-88
-108
-99
-67
-56
-63
-60
-53
-66
-78
-68
-58
-60
-72
-82
-95
-99
-89
-77
-76
-77
-67
-61
-62
-45
-27
-42
-63
-67
-82
-86
-63
-57
-60
-42
-32
-39
-38
-44
-62
-54
-29
-30
-45
-37
-30
-52
-70
-70
-66
-62
-70
-86
-92
-100
-110
-99
-86
-92
-86
-66
-60
-79
-94
-76
-55
-60
-64
-57
-60
-64
-67
-75
-66
-52
-55
-64
-56
-39
-42
-47
-38
-41
-66
-65
-43
-40
-59
-88
-93
-72
-62
-62
-59
-67
-82
-86
-81
-77
-76
-66
-49
-56
-63
-40
-26
-50
-67
-46
-37
-54
-61
-55
-54
-62
-62
-45
-33
-54
-70
-60
-69
-84
-79
-72
-73
-64
-55
-54
-50
-55
-64
-68
-82
-93
-88
-92
-99
-79
-60
-62
-60
-60
-61
-45
-39
-62
-69
-46
-40
-49
-46
-45
-51
-43
-36
-45
-40
-27
-29
-34
-48
-60
-50
-41
-48
-35
-9
-13
-19
-7
-14
-33
-33
-30
-35
-23
-4
4
4
-2
-4
-2
-10
-17
-17
-14
-15
-20
-28
-26
-16
-17
-30
-26
-13
-21
-25
-3
4
5
23
19
3
12
12
-7
-3
18
23
24
19
5
3
8
3
-5
-1
11
25
27
28
34
22
7
22
39
24
3
16
38
35
28
28
12
-4
2
1
-2
6
4
0
17
46
27
-27
-17
30
20
-8
-1
1
-10
-10
-11
-2
4
-11
-29
-35
-26
-11
-3
-19
-24
-10
-17
-36
-26
-15
-26
-26
-20
-24
-10
1
-15
-19
1
3
0
4
1
-11
-15
-7
-4
-22
-32
-23
-24
-27
-24
-20
-22
-27
-25
-8
3
-5
-6
6
4
-10
-12
-7
-10
-11
-3
-2
-15
-36
-38
-18
-11
-24
-32
-15
8
2
-8
2
-3
-19
-14
-5
-6
3
17
25
26
32
53
55
31
23
29
21
16
14
7
13
16
9
18
31
24
18
26
24
8
-9
-7
-2
-10
-18
-12
1
8
5
-4
-2
19
35
33
27
24
25
24
16
5
5
7
1
-3
1
3
6
20
27
34
50
50
33
29
34
18
7
22
31
31
35
35
27
32
40
35
31
30
31
44
49
25
14
46
55
30
42
66
56
48
49
45
53
66
70
81
90
89
78
62
59
65
59
60
68
56
48
63
71
63
57
55
52
37
26
44
64
59
57
64
64
66
65
56
46
48
51
45
36
34
38
45
42
40
41
39
45
61
63
53
44
37
34
36
35
19
13
21
11
11
28
32
26
33
30
29
41
32
24
39
47
36
27
25
19
18
11
-2
-3
-1
-5
-8
-3
12
28
31
28
25
23
25
28
22
32
54
64
64
53
34
28
36
36
40
56
60
54
55
58
57
58
63
53
30
28
50
62
60
59
62
61
51
39
31
25
24
31
38
32
22
9
-2
5
18
36
42
30
33
61
82
107
157
199
240
293
318
328
339
329
316
322
291
228
188
150
99
66
64
63
45
20
2
-4
-3
-2
-7
-10
-13
-30
-35
-25
-33
-55
-61
-52
-55
-64
-51
-27
-27
-33
-28
-37
-45
-43
-51
-51
-32
-22
-38
-57
-51
-35
-43
-48
-27
-20
-27
-23
-23
-26
-26
-30
-28
-19
-18
-16
-8
2
10
14
18
26
24
13
6
-1
-3
-1
-7
-7
1
2
2
12
25
31
32
35
41
26
7
11
13
2
4
7
0
10
22
19
19
14
-5
-8
9
12
3
1
5
7
4
-2
0
20
32
27
22
19
8
-5
11
31
15
-6
-2
1
-8
-7
4
17
15
11
20
18
5
3
5
1
2
-9
-9
19
37
27
19
24
20
19
26
28
40
50
41
24
16
8
6
17
27
33
30
23
27
30
24
16
18
21
12
-2
-4
2
4
2
3
13
13
-12
-31
-31
-26
-14
-2
-3
-4
1
-1
6
4
-24
-28
1
9
-3
-4
-4
-4
4
6
10
20
26
22
21
31
33
11
-4
13
26
16
17
17
1
-2
6
5
4
-12
-28
-19
-17
-24
-9
5
1
0
-4
-8
1
9
3
-7
-21
-24
-22
-25
-19
-4
-2
-1
11
15
2
-2
0
3
13
29
29
24
26
29
28
24
31
46
45
30
21
38
54
33
17
47
73
60
42
31
27
35
30
16
17
29
20
4
14
29
32
28
10
-3
6
19
20
15
16
14
6
-1
-1
13
30
36
31
31
26
13
13
14
4
-4
-2
10
12
1
12
35
33
20
22
33
27
4
-9
-2
1
1
8
6
2
0
3
8
9
6
2
-1
-7
-12
-10
-6
-9
-2
14
14
9
20
22
1
-9
1
-4
-19
-15
-12
-20
-12
4
0
-4
7
10
-3
-7
0
3
0
3
11
23
33
25
8
2
1
0
1
4
9
22
26
27
35
38
35
35
36
38
39
33
27
26
23
20
22
24
18
23
20
2
9
36
30
14
27
34
20
20
30
31
29
26
28
48
62
60
59
50
45
55
58
49
53
52
41
37
35
38
46
55
59
42
25
36
63
68
48
44
50
46
38
39
32
32
45
39
29
24
14
22
32
13
-1
23
39
30
19
27
35
24
14
15
22
22
10
8
24
32
27
32
42
43
39
37
36
34
46
65
66
59
63
68
55
36
40
65
80
71
57
62
71
58
47
47
41
40
40
32
34
42
38
37
42
37
27
25
22
12
4
4
15
28
23
3
1
6
-11
-18
-4
-3
-11
-12
-13
-12
-3
5
-2
-10
12
40
32
15
8
-2
4
25
32
19
14
17
8
4
20
31
30
31
28
25
30
35
37
33
30
31
35
37
33
27
23
22
22
27
33
31
30
30
18
3
-3
-5
9
26
19
15
25
12
-4
4
18
16
13
15
15
7
-4
-6
-11
-13
-10
-15
-13
6
5
-16
-14
-12
-20
-12
1
-2
-7
0
4
-6
-13
-10
-8
-10
0
17
26
31
34
36
32
24
29
31
15
-5
0
23
28
20
26
36
25
17
19
8
10
30
31
20
27
40
51
69
73
59
68
88
76
62
61
41
26
34
34
29
34
51
71
65
61
91
105
100
116
132
120
104
87
61
38
35
23
-3
-10
4
-5
-33
-33
-9
2
-9
-11
-8
-20
-32
-32
-28
-32
-41
-44
-35
-30
-36
-31
-19
-18
-27
-40
-43
-47
-43
-17
9
0
-24
-27
-24
-30
-38
-38
-32
-29
-35
-39
-19
6
11
11
17
20
11
-5
-6
0
-4
-1
5
3
10
10
-5
-6
-1
-6
9
30
26
21
37
46
42
50
64
56
34
44
73
69
45
43
51
55
58
49
31
29
45
46
32
26
31
30
23
22
24
28
37
55
66
52
42
58
79
77
61
48
49
55
42
23
37
57
45
32
35
27
20
28
35
26
11
0
-2
-5
-9
-2
1
-1
2
-7
-28
-29
-10
0
-5
-6
-4
2
19
31
14
0
21
35
13
-4
1
2
-3
-4
-6
-7
-2
9
23
31
30
25
22
17
13
16
22
27
26
32
45
49
43
32
24
25
29
24
11
5
19
35
31
28
33
24
8
5
9
4
-5
-8
0
10
20
29
28
26
33
37
32
40
52
47
35
31
31
27
17
10
15
23
29
26
15
23
36
31
26
30
29
18
6
-10
-20
-19
-4
16
25
10
-1
16
29
20
9
9
23
30
21
29
46
37
21
22
27
28
30
24
6
3
19
28
32
30
11
-5
-3
4
6
9
4
0
4
4
5
5
5
9
25
33
17
8
11
3
-1
-7
-21
-32
-32
-22
-6
-8
-18
-6
4
1
0
1
6
7
-4
-5
2
2
-2
-4
-1
3
-4
-24
-34
-28
-23
-32
-32
-10
0
-16
-31
-20
-1
-5
-12
-2
9
2
-5
-2
-1
-2
2
2
-11
-13
-2
-3
-10
-1
-1
-7
15
42
40
19
16
22
12
0
-7
-22
-23
-2
6
-4
-16
-32
-33
-34
-43
-33
-19
-17
-11
6
24
22
5
2
12
4
-7
2
8
0
-4
5
15
19
13
2
-1
-10
-15
-3
-7
-32
-38
-25
-21
-28
-25
-12
-16
-31
-32
-28
-33
-35
-38
-42
-35
-29
-30
-24
-17
-22
-30
-24
-11
-4
-5
-10
-12
-12
-20
-36
-42
-36
-43
-57
-54
-33
-19
-27
-28
-13
-16
-33
-33
-22
-30
-34
-17
-4
3
8
8
2
0
5
6
5
4
3
-4
-4
-4
-19
-36
-34
-32
-35
-21
-5
-4
0
2
-19
-39
-35
-25
-14
-8
-20
-26
-15
-2
3
-5
-15
-8
5
3
-3
-3
-4
-5
2
2
1
13
13
-1
3
7
-3
-7
1
2
-16
-27
-13
-5
-25
-41
-26
-6
-2
1
3
-2
-4
-3
-21
-35
-22
-6
2
9
8
2
0
0
1
5
4
-2
-1
12
21
8
1
8
-8
-36
-40
-23
-14
-17
-15
1
1
-11
-5
-2
-6
-6
-6
-4
-1
-5
-4
-2
-17
-20
-6
-2
-6
-5
3
5
1
8
14
2
-2
4
-2
-5
-11
-29
-30
-30
-41
-35
-22
-26
-33
-34
-35
-36
-34
-29
-35
-40
-25
-21
-24
-8
-5
-30
-31
-22
-24
-9
5
-1
-5
-1
-2
-6
-14
-32
-31
-6
11
4
0
5
3
-1
2
11
27
39
39
29
23
26
30
35
32
25
36
61
68
83
152
225
270
339
414
430
432
454
436
383
351
310
250
210
172
127
109
117
102
71
54
31
-2
-7
15
13
-3
4
-3
-31
-32
-22
-36
-38
-21
-17
-26
-35
-29
-16
-16
-22
-24
-19
-6
-5
-20
-29
-33
-41
-38
-31
-25
-22
-27
-32
-31
-29
-25
-23
-30
-31
-17
-20
-37
-17
12
-2
-28
-30
-34
-37
-30
-31
-34
-35
-36
-41
-36
-22
-16
-27
-28
-17
-23
-34
-24
-23
-35
-23
4
3
-8
-2
-4
-24
-36
-24
-7
-4
-2
-7
-26
-37
-29
-28
-43
-32
-15
-18
-16
-13
-28
-44
-50
-53
-39
-29
-36
-28
-15
-19
-34
-42
-38
-26
-38
-64
-55
-28
-25
-35
-32
-26
-27
-26
-13
11
4
-24
-23
-10
-19
-30
-18
-4
-14
-28
-26
-24
-36
-40
-33
-26
-28
-35
-34
-29
-31
-33
-38
-46
-42
-34
-38
-38
-26
-31
-52
-53
-39
-45
-61
-62
-59
-64
-79
-88
-88
-94
-85
-68
-70
-82
-79
-79
-83
-71
-61
-60
-63
-65
-63
-64
-60
-54
-55
-64
-64
-60
-57
-50
-36
-26
-28
-33
-26
-11
-7
-6
4
4
-21
-35
-26
-23
-21
-8
-2
-7
-22
-33
-20
-13
-29
-38
-35
-31
-22
-18
-26
-22
-8
2
4
9
9
-2
4
20
15
-3
-7
2
8
4
0
6
5
0
8
9
0
-4
-5
-3
0
0
4
-3
-19
-7
10
2
10
31
25
-3
-27
-20
7
-13
-29
17
36
11
18
34
22
9
0
-4
-10
-27
-30
-25
-34
-33
-14
0
3
5
2
-13
-20
-7
3
-2
5
14
8
-1
3
9
6
5
6
3
0
-1
-1
-2
5
11
2
-1
17
21
2
-4
0
4
16
17
-3
-8
0
-7
-15
-11
-9
-5
3
4
-5
-6
-2
10
31
32
13
4
-4
-30
-25
11
13
12
23
9
6
34
38
30
25
3
1
22
25
15
16
27
31
26
26
34
27
23
30
31
24
18
8
-3
3
12
12
13
5
-5
0
5
1
10
16
10
13
16
5
2
18
33
32
24
14
7
8
6
3
11
9
-5
-4
5
0
-1
7
18
25
19
19
28
30
24
27
31
23
19
27
33
27
27
38
37
20
14
19
10
-13
-24
-19
-12
-9
-11
-8
-5
-20
-30
-16
-4
-12
-5
-2
-19
-17
-6
-15
-23
-23
-34
-37
-30
-32
-20
4
5
-2
3
4
5
17
18
5
12
30
23
-2
-2
18
16
7
16
27
23
11
0
-5
-3
-6
-7
2
17
22
21
40
57
61
57
39
14
5
6
1
1
0
3
11
0
-24
-28
-24
-29
-25
-20
-32
-33
-18
-11
-15
-10
13
21
2
7
33
22
-3
5
12
0
-4
-4
-5
-5
1
9
20
32
33
27
31
31
9
-9
3
27
37
29
28
32
25
24
39
32
9
12
29
32
27
25
26
17
2
5
10
-9
-8
17
15
3
11
7
-9
-6
5
-1
-7
3
1
-27
-28
-2
-4
-17
-15
-10
-7
-4
-7
10
32
28
21
29
29
26
35
33
12
-3
-1
-1
-15
-28
-10
13
14
14
15
5
-5
-5
15
36
35
44
65
50
29
34
23
11
32
48
39
33
40
41
33
31
30
13
-2
6
20
34
30
4
1
27
40
32
26
24
29
36
22
20
50
67
45
28
33
34
42
56
60
67
84
106
150
205
243
287
348
391
412
421
416
396
370
345
307
244
194
178
147
108
94
71
29
3
-3
-3
5
5
-5
0
8
-8
-30
-39
-38
-38
-38
-27
-13
-9
-13
-13
-18
-29
-35
-28
-13
-8
-13
-14
-24
-35
-18
-4
-10
3
0
-35
-34
-6
-7
-10
7
7
-14
-26
-22
-24
-37
-38
-42
-43
-41
-53
-50
-32
-31
-36
-38
-54
-64
-54
-51
-52
-54
-53
-45
-40
-36
-34
-34
-29
-29
-31
-34
-34
-26
-19
-24
-27
-21
-28
-35
-30
-34
-26
-8
1
6
5
9
29
38
32
38
33
22
32
32
19
13
10
-2
-18
-16
-3
3
-6
-17
-30
-40
-28
-8
-4
-6
-2
-3
-5
-2
-14
-31
-32
-31
-30
-26
-18
-5
-6
-20
-11
5
7
16
17
-3
-5
4
-2
-10
-6
-2
-8
-19
-27
-33
-36
-34
-32
-29
-28
-33
-40
-32
-21
-22
-21
-7
5
-3
-11
-6
-10
-27
-36
-31
-37
-52
-51
-37
-26
-12
5
6
0
4
3
-16
-27
-29
-34
-34
-32
-31
-42
-56
-51
-32
-30
-34
-16
-2
-3
0
8
-1
-21
-25
-35
-56
-65
-56
-45
-41
-21
-7
-14
-17
5
11
-8
-6
9
12
5
10
17
9
-1
-2
0
-1
-2
-3
0
1
-6
0
22
29
27
31
22
-2
2
30
33
10
4
18
14
2
3
-5
-5
17
20
-1
-5
0
-11
-16
-10
-7
-2
8
10
-2
-8
-1
-1
-2
3
-1
-26
-42
-24
3
15
13
17
21
25
31
22
8
3
1
-2
11
27
28
27
15
-3
-8
-1
13
19
9
2
6
5
2
15
31
26
16
23
33
17
-20
-42
-21
6
0
8
41
28
-6
9
40
31
10
-2
-20
-40
-40
-29
-18
-10
-6
-6
-1
7
6
-8
-24
-33
-37
-38
-31
-32
-36
-34
-32
-31
-30
-37
-41
-36
-34
-29
-20
-9
6
15
13
10
6
15
26
9
-5
6
4
-8
-6
-2
-2
-1
-1
1
2
0
2
2
-2
-5
-2
2
-4
-3
18
30
28
29
15
-5
-2
5
-2
-7
-9
-3
10
15
17
28
31
18
10
15
15
5
-6
-10
-7
-2
1
11
15
9
16
29
33
28
14
0
-4
-2
-5
-8
13
34
32
32
32
15
10
28
28
10
-4
0
16
13
-3
-2
12
19
13
14
30
29
10
10
14
3
-2
-9
-22
-13
5
3
2
3
-1
-3
-2
-5
-6
3
3
-2
11
25
22
22
26
22
22
32
43
57
65
57
43
31
32
31
12
-2
7
17
20
28
35
33
26
6
-19
-21
-14
-15
-8
-3
-4
-1
1
-2
9
24
33
29
8
-6
-3
-5
-19
-27
-29
-22
-12
-1
23
41
40
46
60
53
32
24
22
16
18
24
34
39
36
28
17
6
-3
-7
-3
19
28
4
6
36
36
20
27
39
31
29
45
53
47
52
61
46
28
33
48
50
32
23
41
48
37
37
36
31
47
70
58
35
32
35
34
31
35
34
32
34
30
29
35
32
17
14
25
31
32
33
28
28
34
23
22
46
53
35
30
32
28
35
37
16
9
24
30
24
32
48
55
58
61
60
59
60
67
117
194
241
281
329
344
348
362
346
325
322
294
270
260
229
192
175
155
123
90
63
61
60
36
23
29
30
23
17
-3
-30
-36
-32
-41
-54
-55
-53
-47
-31
-29
-43
-47
-48
-63
-70
-62
-52
-44
-29
-6
3
-15
-32
-31
-29
-32
-37
-31
-15
-14
-17
-6
0
-1
-1
-5
-3
5
-1
-4
2
3
0
1
6
7
2
3
1
-19
-39
-36
-22
-8
-3
-16
-30
-20
-6
-19
-34
-33
-37
-41
-30
-30
-42
-31
-24
-30
-10
4
-23
-41
-32
-28
-17
1
3
13
31
25
16
27
30
12
4
19
29
21
17
31
28
8
12
21
5
-5
1
5
8
8
4
5
2
-11
-13
-5
-13
-28
-34
-34
-32
-29
-36
-38
-29
-27
-31
-26
-18
-31
-33
-8
14
8
-11
-32
-35
-9
0
-25
-32
-13
-15
-24
-6
5
0
4
4
-1
-6
-20
-20
1
10
1
4
12
9
4
-1
-15
-22
-6
7
-2
-4
5
6
-3
-8
-1
1
6
17
15
-5
-14
-12
-18
-21
-11
1
-1
-6
0
4
5
-2
-14
-34
-38
-18
-7
-9
-1
7
-2
2
0
-26
-23
2
7
5
3
2
15
30
28
29
36
24
3
-1
5
3
-1
1
-2
-4
6
16
10
-10
-28
-27
-4
12
5
3
6
5
11
21
31
35
31
28
30
31
29
32
31
33
44
45
30
18
12
5
2
3
10
26
36
21
8
16
17
6
5
7
0
5
5
-5
-2
1
-3
-4
-2
0
-2
-4
-1
-7
-19
-7
3
-17
-21
-7
-18
-32
-23
-17
-17
-7
2
-2
-2
9
13
8
11
9
4
12
6
-11
-11
-8
-9
-1
5
-2
-2
-2
-1
-1
-5
-7
-5
2
3
3
15
21
20
22
15
7
9
8
-2
-8
-23
-38
-25
-1
-5
-19
-15
10
22
10
-4
-1
6
-1
-8
-5
0
-4
-4
9
3
0
20
20
13
30
23
-11
-17
-5
-4
-4
-6
-5
-2
-2
1
10
6
-5
0
-5
-28
-38
-32
-30
-28
-35
-45
-31
-7
15
41
38
6
-9
-3
-3
-11
-11
-3
-4
-16
-7
2
-10
-19
-31
-43
-26
-16
-42
-56
-49
-49
-41
-24
-36
-58
-55
-45
-51
-66
-61
-40
-28
-28
-29
-27
-36
-39
-35
-39
-38
-30
-24
-24
-20
-26
-32
-14
7
4
-16
-25
-26
-32
-41
-42
-22
0
1
-10
-5
2
-6
-4
2
-8
-16
-9
-7
-13
-13
-17
-27
-30
-30
-29
-26
-30
-37
-22
1
-2
2
23
17
-1
15
33
28
28
38
23
2
5
9
-2
-4
-2
-4
-5
-18
-24
-4
2
2
24
36
28
32
33
18
12
15
11
3
2
-6
-3
22
33
30
27
15
-1
-3
-4
-5
-1
-9
-18
-4
18
26
25
30
37
37
32
29
32
33
29
27
26
25
30
32
32
35
26
15
11
12
21
31
27
21
27
28
13
0
-3
-11
-27
-25
-27
-40
-22
-7
-18
-19
-4
-1
5
8
-13
-17
-6
-22
-46
-46
-31
-19
0
21
29
23
24
33
21
4
4
1
-14
-26
-30
-21
-6
-1
-8
-9
7
26
31
24
33
56
64
58
58
61
60
62
58
41
36
35
22
15
19
22
21
15
7
1
-2
-1
-1
-1
19
28
6
7
30
30
39
63
58
69
121
154
181
226
261
291
323
338
350
350
304
271
279
258
205
189
183
142
106
88
56
19
19
28
9
-8
2
9
-2
1
1
-6
-7
-11
-12
-15
-28
-34
-35
-56
-72
-65
-59
-42
-23
-26
-24
-22
-32
-37
-27
-24
-27
-27
-30
-32
-29
-28
-29
-34
-40
-36
-30
-45
-65
-64
-50
-39
-33
-32
-36
-48
-61
-60
-51
-52
-61
-62
-59
-64
-53
-30
-27
-38
-39
-32
-28
-32
-36
-24
-6
-2
-8
-8
-11
-21
-28
-28
-33
-33
-26
-35
-47
-35
-29
-52
-66
-60
-58
-60
-61
-70
-66
-46
-33
-21
1
12
0
-7
7
1
-25
-31
-24
-23
-27
-30
-34
-36
-34
-25
-26
-39
-24
5
1
-11
-2
-3
-22
-32
-31
-34
-33
-37
-47
-46
-34
-29
-29
-19
-1
22
34
32
34
33
32
40
43
31
31
34
31
30
21
14
13
2
-6
13
21
8
22
31
5
-11
0
0
-4
5
3
0
11
16
5
6
25
27
6
-4
-7
-24
-25
-3
6
3
9
9
0
1
4
-5
-10
0
5
-3
-5
-1
2
5
4
7
9
-8
-19
-11
-6
-3
3
3
-2
1
8
4
1
5
8
0
0
3
-7
-14
-12
-9
-2
11
18
9
-1
-2
-1
-3
7
25
31
33
34
34
41
38
25
24
25
24
27
29
24
22
26
28
20
20
23
14
17
31
36
31
20
16
21
23
20
16
4
4
9
6
16
16
0
-6
-3
9
24
29
26
36
37
21
17
22
16
6
6
0
5
29
35
29
34
35
24
10
-1
1
23
37
31
25
19
12
14
9
-3
18
36
12
-10
5
17
18
28
27
11
12
29
24
0
-13
-3
14
4
-11
4
25
29
29
27
19
25
35
24
18
23
7
-11
3
18
7
-6
-3
2
6
15
27
28
32
44
47
33
27
43
48
32
28
36
31
32
46
44
36
38
32
14
-3
-7
0
6
0
3
16
27
29
23
10
1
2
0
2
13
13
-3
-4
17
29
17
4
1
6
10
-10
-36
-24
9
22
13
3
-4
-5
-1
1
1
-7
-2
15
32
33
21
8
2
0
-5
-8
0
11
4
-5
17
42
26
2
1
4
7
15
14
6
21
42
46
40
40
43
38
25
16
11
5
15
28
12
-3
-3
-8
-2
13
5
-2
3
0
3
12
13
14
16
5
0
2
-11
-27
-13
7
-3
-22
-24
-24
-28
-22
-21
-27
-23
-18
-18
-8
5
2
-2
-6
-23
-19
4
-2
-23
-26
-24
-20
1
10
7
11
7
-3
-2
1
0
0
8
13
15
26
45
32
2
-4
-3
-19
-34
-17
9
8
-9
-7
-2
-5
2
3
0
8
13
-3
-8
11
18
9
0
-3
-5
-6
2
3
-6
6
37
43
30
29
32
28
24
25
29
35
25
4
11
33
21
14
22
10
9
30
26
18
26
11
-13
3
29
24
18
47
75
61
39
40
42
41
42
34
25
23
23
27
36
38
36
25
21
23
5
-2
8
7
13
32
37
29
16
-3
13
43
37
20
25
36
37
34
33
20
6
13
20
17
14
10
-9
-23
-11
0
-7
-3
22
54
81
113
156
207
249
279
296
279
268
277
269
238
219
215
194
155
114
96
91
60
31
23
-1
-34
-37
-32
-33
-37
-52
-63
-57
-63
-78
-73
-69
-84
-95
-83
-84
-99
-82
-57
-57
-55
-53
-62
-58
-41
-36
-32
-22
-15
-7
-10
-25
-37
-38
-33
-37
-53
-57
-56
-63
-53
-32
-32
-44
-54
-63
-63
-62
-61
-52
-43
-42
-44
-40
-36
-33
-33
-36
-29
-30
-42
-47
-50
-57
-44
-27
-42
-55
-38
-29
-35
-34
-23
-30
-59
-65
-38
-21
-13
-2
-19
-35
-17
-13
-32
-34
-33
-35
-32
-31
-28
-11
1
1
1
-1
-7
-13
-14
-8
-9
-18
-20
-10
-7
-14
-18
-15
-4
-3
-6
2
-6
-27
-33
-28
-33
-37
-39
-52
-66
-68
-70
-85
-87
-56
-32
-35
-39
-28
-23
-27
-31
-33
-29
-30
-33
-16
-9
-21
-11
9
0
-6
8
7
-5
-5
-1
-1
3
20
36
29
4
2
15
12
1
-8
-15
-7
8
4
2
13
8
3
16
-5
-34
-2
34
25
17
14
8
1
-21
-26
-9
-9
-14
-22
-39
-39
-29
-20
-1
6
-5
-5
2
15
27
23
15
6
4
10
12
0
-2
13
13
-1
0
15
13
4
1
-13
-19
-5
-5
-26
-27
-9
-2
5
22
40
45
42
35
32
29
21
12
-1
-5
2
5
1
1
7
5
2
1
-3
-2
2
3
4
6
1
-6
-3
-7
-19
-16
-3
-1
-2
-7
-13
-10
-1
8
14
3
-2
13
15
-4
1
17
14
1
-9
0
14
10
0
-5
-26
-36
-21
-20
-18
3
7
11
27
28
20
19
7
-4
-3
-4
-2
15
27
17
17
41
53
36
28
41
45
32
20
20
16
2
-5
2
6
-2
-3
-1
-12
-16
-5
-3
-7
-3
4
5
6
6
5
4
10
15
18
25
29
26
25
22
15
5
-2
1
3
-3
1
6
3
1
4
6
-4
-16
-11
-5
-7
8
34
35
25
25
30
37
24
1
6
22
12
-4
1
2
-1
13
23
19
23
35
37
28
20
7
-2
-2
0
-3
-7
-1
6
3
-4
1
7
-5
-25
-32
-36
-39
-38
-29
-26
-35
-29
-6
11
0
-20
-20
5
21
13
13
5
-24
-29
-12
-18
-40
-39
-29
-31
-28
-21
-23
-16
-9
-22
-28
-18
-22
-36
-30
-20
-25
-37
-35
-26
-24
-25
-23
-22
-28
-31
-25
-16
-15
-24
-40
-44
-36
-43
-48
-34
-31
-41
-33
-26
-25
-13
-3
0
8
10
4
2
5
-1
-23
-40
-35
-27
-26
-8
22
33
27
11
-13
-19
-4
0
-5
1
5
4
5
0
-9
-18
-17
-7
1
16
33
39
40
36
-2
-49
-60
-59
-56
-26
12
16
6
-1
-8
-3
5
3
25
63
61
28
29
38
-6
-55
-56
-34
-16
-3
2
2
0
-9
-17
-24
-25
-10
-4
-5
17
33
14
-9
-21
-34
-38
-16
1
0
14
30
14
-7
-2
1
-3
1
5
3
3
17
26
12
-1
-4
-7
-1
3
0
3
4
7
22
33
31
29
26
23
29
34
27
26
28
17
5
7
-2
-27
-40
-31
-11
3
-4
-10
14
34
29
46
75
64
53
66
55
27
16
17
11
-1
-6
1
2
-12
2
31
31
34
69
102
137
186
220
244
279
297
294
298
301
283
269
285
268
200
153
129
85
52
52
44
21
10
2
-22
-36
-27
-26
-36
-46
-56
-58
-60
-67
-66
-56
-59
-64
-59
-67
-78
-73
-66
-65
-59
-58
-67
-66
-58
-50
-44
-36
-30
-43
-63
-66
-58
-62
-67
-52
-33
-34
-39
-38
-43
-40
-28
-24
-29
-43
-62
-63
-51
-38
-26
-30
-37
-22
-7
-19
-34
-30
-28
-34
-29
-24
-35
-42
-35
-34
-40
-33
-14
-2
-4
-7
-5
7
22
15
-1
1
5
-1
-2
3
2
-3
-1
17
27
24
27
31
19
0
-5
-2
4
14
20
19
19
16
8
8
-2
-25
-35
-24
-16
-24
-41
-36
-16
-11
-20
-34
-50
-59
-70
-79
-62
-34
-36
-38
-12
4
1
8
18
18
28
36
32
23
14
10
9
-2
-4
1
-2
2
-5
-25
-20
3
10
9
11
10
5
0
15
32
19
9
29
33
18
18
13
-2
7
17
8
10
25
30
30
26
12
-2
1
8
-13
-36
-16
6
-2
-7
-1
5
6
9
16
27
18
2
10
26
28
30
37
32
12
-10
-22
-23
-19
-22
-19
0
15
16
16
18
11
1
0
-6
-9
-5
-6
-10
9
31
17
5
15
18
1
1
28
36
10
-6
2
5
-4
-3
0
-12
-30
-31
-24
-30
-35
-26
-11
-5
5
13
11
16
20
4
3
17
8
-2
1
-1
10
27
24
23
27
13
-3
-5
0
14
26
24
32
44
29
22
38
40
28
24
24
18
10
7
24
35
12
1
18
16
2
-4
-4
12
29
11
-6
5
17
27
22
2
9
36
33
25
25
16
7
10
9
6
8
5
4
10
10
0
-4
3
2
-3
-6
-2
3
2
2
-1
-2
3
-4
-12
-9
-12
-18
-9
-3
-5
-3
-3
-2
2
2
2
1
6
-1
-13
6
27
21
19
35
40
27
7
-5
2
6
1
4
1
-15
-15
-6
-18
-37
-23
0
6
7
-2
-11
11
27
8
8
35
37
26
30
33
31
30
30
20
9
3
-20
-38
-22
-4
4
19
20
0
-3
9
16
6
-9
-2
9
4
12
32
23
10
22
20
1
-3
1
-3
-2
-5
-6
13
28
28
26
37
29
7
10
12
1
-2
-7
-17
-11
-4
-9
-8
-3
2
14
11
5
18
22
10
9
18
12
-2
3
7
-11
-31
-22
2
10
5
1
4
8
-7
-18
-11
-20
-38
-36
-23
-26
-35
-31
-29
-37
-28
-5
0
0
2
3
15
34
35
28
29
32
36
25
7
-10
-20
-14
-5
-9
-10
-6
1
12
8
-8
-16
-18
-12
2
3
0
4
2
6
23
33
39
42
32
25
37
29
4
5
12
9
15
19
8
0
-2
-1
-4
-20
-26
-16
-9
-5
8
11
1
10
35
32
11
17
33
31
27
23
19
26
53
73
63
42
36
32
15
13
29
31
25
31
47
63
64
54
50
46
32
35
49
48
29
12
17
26
16
1
-2
-7
-26
-47
-54
-37
-14
-3
3
5
-7
-11
-8
-20
-33
-30
-41
-67
-85
-82
-43
15
43
32
23
31
24
7
-4
-17
-31
-30
-27
-32
-24
-11
-5
-6
-12
-25
-33
-15
5
5
10
26
31
31
34
27
25
32
36
39
44
38
22
14
18
36
30
-6
-1
41
67
89
133
182
214
229
248
288
295
268
275
295
287
277
282
277
257
223
191
169
129
80
54
39
11
-13
-7
9
2
-17
-11
2
5
-1
-24
-53
-69
-78
-86
-88
-85
-88
-96
-99
-96
-82
-67
-59
-51
-54
-63
-50
-23
-10
-15
-26
-30
-26
-25
-32
-28
-12
0
1
-11
-31
-35
-26
-29
-24
5
4
-24
-33
-25
-36
-61
-71
-71
-62
-43
-31
-15
-7
-23
-27
-2
-1
-24
-26
-15
-4
6
7
7
11
10
3
-6
-27
-37
-22
-5
-7
-4
5
0
4
29
33
26
30
20
-2
1
5
-3
-2
1
-4
-8
-5
-4
-2
0
-9
-12
-2
0
-4
2
5
-1
-10
-25
-30
-17
-5
8
7
-15
-10
23
25
4
2
7
7
9
0
-10
-5
0
-12
-18
-2
5
-1
-1
-2
-4
2
5
1
5
10
3
-7
-9
-9
-7
-1
-1
-8
-5
0
-3
-5
2
15
16
12
15
3
-27
-28
0
3
-14
-1
28
30
31
48
49
24
10
7
-2
-3
3
5
1
-7
-8
-2
1
-5
-3
-1
-4
7
27
32
30
27
25
29
28
10
-6
-1
17
30
30
27
26
27
32
27
11
16
34
35
29
31
31
29
29
30
29
25
24
15
-2
-7
3
5
4
8
5
7
17
18
21
33
24
-1
-4
3
-2
-3
-1
-5
-16
-26
-24
-6
16
26
18
-2
1
33
35
6
-2
12
10
-1
0
5
4
-5
-8
0
2
-4
-6
0
0
-11
-26
-27
-20
-15
-20
-30
-22
1
0
-11
-2
6
0
-3
-1
-1
-3
0
1
-4
4
15
12
3
-3
-5
-1
0
-1
-5
-13
-11
-2
-1
0
2
-2
10
25
17
15
36
37
14
-1
1
0
-13
-14
-10
-18
-11
-5
-23
-23
-1
6
6
10
16
30
32
14
0
1
11
24
32
30
16
-2
-7
19
34
23
40
61
47
32
25
14
21
24
17
22
16
-1
-3
2
2
6
4
-9
-30
-34
-7
-2
-18
-9
-4
-27
-39
-34
-40
-36
-24
-28
-31
-16
-4
-14
-29
-33
-35
-39
-31
-25
-23
-13
7
23
21
15
26
35
23
14
25
32
30
30
23
18
26
28
24
28
16
3
11
17
18
26
29
24
12
-1
7
31
17
-19
2
49
47
26
35
37
33
47
48
30
27
37
40
34
26
28
35
37
40
38
41
58
71
62
55
61
62
60
58
54
43
38
48
60
59
52
50
57
67
58
37
38
56
50
34
41
50
44
34
31
40
57
56
39
37
31
19
27
40
41
36
36
41
44
34
24
24
26
29
31
28
26
34
37
20
-1
-7
-12
-19
-16
-14
-14
-8
-10
-24
-23
-7
-4
0
6
-7
-15
-2
3
2
5
-3
-3
5
6
11
16
3
-7
1
-8
-19
-6
3
-2
2
9
1
-1
3
-6
-4
16
25
17
14
5
-6
13
26
11
18
33
13
-6
0
4
-3
-8
-4
2
4
14
31
9
-31
-26
3
8
-2
-10
-15
-11
-1
3
3
-2
-2
-3
-8
-1
13
21
19
7
-1
-1
0
13
31
30
26
31
29
46
89
136
190
240
256
275
330
356
340
331
330
312
270
227
189
151
120
110
97
57
31
21
3
-10
0
5
-5
0
1
-20
-31
-26
-39
-56
-53
-45
-37
-30
-29
-31
-36
-38
-17
-3
-24
-29
-9
-1
3
-1
-25
-38
-27
-24
-42
-55
-65
-66
-50
-32
-28
-29
-26
-27
-29
-28
-17
-3
-11
-27
-28
-26
-30
-30
-32
-29
-19
-22
-37
-30
-15
-29
-39
-29
-25
-19
-5
-1
0
0
1
12
15
11
23
32
18
3
3
-7
-25
-27
-44
-86
-81
-48
-57
-68
-42
-18
-24
-35
-29
-31
-56
-60
-43
-48
-59
-54
-56
-63
-64
-59
-55
-68
-64
-15
15
2
-3
-1
-16
-30
-26
-18
-21
-18
-8
-7
-6
8
11
-4
3
19
20
20
0
-40
-31
25
47
53
70
49
22
23
14
-2
-1
5
4
-5
-24
-45
-47
-37
-27
-20
-13
-8
-11
-11
-7
-13
-29
-37
-41
-55
-62
-58
-66
-67
-49
-47
-62
-53
-27
-2
19
14
1
20
37
13
-22
-20
0
-7
-31
-33
-25
-35
-32
-13
-15
-24
-7
5
-2
-2
2
2
2
7
21
18
4
3
0
-10
-2
8
-9
-25
-16
0
1
-2
5
9
4
2
-4
-10
-12
-20
-28
-18
-1
-5
-15
-9
-2
-2
-1
3
3
1
1
3
-1
-7
-3
8
6
5
22
35
32
23
11
4
3
3
0
-1
3
19
33
29
26
33
35
25
16
7
-5
-11
-8
-2
4
0
3
10
7
16
27
9
-11
-1
-2
-16
-10
5
13
14
6
-4
-5
-11
-30
-33
-21
-24
-25
-10
-4
-3
8
9
7
28
38
12
-6
9
22
10
4
6
-5
-22
-26
-20
-9
7
15
8
5
9
6
3
6
1
-18
-31
-27
-14
-3
-2
6
25
30
27
32
28
8
-1
5
4
0
-2
-1
2
-1
2
15
11
-5
-5
-2
-20
-30
-14
4
4
-6
-4
1
-5
-6
-2
-2
-7
-3
18
36
31
33
53
45
23
28
31
28
36
38
26
14
2
-7
5
23
28
25
24
33
44
27
0
12
33
17
-4
14
38
36
30
39
47
34
30
33
23
19
20
20
19
12
3
4
3
2
9
6
7
25
31
25
24
21
10
2
2
9
19
19
6
2
5
-2
-6
-1
-13
-27
-11
2
-18
-26
-4
8
5
5
0
-1
12
28
29
10
4
21
24
18
28
37
32
34
36
23
9
12
23
27
29
28
26
23
21
26
31
32
33
31
30
32
36
31
29
31
20
14
21
16
-4
1
24
26
18
20
20
3
-1
18
29
18
3
0
0
2
6
-13
-22
-5
-9
-26
-10
4
-6
7
30
15
-1
11
22
9
-1
5
3
-3
12
34
23
1
10
24
16
8
6
0
-6
-13
-18
-12
-23
-31
-14
-13
-32
-30
-19
-28
-33
-22
-8
0
-2
-3
8
15
4
-4
5
6
2
6
1
-4
11
26
27
29
34
29
22
27
33
37
35
25
14
7
9
12
5
0
1
0
-5
-8
-7
-2
-5
-10
-6
2
6
4
1
1
4
-3
-8
-5
-6
-6
-7
-1
-3
-18
-26
-20
-11
4
19
12
0
0
0
3
4
-2
4
13
12
10
13
23
24
6
-6
-5
0
1
-15
-25
-18
-24
-26
-13
-21
-33
-13
3
-5
-7
-3
-6
-8
12
31
28
32
51
74
114
176
211
221
247
279
289
278
264
251
224
193
167
130
79
33
10
1
-15
-31
-26
-22
-35
-38
-30
-40
-56
-49
-35
-50
-76
-89
-92
-78
-65
-74
-84
-77
-67
-53
-44
-55
-67
-62
-46
-31
-32
-31
-21
-19
-31
-30
-16
-12
-20
-27
-29
-32
-33
-31
-29
-30
-37
-38
-32
-27
-18
-6
-4
-10
-4
-2
-13
-10
-1
-14
-25
-9
-8
-28
-34
-37
-45
-45
-37
-22
-5
-8
-18
-7
5
2
0
-4
-10
-8
-5
-8
-5
1
-8
-18
-9
0
6
11
2
1
21
32
30
33
28
8
-3
-6
-3
14
29
29
26
35
35
31
40
45
33
20
18
11
1
-6
-6
-6
-15
-14
-2
4
-7
-24
-40
-32
-10
-19
-30
-11
-1
-30
-40
-26
-38
-47
-23
-11
-30
-39
-36
-36
-33
-24
-18
-26
-32
-19
-10
-13
-5
-7
-24
-34
-26
-20
-23
-17
-1
1
-3
1
3
-1
-11
-30
-37
-31
-25
-31
-40
-30
-23
-31
-13
16
13
-4
-11
-7
-12
-22
-10
-4
-28
-33
-4
-8
-32
-33
-28
-42
-42
-18
-15
-17
-2
4
-5
-8
-2
-3
-14
-24
-25
-31
-40
-32
-25
-31
-33
-26
-24
-30
-32
-32
-33
-28
-35
-54
-63
-50
-40
-43
-39
-42
-51
-42
-24
-25
-30
-24
-25
-33
-29
-32
-54
-56
-26
-13
-28
-35
-33
-39
-54
-61
-45
-28
-24
-23
-23
-31
-39
-35
-27
-23
-28
-27
-23
-26
-35
-40
-34
-23
-26
-31
-14
4
8
0
-19
-18
2
2
-8
-1
-3
-12
-9
-2
-3
-10
-15
-8
-10
-20
-11
9
12
4
-2
-5
10
30
26
11
7
11
3
-6
2
8
-4
-9
-1
7
13
21
30
30
25
30
26
14
14
15
4
0
1
3
12
19
26
32
29
31
38
36
36
30
10
-10
-19
-26
-31
-21
-2
18
35
36
23
18
34
36
30
30
18
9
22
27
23
22
8
5
27
31
24
30
24
6
-1
5
7
7
15
21
18
22
34
25
-1
-6
2
0
4
28
42
35
26
27
28
30
45
63
62
48
40
31
22
10
-2
15
33
19
-1
1
3
6
15
12
18
38
31
4
-6
-1
5
18
26
22
25
31
12
-6
-3
-3
-8
-5
-7
-23
-28
-24
-22
-20
-18
-14
-7
0
3
1
16
26
10
-9
-6
2
-1
0
-2
-11
-27
-32
-11
8
4
-4
-11
-14
10
28
10
7
28
35
32
35
35
26
17
21
33
20
-3
3
20
22
20
22
16
17
28
20
-2
-6
0
2
2
1
3
5
3
4
-1
-5
-5
-20
-23
-1
6
-2
5
6
4
9
4
-3
0
9
28
31
8
3
14
9
0
5
5
-17
-28
-5
15
6
-9
-8
-7
-18
-30
-29
-29
-36
-25
-6
0
13
33
37
37
37
22
20
38
34
23
24
24
27
37
40
25
7
14
31
30
24
31
28
9
-3
-7
-6
-6
-3
12
30
30
22
30
32
17
4
6
14
24
27
17
2
-7
-10
-20
-34
-38
-37
-29
-15
-3
10
22
25
19
3
-6
13
36
34
29
24
7
1
12
14
14
24
31
26
35
53
50
34
26
30
36
24
4
5
8
-1
0
2
-3
15
35
19
15
38
47
86
175
261
326
373
399
425
425
384
368
361
302
234
199
176
149
127
112
90
67
49
40
35
34
34
37
47
55
58
67
66
43
30
32
20
18
31
34
43
37
-1
-6
13
-13
-51
-53
-52
-67
-64
-64
-73
-71
-68
-90
-109
-99
-103
-125
-115
-83
-90
-115
-101
-90
-111
-124
-121
-123
-126
-120
-119
-125
-117
-91
-81
-93
-90
-66
-56
-62
-52
-60
-94
-84
-48
-56
-65
-53
-56
-47
-27
-26
-23
-18
-26
-28
-26
-32
-36
-33
-27
-8
-5
-22
-19
-6
-8
-8
7
1
-22
-31
-32
-31
-28
-18
-19
-34
-28
-12
-6
-13
-20
-24
-26
-25
-21
-26
-35
-29
-21
-33
-46
-39
-28
-31
-34
-24
-19
-29
-28
-28
-51
-60
-40
-42
-59
-45
-21
-20
-25
-20
-5
8
-2
-16
-13
-17
-31
-31
-5
11
4
-15
-25
-15
-10
-27
-35
-29
-36
-34
-12
-9
-28
-30
-10
-8
-17
-10
-12
-25
-34
-33
-22
-5
1
-11
-29
-28
-5
-7
-23
-16
-15
-28
-28
-26
-27
-20
-23
-36
-37
-36
-33
-30
-30
-30
-31
-32
-28
-25
-31
-33
-31
-27
-27
-38
-39
-27
-22
-21
-6
1
-12
-12
4
-1
-22
-17
1
0
2
7
4
16
29
14
0
3
3
4
-8
-22
-18
-18
-17
4
-1
-28
-33
-30
-41
-38
-15
-4
-18
-29
-33
-38
-30
-35
-54
-45
-29
-45
-60
-50
-43
-40
-37
-50
-63
-53
-38
-30
-12
1
-4
-7
0
4
-6
-25
-36
-35
-37
-39
-24
-3
1
-2
4
6
-1
1
7
1
-11
-12
-2
6
15
24
27
26
32
30
25
27
28
24
28
32
24
26
36
36
25
30
38
22
12
18
15
15
29
28
21
28
21
11
26
28
-8
-37
-33
-27
-32
-38
-23
-2
4
13
29
30
31
41
39
36
35
26
26
23
15
40
61
39
23
31
32
32
31
25
31
25
4
3
21
26
28
43
40
14
1
1
3
14
11
-5
7
29
25
16
19
24
26
26
27
32
27
7
-2
1
-5
-10
-3
4
4
-6
-13
-11
-10
-14
-10
-2
5
20
29
28
28
34
38
31
27
29
24
14
15
29
39
28
13
21
38
34
20
20
28
35
35
23
13
23
37
31
27
31
35
36
28
18
21
30
29
22
27
28
21
22
38
49
53
58
50
31
29
36
30
25
34
32
33
57
57
29
33
58
52
38
41
38
31
28
21
26
35
32
24
29
31
28
33
30
9
-3
15
31
17
10
26
35
31
32
28
18
19
27
29
27
23
25
30
30
22
17
20
27
31
33
33
31
31
35
37
29
14
0
-12
-15
-4
1
-3
-9
-15
-11
1
3
10
30
35
31
31
28
27
28
27
29
32
29
31
36
34
31
22
19
28
35
26
20
30
26
6
-10
-18
-30
-35
-26
-26
-30
-17
3
1
-6
5
1
-17
-12
-10
-14
-10
-15
-18
-1
4
-5
-2
0
-8
2
12
15
9
4
17
22
8
-2
2
5
4
3
-6
-5
2
0
-9
-17
-6
12
9
-10
-17
-16
-23
-30
-31
-32
-33
-33
-29
-29
-39
-31
-2
-8
-28
-16
-2
32
101
133
138
178
204
188
192
194
170
166
162
117
77
80
67
34
32
28
2
-10
-26
-59
-55
-23
-20
-33
-33
-28
-25
-30
-48
-72
-80
-61
-51
-58
-50
-48
-63
-64
-61
-73
-67
-49
-56
-65
-61
-61
-61
-58
-57
-46
-26
-27
-29
-17
-14
-34
-56
-62
-58
-54
-56
-63
-63
-62
-64
-55
-37
-25
-17
-17
-24
-18
-3
-8
-29
-34
-30
-46
-52
-37
-44
-65
-55
-33
-30
-34
-26
-17
-21
-24
-28
-29
-20
-23
-24
-2
-3
-29
-24
0
1
3
2
-11
-9
1
0
2
0
-9
4
20
14
17
33
28
18
17
53
14
-89
-66
29
-7
-89
-44
-20
-16
-8
-9
62
108
62
16
46
39
4
43
21
-27
-6
42
33
21
58
45
42
37
9
-11
-12
-16
-19
-12
-5
-4
5
8
11
12
15
5
4
21
25
13
18
24
6
-3
1
-11
-21
-9
-1
1
7
23
26
33
28
10
-2
10
18
16
22
19
19
26
25
7
-1
-8
-12
-14
-7
-2
-10
-20
3
22
18
19
35
44
37
29
26
36
45
32
4
18
50
43
20
23
46
29
-8
50
75
29
6
52
43
21
32
39
50
46
53
61
54
39
33
34
22
13
29
36
20
16
26
29
28
29
24
27
38
41
48
59
50
35
31
30
26
33
40
38
30
27
31
32
32
29
17
0
2
21
29
34
36
6
-1
40
48
17
25
41
20
14
36
48
44
45
40
27
22
27
37
47
48
38
32
41
56
63
59
48
37
34
24
10
6
1
-6
11
38
46
40
35
37
34
29
33
19
6
19
25
10
7
8
-2
-7
-19
-38
-38
-32
-36
-43
-44
-39
-30
-19
-6
-1
-7
-5
2
-4
-4
3
-9
-10
16
23
-5
-25
-29
-33
-31
-31
-34
-29
-15
-6
-5
-2
2
5
6
-1
2
19
29
30
32
31
21
16
10
6
9
14
11
6
17
36
40
29
14
11
12
4
-5
1
6
1
3
10
17
29
37
36
32
33
34
30
32
23
9
10
10
3
14
40
45
44
47
40
30
37
49
36
21
26
21
12
24
28
20
20
9
-2
3
-2
-20
-23
-15
-7
0
2
3
-3
-8
-5
-14
-33
-34
-21
-16
-18
-28
-33
-15
6
-5
-18
-3
7
-1
0
3
-3
-16
-22
-15
-4
6
16
13
-4
-2
15
18
19
28
26
22
37
40
23
32
51
43
34
46
63
55
35
41
57
54
56
56
39
36
49
44
31
30
36
32
27
31
23
11
19
25
20
26
24
6
0
0
-11
-4
17
11
-7
-7
-1
17
33
24
18
32
44
46
44
38
38
20
-2
8
16
12
26
42
39
35
27
8
2
1
-6
-5
0
-1
8
34
26
1
15
39
34
26
31
33
31
33
36
22
4
20
39
26
18
23
16
14
31
38
30
25
28
25
9
-2
1
1
-4
-5
-7
-6
-3
-7
2
22
29
32
28
12
12
28
33
34
30
25
33
30
9
4
19
33
29
6
-8
-8
-2
3
4
3
4
9
20
33
38
33
35
29
2
-8
14
16
-5
0
2
-18
-19
-1
2
-1
2
3
8
23
31
34
33
23
8
3
2
-5
-1
10
14
8
28
70
92
118
166
207
227
248
266
266
250
238
239
219
178
150
130
101
69
52
56
55
40
23
4
-5
-16
-34
-33
-33
-51
-61
-46
-32
-39
-54
-58
-53
-59
-64
-61
-64
-61
-45
-40
-54
-64
-56
-42
-35
-36
-30
-23
-28
-38
-46
-60
-57
-40
-39
-42
-35
-27
-30
-30
-16
-10
-27
-39
-26
-21
-34
-38
-35
-37
-42
-37
-31
-32
-23
-11
-15
-23
-28
-31
-25
-27
-52
-66
-46
-35
-35
-15
-8
-31
-26
2
-9
-35
-31
-27
-31
-20
-4
-4
-11
-2
2
-15
-31
-26
-19
-24
-21
-13
-7
-6
-9
-21
-31
-18
-6
-5
-9
-4
3
-1
0
11
10
3
21
36
32
27
17
15
21
7
-6
1
2
-2
0
1
-2
-16
-31
-31
-24
-10
7
-5
-34
-39
-30
-30
-29
-23
-18
-19
-17
-16
-23
-20
-1
-4
-25
-25
-22
-30
-27
-18
-22
-31
-23
-11
-16
-30
-30
-28
-34
-20
4
0
-17
-2
6
-24
-27
-29
-74
-68
-1
16
-11
-11
-2
-2
-6
-13
-2
3
-3
-7
-18
-19
-7
1
13
29
32
26
26
32
42
36
23
24
29
31
17
4
13
16
-3
-7
0
-5
7
24
13
-6
-4
22
33
6
-11
14
34
28
26
30
24
16
20
15
0
12
25
11
4
12
9
20
44
41
40
66
71
56
63
65
36
27
44
46
46
55
46
30
31
26
21
37
48
35
33
44
42
30
22
22
28
38
51
56
48
35
22
14
16
36
56
54
45
50
54
39
31
46
62
53
30
25
38
49
47
42
43
32
16
11
9
13
32
37
27
25
29
30
31
27
40
57
43
25
29
29
14
11
20
25
29
35
35
34
33
25
5
-9
-10
-13
-8
0
4
9
31
50
40
26
30
34
23
17
19
11
3
3
5
1
-3
-2
4
4
-5
-1
21
31
21
25
36
23
13
32
39
27
41
62
47
28
33
37
35
35
37
41
38
25
23
31
37
46
51
38
21
10
-8
-28
-32
-31
-37
-35
-21
-27
-40
-17
13
14
0
-7
-10
-3
3
-11
-16
-1
9
7
9
9
9
11
6
6
9
-1
-8
-1
6
-2
-3
0
3
0
-1
2
0
-2
-3
-3
9
25
27
23
33
34
8
-6
9
17
16
22
24
17
10
2
-1
-2
-8
-7
3
6
3
-2
1
5
1
6
14
4
-10
-3
6
-3
-8
5
24
30
28
22
7
-7
-4
2
0
7
12
-1
1
14
7
-7
-2
3
-2
-3
-7
-26
-35
-35
-30
-17
-7
-16
-26
-18
-14
-10
-2
2
3
-2
-5
-1
2
-9
-9
8
5
1
5
-5
-13
-19
-22
5
47
63
73
72
49
42
42
33
33
33
23
24
27
10
-10
2
22
15
7
8
3
0
-5
-16
-17
-15
-16
-5
15
2
-58
-78
-33
-20
-46
-44
-39
-45
-29
-18
-21
-21
-22
-25
-39
-54
-55
-64
-83
-80
-60
-45
-29
-19
-31
-39
-17
4
2
4
3
-17
-20
-4
-7
-7
3
-8
-16
-2
-4
-12
0
4
-18
-32
-10
-1
-27
-25
0
-4
-4
11
9
-3
-4
7
18
6
-3
6
-4
-19
-13
-3
-4
-4
15
32
34
37
63
106
132
140
169
214
221
212
239
268
265
238
227
244
225
188
191
179
127
113
119
82
42
30
28
28
27
21
9
0
-1
2
-6
-16
-16
-29
-38
-32
-60
-85
-29
49
90
143
213
272
333
378
404
431
457
457
421
388
368
335
305
301
293
266
251
250
246
248
237
225
229
223
211
183
146
175
248
263
240
237
232
236
249
246
242
232
216
207
192
169
172
190
189
183
183
192
192
158
118
106
87
43
8
-27
-78
-111
-127
-153
-195
-225
-222
-232
-262
-269
-271
-284
-271
-244
-252
-275
-269
-259
-272
-279
-255
-233
-219
-198
-217
-242
-218
-212
-248
-259
-240
-243
-256
-256
-247
-233
-236
-242
-232
-216
-211
-203
-192
-188
-171
-154
-167
-179
-173
-175
-186
-191
-188
-191
-205
-200
-179
-191
-214
-204
-186
-176
-164
-154
-155
-148
-130
-118
-121
-126
-115
-110
-116
-107
-102
-103
-104
-108
-121
-119
-105
-105
-104
-93
-92
-91
-85
-84
-93
-97
-101
-100
-93
-95
-94
-89
-82
-68
-64
-79
-91
-90
-78
-66
-64
-65
-67
-89
-101
-79
-67
-84
-95
-92
-90
-93
-91
-76
-60
-61
-67
-63
-62
-72
-81
-84
-91
-86
-67
-60
-50
-28
-23
-30
-35
-55
-70
-55
-36
-32
-33
-35
-36
-36
-41
-55
-61
-49
-32
-26
-35
-34
-26
-24
-17
-14
-16
-9
-12
-30
-26
-4
2
-12
-28
-34
-32
-34
-28
-15
-13
-17
-6
-2
-10
-15
-23
-28
-19
-14
-18
-11
1
5
6
-2
-8
2
4
-1
4
12
5
2
22
35
33
30
29
32
32
26
23
24
33
51
55
46
52
47
29
41
59
50
50
61
55
47
51
55
51
39
30
30
33
29
25
33
29
26
46
45
7
20
65
48
21
39
45
19
0
-5
-6
-5
2
13
24
30
35
39
45
43
39
47
49
49
47
30
17
29
37
26
29
29
11
4
8
9
17
35
31
11
0
2
4
-4
-5
15
32
30
33
39
36
29
13
-7
-4
5
2
1
5
11
13
12
14
11
-2
-6
2
8
2
-4
2
6
-3
-5
1
2
0
-11
-28
-35
-31
-28
-35
-36
-16
1
5
-3
-24
-34
-27
-29
-36
-33
-36
-39
-33
-18
-10
-19
-32
-33
-26
-19
-18
-20
-12
7
22
29
26
29
31
24
21
22
24
30
30
26
31
35
30
29
27
21
20
37
59
51
34
37
39
32
35
34
19
15
15
2
-2
27
49
37
29
38
39
29
29
34
36
35
30
38
55
63
64
58
49
38
32
41
52
41
28
28
27
37
50
53
54
41
30
38
36
25
34
39
26
29
49
61
58
59
65
59
46
40
33
23
25
26
8
-11
-14
-6
2
0
-16
-30
-30
-21
-17
-18
-20
-26
-33
-30
-19
-23
-23
-10
-10
-19
-10
8
24
30
19
8
5
5
4
5
18
24
6
4
17
2
-3
19
22
22
37
34
22
27
19
-5
-4
5
-5
-6
10
13
8
19
22
9
3
6
16
27
33
35
30
28
31
23
12
27
41
33
34
43
36
30
37
34
24
25
30
29
26
33
53
67
58
40
32
39
57
55
36
26
26
39
57
59
57
63
48
30
37
37
33
46
63
60
48
37
14
-6
-3
4
-4
2
18
6
-6
16
38
33
27
31
28
12
0
4
18
14
-2
-3
-2
6
15
13
15
38
52
37
28
29
18
38
89
133
171
212
240
254
275
276
263
246
217
184
150
124
105
78
57
58
54
29
16
-1
-30
-40
-35
-38
-38
-26
-25
-34
-26
-13
-25
-41
-30
-15
-7
-4
-11
-21
-35
-57
-66
-57
-57
-57
-35
-15
-4
-10
-19
-25
-44
-62
-45
-16
-16
-27
-24
-19
-24
-28
-36
-55
-50
-24
-31
-38
-9
4
-10
-16
-10
-9
-12
-10
2
-9
-31
-22
-15
-29
-30
-15
-8
-4
-2
-2
7
11
-5
-13
-9
-8
-1
13
12
3
1
3
2
0
-2
-9
-18
-9
7
-9
-27
-11
4
-8
-23
-30
-32
-27
-22
-24
-23
-12
-11
-22
-30
-33
-32
-18
-13
-30
-24
4
12
3
5
13
4
-16
-33
-29
-12
4
0
-5
-10
-26
-21
-5
-21
-37
-24
-21
-28
-18
-13
-11
-3
-1
-9
-15
-8
0
0
-5
-4
-2
3
9
5
-12
-26
-31
-39
-43
-39
-32
-17
-1
-13
-23
-10
-2
11
22
2
-14
2
6
-2
-6
-20
-23
-4
1
0
17
18
2
4
0
-19
-17
-9
-18
-13
0
5
9
6
3
14
19
2
3
21
17
10
26
35
36
35
25
14
11
11
27
35
23
40
61
41
21
27
18
6
22
26
15
16
10
-4
-3
5
2
-8
-18
-11
-2
-11
-8
11
18
3
-2
19
23
-5
-16
7
25
30
17
-1
12
24
8
-3
-3
-5
8
18
2
-6
-3
-2
1
6
4
-4
-13
-16
-10
-11
-14
-7
0
2
-1
-3
0
-4
-24
-29
-11
-1
-5
-9
-5
2
3
8
2
-21
-22
-17
-31
-22
-2
-2
1
7
0
0
8
13
21
23
6
-8
-2
8
-2
-27
-41
-33
-29
-35
-35
-33
-29
-32
-45
-41
-26
-19
-5
-1
-28
-40
-39
-54
-67
-59
-40
-23
-24
-33
-30
-26
-31
-35
-36
-45
-48
-23
7
19
24
29
29
28
22
10
4
2
-4
0
26
35
8
-4
8
9
-9
-20
-16
-14
-27
-35
-12
5
-16
-6
46
64
49
51
40
21
30
24
9
11
10
6
9
6
1
6
-3
-24
-28
-30
-29
-17
-5
-4
-6
-1
2
5
8
9
11
7
1
-4
-6
-5
-7
-6
-2
3
-3
-14
-12
-3
4
16
36
39
28
44
62
41
19
27
25
11
27
33
12
13
24
8
-3
6
5
4
14
11
4
7
5
-4
-3
-2
-9
-6
-1
1
13
19
16
17
27
32
17
-2
-2
8
5
-2
0
2
0
-1
5
2
1
16
26
28
35
38
33
27
14
-1
-8
-4
4
-5
-22
-7
26
33
33
42
45
41
36
36
38
32
25
23
13
-3
-4
-5
-4
2
4
3
-2
-6
-1
-1
-8
-5
-4
-4
9
18
6
-2
-7
-19
-16
-1
1
-4
-3
3
1
-18
-24
-9
-13
-27
-11
2
-19
-32
-30
-35
-31
-27
-35
-41
-27
-25
-36
-35
-26
-27
-37
-34
-24
-22
-27
-29
-33
-41
-42
-40
-32
-23
-27
-28
-20
-24
-29
-14
-1
-4
-14
-24
-26
-26
-25
-18
-23
-32
-17
1
0
-3
-2
-7
-13
-12
-12
-8
2
11
1
-20
-36
-34
-12
2
-8
-1
20
12
-7
-5
0
-13
-7
19
11
14
80
134
151
180
201
209
227
227
210
189
177
181
155
92
76
93
68
37
18
8
6
-7
-20
-3
17
16
4
-20
-28
-10
-16
-31
-28
-34
-43
-34
-36
-45
-39
-32
-35
-37
-32
-29
-35
-41
-35
-29
-31
-33
-40
-56
-65
-67
-68
-66
-52
-19
6
7
4
8
5
-3
-3
0
-1
0
12
28
45
65
67
40
9
-3
-4
-7
-13
-1
18
17
14
37
63
67
56
37
31
36
27
39
74
78
58
55
49
37
29
30
42
43
31
26
29
21
5
5
28
54
68
56
16
-6
1
-7
-23
-21
-4
21
55
81
95
94
78
60
40
18
13
29
47
66
81
77
62
61
71
71
62
65
67
65
64
65
62
51
33
23
29
23
14
27
38
27
30
47
55
62
59
33
19
27
28
26
36
34
24
31
26
6
4
9
-1
-3
4
-3
-3
15
29
21
3
1
3
-4
-6
-6
-3
11
15
2
0
4
1
-3
2
20
36
36
38
38
34
33
24
21
37
42
28
21
25
25
11
-4
-5
2
11
17
9
-2
7
28
40
38
31
24
33
49
46
36
45
65
54
29
31
40
33
30
36
34
32
35
43
58
56
46
56
62
53
50
58
64
61
49
36
30
29
32
35
20
-2
5
29
34
28
29
19
7
11
6
0
17
28
10
-3
8
17
5
-9
-10
-7
-5
-6
-8
-6
-2
1
4
2
-6
-21
-33
-23
-11
-11
-8
5
9
14
20
15
3
-6
-5
0
-5
-11
-3
7
-2
-1
24
26
2
1
13
5
-7
-5
-1
-5
-3
19
30
12
4
8
3
13
24
12
10
32
34
8
5
26
28
6
-5
-2
-1
2
3
