2117
2108
2096
2101
2120
2127
2124
2127
2123
2106
2103
2117
2116
2114
2117
2107
2101
2105
2111
2113
2116
2113
2104
2104
2106
2106
2100
2105
2116
2104
2096
2113
2113
2095
2102
2116
2112
2103
2100
2108
2106
2093
2089
2088
2103
2117
2091
2081
2105
2091
2074
2098
2100
2081
2089
2098
2100
2108
2105
2099
2105
2113
2112
2117
2121
2115
2116
2120
2118
2120
2123
2120
2121
2121
2113
2111
2118
2118
2107
2094
2094
2109
2108
2098
2095
2093
2096
2101
2092
2090
2100
2094
2091
2098
2085
2072
2090
2107
2098
2084
2087
2093
2077
2068
2096
2114
2088
2068
2080
2087
2083
2081
2083
2092
2091
2071
2066
2079
2075
2075
2067
2075
2082
2064
2063
2084
2077
2061
2070
2081
2076
2070
2085
2088
2069
2059
2061
2073
2089
2075
2051
2077
2098
2078
2075
2086
2079
2076
2081
2075
2079
2101
2106
2088
2084
2098
2103
2096
2097
2102
2097
2083
2081
2090
2079
2076
2100
2099
2083
2087
2084
2071
2076
2086
2094
2092
2069
2078
2109
2095
2081
2106
2107
2082
2082
2095
2097
2096
2091
2085
2095
2100
2098
2111
2113
2094
2098
2116
2100
2085
2106
2117
2122
2132
2126
2114
2117
2118
2100
2097
2122
2123
2099
2103
2129
2139
2126
2108
2105
2109
2107
2111
2116
2104
2094
2097
2100
2097
2095
2114
2130
2119
2110
2126
2130
2110
2117
2134
2113
2100
2126
2139
2120
2120
2141
2139
2125
2133
2139
2122
2113
2121
2130
2135
2135
2147
2160
2146
2129
2137
2135
2127
2141
2139
2126
2137
2145
2144
2141
2132
2144
2169
2157
2126
2134
2153
2145
2129
2127
2138
2152
2150
2134
2128
2139
2148
2140
2127
2133
2140
2134
2126
2128
2144
2151
2138
2129
2139
2143
2136
2134
2136
2141
2139
2133
2132
2132
2133
2135
2134
2131
2131
2130
2133
2137
2133
2124
2119
2120
2122
2125
2129
2133
2132
2128
2131
2132
2127
2130
2136
2135
2128
2129
2135
2136
2136
2137
2134
2133
2138
2141
2136
2126
2119
2125
2130
2125
2127
2131
2133
2136
2134
2129
2131
2132
2128
2130
2133
2135
2138
2136
2136
2138
2139
2145
2148
2136
2129
2139
2141
2132
2130
2134
2139
2138
2140
2141
2140
2139
2139
2138
2139
2142
2146
2147
2146
2147
2148
2149
2147
2140
2143
2150
2148
2143
2140
2140
2149
2159
2154
2142
2140
2143
2144
2144
2143
2137
2135
2143
2148
2143
2138
2144
2149
2146
2143
2141
2150
2156
2142
2142
2159
2154
2140
2149
2160
2153
2153
2157
2152
2145
2147
2150
2144
2148
2160
2159
2153
2157
2165
2166
2158
2152
2153
2154
2149
2145
2146
2153
2158
2155
2154
2158
2155
2146
2146
2150
2146
2143
2142
2143
2146
2148
2149
2157
2154
2138
2136
2146
2144
2136
2141
2146
2140
2138
2147
2148
2141
2138
2140
2149
2150
2140
2136
2138
2134
2130
2139
2143
2136
2134
2139
2142
2139
2138
2144
2143
2136
2141
2148
2142
2130
2127
2127
2133
2136
2134
2133
2139
2147
2148
2144
2145
2147
2143
2141
2149
2147
2138
2141
2149
2152
2147
2138
2139
2141
2142
2145
2142
2140
2142
2134
2130
2138
2135
2127
2135
2142
2136
2136
2142
2133
2119
2123
2133
2128
2129
2134
2128
2120
2123
2125
2121
2127
2132
2125
2127
2134
2129
2122
2122
2122
2123
2126
2133
2132
2121
2126
2130
2116
2114
2123
2118
2115
2126
2122
2113
2115
2116
2113
2113
2112
2115
2124
2120
2105
2113
2128
2114
2098
2104
2109
2107
2115
2123
2115
2116
2129
2125
2111
2113
2123
2126
2127
2127
2126
2124
2119
2127
2134
2123
2111
2115
2128
2133
2130
2130
2130
2124
2132
2148
2137
2118
2127
2135
2127
2124
2126
2127
2131
2134
2138
2138
2139
2138
2132
2138
2151
2147
2138
2139
2141
2145
2145
2142
2148
2150
2143
2144
2146
2142
2145
2147
2143
2145
2144
2141
2140
2141
2141
2142
2142
2142
2144
2143
2137
2135
2140
2141
2140
2140
2138
2138
2136
2130
2131
2141
2148
2140
2126
2127
2143
2152
2143
2140
2148
2140
2129
2145
2149
2138
2153
2161
2137
2133
2146
2141
2140
2142
2129
2137
2152
2145
2139
2141
2134
2140
2151
2135
2121
2127
2135
2139
2136
2130
2129
2139
2141
2134
2129
2128
2124
2120
2122
2127
2125
2118
2119
2124
2123
2122
2122
2119
2121
2126
2122
2117
2116
2113
2116
2121
2118
2113
2115
2116
2114
2115
2116
2112
2114
2128
2134
2121
2113
2116
2114
2114
2124
2118
2124
2136
2127
2112
2114
2115
2112
2117
2118
2113
2121
2133
2129
2113
2110
2121
2120
2112
2113
2115
2115
2116
2116
2112
2113
2118
2121
2121
2129
2138
2131
2120
2121
2126
2130
2141
2149
2143
2136
2137
2141
2139
2138
2146
2153
2155
2156
2150
2143
2145
2148
2143
2144
2154
2154
2154
2161
2162
2157
2159
2159
2153
2158
2165
2160
2164
2173
2167
2160
2168
2169
2160
2160
2161
2163
2167
2160
2151
2152
2150
2146
2153
2158
2153
2154
2156
2154
2160
2166
2155
2142
2153
2162
2153
2162
2177
2160
2145
2160
2170
2160
2153
2158
2165
2161
2151
2154
2158
2149
2144
2150
2151
2148
2159
2172
2159
2147
2151
2156
2157
2148
2134
2142
2156
2148
2143
2150
2138
2139
2143
2143
2145
2145
2142
2139
2133
2132
2139
2139
2138
2142
2137
2129
2130
2132
2130
2130
2135
2139
2136
2136
2139
2135
2130
2129
2130
2132
2127
2122
2127
2132
2134
2137
2134
2132
2132
2124
2118
2123
2121
2113
2119
2133
2131
2117
2110
2114
2119
2114
2108
2114
2118
2115
2122
2127
2120
2120
2127
2123
2121
2127
2125
2114
2107
2107
2108
2112
2121
2119
2111
2111
2114
2114
2112
2109
2111
2117
2116
2110
2118
2124
2112
2102
2109
2117
2116
2115
2120
2124
2125
2122
2118
2116
2110
2108
2118
2122
2112
2106
2108
2109
2111
2119
2123
2114
2105
2109
2115
2111
2104
2108
2124
2128
2112
2111
2124
2121
2112
2114
2119
2122
2121
2114
2114
2122
2113
2117
2122
2128
2133
2123
2110
2115
2120
2113
2113
2115
2110
2108
2113
2116
2106
2102
2112
2119
2114
2115
2127
2134
2127
2121
2123
2125
2127
2131
2129
2125
2125
2124
2121
2122
2124
2121
2115
2115
2121
2123
2121
2127
2130
2124
2120
2122
2123
2125
2126
2125
2124
2125
2127
2127
2123
2120
2123
2124
2121
2121
2123
2120
2117
2122
2123
2116
2111
2111
2112
2116
2115
2114
2119
2125
2123
2117
2116
2116
2116
2115
2114
2116
2118
2113
2107
2114
2123
2125
2123
2122
2124
2128
2127
2124
2121
2122
2124
2120
2114
2112
2117
2122
2121
2116
2113
2113
2114
2117
2117
2118
2121
2123
2123
2123
2122
2123
2122
2121
2121
2123
2126
2130
2136
2136
2129
2136
2138
2134
2140
2143
2135
2137
2150
2145
2136
2141
2148
2149
2146
2143
2141
2142
2141
2136
2137
2138
2131
2133
2142
2136
2135
2152
2148
2130
2128
2133
2133
2132
2136
2139
2134
2128
2131
2133
2134
2136
2138
2136
2134
2134
2134
2131
2129
2134
2140
2140
2138
2138
2140
2141
2139
2135
2136
2138
2136
2133
2133
2132
2132
2130
2127
2128
2131
2129
2127
2131
2130
2123
2125
2130
2130
2127
2127
2128
2129
2133
2140
2135
2126
2130
2131
2125
2129
2135
2131
2130
2136
2135
2130
2129
2133
2133
2126
2121
2121
2122
2117
2114
2116
2119
2120
2120
2117
2118
2122
2123
2117
2113
2114
2115
2114
2118
2123
2124
2122
2117
2113
2113
2118
2121
2119
2117
2114
2114
2124
2119
2116
2122
2119
2113
2119
2120
2111
2111
2123
2126
2116
2113
2116
2119
2121
2121
2118
2116
2120
2126
2120
2114
2121
2124
2121
2123
2123
2120
2119
2114
2116
2125
2123
2116
2119
2126
2127
2130
2133
2132
2132
2130
2131
2135
2134
2135
2134
2131
2132
2135
2131
2131
2139
2141
2139
2138
2141
2150
2153
2143
2135
2138
2141
2138
2135
2135
2138
2141
2140
2139
2138
2138
2144
2150
2144
2137
2138
2138
2136
2138
2138
2137
2138
2133
2131
2140
2143
2139
2136
2133
2133
2140
2135
2129
2136
2135
2131
2135
2135
2132
2138
2139
2131
2132
2135
2132
2131
2130
2128
2131
2133
2130
2130
2131
2128
2131
2137
2133
2129
2133
2133
2129
2129
2129
2126
2124
2122
2120
2124
2124
2117
2116
2116
2114
2113
2114
2112
2112
2115
2114
2114
2114
2112
2120
2127
2118
2113
2122
2124
2120
2122
2125
2120
2115
2114
2116
2116
2113
2109
2107
2110
2116
2114
2107
2111
2118
2115
2114
2120
2120
2118
2122
2124
2118
2113
2116
2119
2117
2115
2115
2114
2114
2114
2113
2114
2116
2117
2117
2117
2120
2122
2117
2116
2119
2118
2119
2119
2113
2116
2123
2116
2111
2119
2122
2117
2118
2123
2123
2121
2123
2122
2118
2117
2118
2116
2114
2116
2115
2109
2107
2114
2117
2119
2122
2123
2127
2130
2125
2120
2123
2118
2111
2121
2130
2126
2121
2121
2126
2129
2125
2120
2123
2130
2129
2120
2127
2140
2131
2122
2128
2126
2124
2135
2135
2135
2135
2134
2132
2129
2130
2134
2133
2134
2141
2140
2135
2146
2150
2138
2134
2139
2138
2137
2138
2139
2141
2143
2141
2144
2154
2153
2141
2138
2144
2146
2144
2145
2145
2147
2148
2144
2144
2145
2140
2141
2149
2144
2136
2139
2138
2132
2126
2122
2123
2126
2124
2122
2124
2122
2117
2114
2115
2118
2120
2117
2112
2115
2121
2121
2120
2123
2124
2123
2122
2117
2117
2128
2126
2114
2115
2123
2123
2121
2117
2115
2115
2116
2122
2122
2115
2116
2122
2124
2121
2120
2126
2132
2125
2116
2119
2123
2121
2120
2118
2117
2122
2124
2121
2128
2132
2124
2123
2126
2122
2120
2127
2127
2124
2128
2131
2129
2127
2134
2141
2133
2123
2129
2138
2133
2127
2131
2136
2135
2139
2133
2130
2138
2138
2133
2139
2138
2131
2135
2140
2136
2132
2131
2134
2132
2123
2120
2123
2123
2123
2128
2131
2133
2133
2130
2130
2127
2117
2117
2126
2127
2119
2121
2128
2126
2120
2120
2125
2127
2128
2127
2126
2124
2122
2127
2132
2130
2123
2122
2129
2131
2129
2131
2134
2130
2127
2132
2131
2121
2119
2129
2129
2126
2129
2128
2125
2126
2124
2120
2119
2116
2117
2122
2122
2123
2120
2114
2118
2125
2119
2113
2114
2111
2114
2126
2124
2120
2128
2128
2120
2125
2124
2114
2118
2123
2113
2111
2120
2127
2133
2135
2137
2142
2138
2127
2123
2119
2124
2131
2116
2115
2138
2143
2135
2145
2150
2144
2146
2145
2138
2134
2130
2128
2134
2135
2133
2140
2139
2143
2150
2148
2147
2147
2138
2132
2130
2131
2136
2135
2128
2132
2141
2138
2138
2138
2134
2142
2147
2139
2133
2135
2132
2127
2133
2145
2146
2136
2141
2146
2138
2137
2140
2136
2142
2147
2132
2124
2137
2142
2132
2130
2138
2141
2139
2139
2139
2136
2136
2142
2141
2131
2127
2135
2137
2136
2139
2139
2138
2141
2147
2156
2154
2135
2124
2134
2140
2140
2137
2140
2159
2162
2139
2126
2135
2136
2137
2155
2161
2146
2140
2157
2167
2157
2152
2160
2165
2164
2160
2151
2148
2153
2156
2158
2153
2149
2151
2150
2148
2142
2140
2165
2171
2134
2127
2147
2135
2126
2140
2142
2133
2131
2142
2151
2133
2116
2126
2135
2129
2125
2138
2148
2128
2107
2122
2120
2128
2136
2127
2120
2126
2126
2120
2120
2122
2121
2122
2123
2123
2121
2121
2128
2128
2122
2125
2123
2118
2126
2130
2123
2122
2126
2122
2117
2119
2124
2124
2122
2128
2130
2133
2135
2127
2126
2130
2122
2117
2125
2123
2113
2126
2141
2129
2112
2117
2127
2123
2118
2122
2122
2118
2125
2132
2117
2111
2127
2124
2113
2120
2126
2122
2119
2113
2114
2128
2130
2118
2120
2125
2111
2109
2127
2128
2115
2120
2128
2120
2114
2126
2124
2109
2117
2129
2114
2104
2115
2133
2129
2107
2104
2120
2122
2126
2138
2127
2111
2112
2114
2118
2114
2113
2126
2124
2113
2112
2108
2113
2126
2119
2113
2130
2121
2104
2116
2123
2117
2117
2128
2140
2134
2118
2122
2129
2125
2138
2136
2130
2143
2145
2137
2146
2145
2125
2124
2135
2133
2127
2129
2134
2131
2122
2128
2141
2135
2124
2129
2138
2131
2127
2134
2133
2126
2127
2133
2133
2132
2129
2122
2123
2133
2139
2133
2125
2126
2129
2132
2132
2123
2120
2124
2127
2128
2130
2133
2134
2132
2128
2129
2131
2131
2130
2129
2133
2140
2140
2130
2128
2134
2130
2122
2123
2132
2134
2134
2131
2124
2120
2121
2121
2119
2122
2122
2117
2117
2118
2117
2115
2114
2120
2125
2123
2122
2124
2121
2121
2124
2121
2123
2127
2126
2124
2124
2128
2130
2132
2131
2130
2130
2132
2133
2129
2128
2131
2130
2129
2131
2129
2125
2127
2130
2130
2131
2129
2124
2123
2123
2121
2121
2125
2123
2120
2121
2125
2128
2133
2143
2146
2139
2140
2148
2148
2141
2128
2116
2121
2139
2144
2149
2172
2186
2178
2171
2173
2169
2162
2160
2160
2156
2155
2156
2157
2155
2149
2143
2140
2139
2136
2132
2133
2133
2126
2121
2119
2117
2115
2116
2115
2115
2116
2112
2105
2105
2109
2110
2111
2108
2107
2118
2120
2108
2108
2116
2114
2116
2118
2111
2120
2131
2116
2104
2111
2114
2113
2114
2111
2107
2107
2107
2109
2110
2106
2105
2107
2107
2105
2104
2108
2111
2108
2108
2114
2113
2107
2110
2114
2115
2115
2109
2103
2107
2110
2107
2112
2117
2115
2116
2124
2127
2120
2116
2126
2132
2125
2123
2124
2122
2128
2128
2115
2114
2125
2125
2121
2124
2126
2122
2121
2122
2123
2122
2121
2124
2119
2116
2121
2123
2122
2122
2119
2113
2115
2116
2112
2117
2124
2114
2102
2110
2117
2108
2109
2117
2116
2115
2117
2109
2105
2112
2115
2114
2116
2115
2111
2110
2116
2127
2129
2118
2111
2118
2122
2119
2115
2114
2116
2121
2124
2122
2116
2113
2115
2112
2109
2114
2119
2122
2126
2127
2127
2129
2129
2125
2122
2123
2122
2115
2114
2126
2130
2131
2137
2135
2128
2128
2131
2130
2128
2124
2125
2133
2138
2143
2141
2133
2134
2139
2132
2117
2110
2114
2116
2114
2117
2121
2120
2120
2123
2123
2123
2124
2119
2114
2113
2114
2114
2113
2116
2122
2124
2121
2121
2123
2127
2127
2124
2119
2118
2121
2122
2120
2121
2122
2120
2125
2133
2129
2115
2122
2123
2113
2111
2122
2123
2115
2113
2120
2128
2125
2121
2123
2124
2124
2122
2119
2124
2132
2138
2137
2132
2129
2132
2134
2131
2131
2130
2130
2136
2142
2135
2130
2133
2128
2122
2124
2123
2122
2120
2115
2114
2116
2114
2114
2114
2108
2102
2102
2101
2098
2098
2100
2098
2096
2094
2090
2089
2092
2092
2089
2086
2088
2088
2083
2084
2092
2089
2081
2085
2096
2100
2094
2091
2093
2093
2090
2092
2094
2095
2097
2100
2100
2100
2101
2101
2100
2103
2109
2103
2095
2104
2109
2098
2097
2110
2110
2104
2112
2113
2105
2104
2108
2109
2108
2107
2111
2114
2108
2104
2109
2111
2106
2104
2108
2107
2103
2103
2104
2099
2102
2115
2119
2115
2115
2114
2113
2118
2114
2112
2115
2116
2114
2120
2125
2121
2125
2131
2126
2124
2128
2124
2119
2121
2122
2121
2122
2125
2132
2133
2130
2131
2130
2124
2122
2125
2123
2123
2126
2124
2126
2139
2139
2123
2119
2130
2133
2127
2123
2124
2126
2130
2133
2123
2120
2135
2142
2132
2128
2128
2124
2125
2128
2124
2122
2124
2128
2130
2125
2122
2126
2131
2135
2139
2134
2131
2138
2142
2133
2127
2134
2140
2137
2137
2140
2139
2135
2131
2125
2124
2129
2132
2127
2125
2129
2130
2128
2125
2127
2129
2127
2127
2128
2129
2135
2140
2138
2140
2143
2136
2138
2147
2140
2127
2128
2131
2128
2130
2135
2140
2146
2143
2139
2141
2138
2129
2132
2142
2141
2136
2138
2145
2147
2143
2145
2148
2150
2154
2150
2147
2147
2142
2142
2153
2154
2146
2145
2146
2140
2138
2137
2135
2140
2147
2144
2137
2139
2143
2146
2150
2150
2148
2149
2148
2144
2144
2142
2137
2135
2138
2142
2147
2148
2146
2148
2146
2141
2142
2142
2136
2136
2141
2136
2133
2139
2140
2139
2146
2149
2140
2136
2140
2138
2127
2123
2127
2126
2122
2124
2129
2135
2141
2138
2135
2139
2141
2142
2141
2132
2133
2145
2140
2136
2149
2157
2142
2135
2145
2148
2158
2166
2141
2114
2125
2142
2140
2138
2131
2129
2136
2129
2117
2126
2140
2130
2119
2126
2127
2120
2122
2122
2114
2114
2120
2123
2127
2130
2130
2133
2131
2130
2136
2135
2128
2133
2139
2132
2132
2138
2135
2123
2119
2119
2130
2133
2128
2129
2132
2133
2132
2129
2126
2130
2131
2124
2124
2127
2127
2130
2132
2126
2126
2133
2132
2130
2129
2124
2126
2132
2134
2137
2141
2137
2135
2136
2136
2135
2133
2132
2131
2128
2127
2131
2132
2127
2126
2126
2125
2129
2131
2124
2121
2129
2133
2126
2122
2123
2125
2129
2133
2132
2131
2133
2137
2140
2138
2133
2131
2131
2128
2124
2129
2132
2128
2132
2136
2132
2130
2134
2132
2129
2130
2130
2129
2134
2139
2133
2128
2134
2141
2141
2136
2136
2142
2136
2128
2128
2129
2134
2138
2130
2128
2134
2130
2125
2126
2124
2121
2123
2127
2125
2121
2122
2122
2117
2118
2128
2133
2128
2121
2119
2127
2133
2124
2112
2116
2123
2122
2121
2120
2122
2132
2121
2115
2122
2128
2125
2123
2124
2118
2113
2119
2129
2130
2124
2121
2122
2123
2122
2121
2120
2126
2131
2122
2111
2117
2122
2120
2122
2124
2119
2116
2120
2120
2115
2113
2117
2119
2114
2112
2116
2114
2117
2130
2129
2114
2109
2116
2120
2119
2113
2112
2116
2111
2115
2123
2113
2101
2105
2108
2105
2107
2103
2100
2107
2108
2095
2086
2094
2105
2102
2095
2104
2109
2098
2099
2109
2103
2099
2101
2101
2104
2105
2098
2101
2109
2108
2105
2107
2112
2116
2110
2101
2101
2108
2108
2109
2113
2113
2111
2117
2119
2110
2104
2108
2110
2113
2117
2113
2106
2114
2121
2114
2113
2117
2116
2118
2124
2121
2116
2120
2125
2124
2121
2124
2129
2130
2130
2128
2127
2131
2132
2127
2131
2139
2132
2132
2142
2142
2136
2138
2140
2142
2147
2145
2144
2146
2143
2138
2137
2144
2144
2138
2136
2138
2137
2139
2142
2135
2138
2149
2139
2122
2127
2141
2141
2132
2125
2122
2116
2114
2123
2120
2105
2105
2118
2122
2119
2116
2112
2116
2123
2116
2105
2109
2116
2120
2121
2118
2117
2120
2120
2118
2119
2123
2126
2123
2122
2125
2123
2125
2127
2122
2124
2131
2133
2129
2127
2130
2134
2130
2129
2136
2136
2129
2129
2133
2131
2124
2119
2124
2131
2127
2121
2121
2126
2130
2130
2127
2124
2122
2122
2123
2122
2122
2124
2123
2124
2125
2121
2121
2124
2125
2127
2124
2116
2114
2115
2116
2123
2124
2125
2133
2128
2117
2123
2124
2117
2124
2123
2125
2126
2122
2116
2114
2121
2125
2120
2118
2120
2120
2121
2122
2124
2125
2129
2128
2128
2138
2132
2111
2108
2118
2116
2113
2119
2124
2123
2118
2116
2119
2121
2121
2121
2121
2120
2119
2126
2133
2133
2131
2132
2130
2124
2127
2130
2134
2144
2139
2124
2126
2134
2132
2133
2135
2130
2130
2132
2130
2128
2130
2135
2135
2130
2126
2132
2146
2145
2130
2132
2146
2143
2132
2134
2144
2148
2145
2141
2140
2140
2138
2138
2133
2130
2136
2138
2134
2137
2143
2134
2124
2132
2131
2126
2141
2148
2130
2127
2147
2148
2139
2145
2148
2145
2148
2146
2135
2138
2143
2133
2126
2134
2142
2137
2132
2135
2138
2139
2135
2128
2128
2130
2130
2135
2139
2131
2144
2147
2141
2142
2147
2148
2146
2146
2144
2140
2135
2135
2138
2138
2135
2138
2141
2131
2123
2133
2138
2128
2127
2137
2142
2137
2132
2131
2127
2126
2130
2135
2140
2138
2130
2132
2135
2130
2128
2130
2126
2128
2130
2128
2130
2132
2124
2121
2127
2129
2134
2139
2130
2120
2123
2126
2119
2119
2129
2134
2130
2130
2132
2130
2131
2136
2135
2127
2120
2119
2121
2121
2123
2129
2135
2133
2129
2129
2125
2120
2126
2133
2125
2117
2123
2136
2141
2137
2140
2149
2149
2143
2148
2148
2139
2135
2140
2138
2136
2144
2144
2138
2142
2148
2153
2155
2149
2143
2148
2146
2139
2139
2139
2136
2142
2153
2151
2142
2146
2149
2136
2140
2154
2147
2135
2137
2140
2144
2147
2147
2146
2148
2152
2147
2146
2148
2143
2144
2147
2139
2137
2147
2149
2147
2146
2145
2146
2143
2140
2140
2139
2138
2140
2143
2147
2152
2150
2148
2145
2140
2134
2130
2130
2131
2132
2134
2140
2139
2137
2137
2133
2128
2126
2125
2119
2114
2115
2115
2112
2114
2127
2128
2118
2118
2125
2126
2124
2119
2114
2116
2117
2111
2109
2113
2116
2114
2110
2116
2123
2122
2122
2123
2116
2116
2125
2118
2105
2104
2107
2106
2105
2105
2106
2108
2108
2106
2111
2115
2105
2096
2105
2108
2098
2100
2107
2104
2105
2111
2109
2107
2108
2101
2097
2102
2105
2106
2106
2105
2110
2114
2111
2115
2115
2106
2107
2114
2108
2103
2107
2112
2117
2122
2122
2126
2131
2130
2126
2125
2122
2117
2119
2122
2124
2127
2130
2130
2129
2129
2131
2129
2123
2121
2122
2123
2120
2116
2119
2126
2128
2129
2135
2142
2140
2127
2118
2115
2111
2112
2116
2114
2111
2118
2126
2122
2120
2130
2133
2124
2120
2120
2112
2107
2109
2114
2121
2123
2120
2133
2150
2141
2132
2148
2150
2130
2119
2118
2109
2099
2092
2091
2104
2114
2116
2122
2122
2105
2090
2085
2070
2061
2080
2104
2119
2141
2179
2210
2215
2209
2216
2220
2197
2182
2188
2183
2171
2174
2174
2160
2161
2173
2169
2170
2187
2191
2180
2180
2169
2143
2148
2162
2135
2109
2137
2148
2102
2096
2136
2128
2086
2082
2116
2126
2093
2070
2091
2125
2115
2079
2084
2110
2086
2049
2060
2060
2095
2099
2062
2072
2116
2108
2076
2074
2080
2096
2113
2085
2055
2087
2106
2083
2085
2104
2096
2082
2097
2111
2090
2084
2119
2130
2101
2093
2114
2122
2117
2123
2139
2132
2100
2112
2136
2111
2113
2148
2121
2078
2107
2128
2111
2109
2113
2104
2100
2104
2111
2112
2104
2110
2119
2110
2099
2102
2109
2108
2112
2133
2145
2126
2098
2101
2146
2177
2160
2138
2134
2123
2115
2131
2129
2120
2123
2116
2124
2148
2146
2121
2134
2148
2131
2134
2138
2119
2119
2141
2132
2115
2129
2141
2128
2120
2121
2126
2140
2137
2111
2109
2120
2114
2120
2129
2115
2117
2134
2118
2104
2120
2129
2116
2106
2111
2117
2113
2104
2111
2120
2110
2104
2112
2111
2103
2109
2117
2120
2110
2104
2115
2118
2114
2116
2115
2123
2126
2107
2097
2108
2116
2114
2113
2111
2102
2098
2117
2130
2107
2092
2112
2118
2101
2090
2104
2127
2124
2114
2111
2100
2087
2100
2103
2091
2110
2123
2100
2082
2093
2103
2098
2095
2103
2115
2109
2101
2106
2105
2093
2099
2114
2107
2094
2101
2114
2110
2104
2111
2119
2113
2088
2091
2124
2119
2089
2094
2102
2099
2116
2128
2116
2118
2130
2131
2126
2119
2118
2129
2130
2119
2123
2135
2130
2130
2149
2140
2121
2139
2149
2131
2131
2147
2140
2126
2123
2128
2139
2141
2137
2141
2141
2129
2133
2151
2143
2128
2136
2143
2138
2138
2139
2138
2141
2140
2136
2140
2153
2156
2144
2145
2154
2139
2128
2146
2131
2137
2151
2149
2144
2144
2149
2151
2143
2136
2135
2136
2135
2131
2133
2140
2152
2165
2155
2133
2135
2141
2134
2131
2135
2151
2158
2135
2125
2143
2143
2135
2153
2159
2136
2124
2136
2141
2138
2145
2148
2141
2133
2139
2158
2152
2128
2128
2145
2146
2139
2139
2142
2148
2142
2138
2142
2142
2138
2142
2147
2136
2125
2127
2132
2132
2129
2130
2129
2129
2132
2130
2124
2121
2124
2127
2124
2125
2123
2116
2112
2117
2117
2111
2118
2122
2112
2107
2115
2117
2115
2113
2112
2121
2127
2114
2105
2113
2118
2114
2113
2113
2114
2120
2121
2120
2124
2123
2126
2135
2129
2119
2122
2126
2123
2117
2118
2128
2133
2133
2134
2125
2134
2156
2138
2114
2131
2141
2132
2133
2136
2170
2166
2130
2136
2147
2138
2162
2167
2121
2118
2147
2147
2142
2144
2139
2138
2149
2150
2141
2139
2138
2135
2139
2148
2142
2129
2134
2142
2139
2136
2139
2139
2146
2154
2143
2133
2137
2142
2140
2138
2144
2148
2138
2131
2139
2142
2136
2132
2129
2123
2124
2130
2132
2128
2126
2125
2123
2122
2129
2130
2123
2123
2132
2134
2129
2125
2121
2122
2128
2125
2121
2120
2118
2121
2122
2116
2118
2121
2117
2128
2132
2114
2113
2128
2122
2117
2127
2124
2117
2118
2123
2120
2116
2113
2114
2119
2118
2114
2111
2116
2116
2110
2110
2115
2119
2116
2111
2113
2116
2110
2105
2106
2109
2113
2112
2102
2100
2104
2110
2114
2110
2105
2111
2115
2109
2105
2109
2116
2118
2112
2114
2124
2121
2113
2112
2108
2102
2105
2107
2108
2114
2117
2115
2115
2116
2116
2117
2112
2106
2103
2106
2107
2105
2109
2121
2124
2118
2118
2126
2127
2120
2116
2121
2122
2108
2102
2111
2116
2114
2112
2115
2117
2121
2125
2119
2112
2115
2115
2106
2109
2114
2107
2107
2116
2117
2111
2114
2120
2123
2117
2111
2117
2123
2118
2112
2115
2117
2115
2115
2113
2118
2130
2126
2114
2113
2112
2109
2111
2114
2118
2126
2124
2125
2137
2133
2121
2123
2122
2114
2117
2123
2120
2119
2128
2133
2124
2115
2116
2118
2114
2113
2114
2115
2115
2118
2123
2122
2120
2128
2134
2129
2127
2128
2126
2127
2127
2122
2120
2123
2127
2130
2133
2132
2130
2135
2127
2122
2131
2133
2128
2131
2132
2130
2140
2147
2140
2136
2140
2143
2141
2139
2141
2148
2149
2143
2142
2146
2150
2154
2152
2148
2152
2153
2148
2148
2150
2148
2148
2151
2147
2140
2140
2145
2147
2148
2147
2139
2137
2146
2143
2137
2140
2137
2132
2138
2137
2129
2133
2141
2139
2132
2133
2139
2132
2128
2138
2137
2127
2127
2138
2143
2135
2126
2132
2140
2136
2140
2146
2140
2139
2152
2151
2137
2144
2153
2143
2137
2147
2153
2151
2152
2150
2149
2155
2157
2155
2157
2163
2164
2163
2157
2152
2153
2156
2154
2152
2153
2153
2154
2153
2144
2139
2146
2148
2141
2142
2149
2143
2136
2145
2151
2145
2145
2145
2138
2140
2147
2142
2139
2146
2152
2143
2152
2154
2139
2133
2144
2146
2135
2128
2130
2135
2128
2126
2140
2146
2129
2119
2129
2138
2136
2130
2126
2117
2113
2127
2135
2129
2129
2135
2129
2120
2123
2125
2119
2123
2139
2136
2127
2133
2134
2127
2130
2131
2128
2128
2124
2117
2120
2131
2125
2117
2123
2122
2116
2119
2121
2113
2115
2123
2120
2116
2115
2116
2115
2115
2116
2116
2120
2119
2112
2119
2129
2122
2112
2119
2124
2122
2123
2125
2121
2124
2133
2130
2126
2133
2131
2119
2119
2121
2123
2132
2130
2116
2111
2116
2121
2124
2122
2122
2124
2123
2121
2116
2112
2118
2120
2112
2108
2112
2116
2117
2112
2109
2116
2118
2110
2112
2122
2121
2114
2114
2115
2119
2123
2123
2121
2120
2115
2126
2132
2120
2110
2114
2120
2121
2121
2124
2132
2129
2121
2121
2125
2124
2127
2132
2130
2128
2130
2135
2131
2126
2130
2131
2130
2132
2139
2140
2133
2129
2134
2141
2143
2146
2148
2147
2147
2149
2146
2145
2150
2153
2151
2153
2152
2145
2145
2146
2143
2142
2140
2138
2142
2141
2138
2144
2142
2131
2126
2130
2132
2132
2131
2126
2129
2138
2138
2129
2128
2136
2135
2131
2137
2142
2140
2139
2138
2136
2138
2139
2137
2136
2139
2141
2142
2147
2149
2141
2137
2136
2133
2138
2142
2134
2132
2141
2142
2139
2139
2140
2141
2140
2133
2130
2136
2139
2132
2127
2132
2138
2136
2135
2138
2140
2138
2134
2129
2129
2135
2134
2129
2130
2134
2129
2122
2129
2136
2129
2131
2125
2123
2128
2132
2136
2137
2132
2130
2131
2129
2125
2121
2122
2127
2131
2133
2133
2130
2129
2130
2134
2137
2134
2129
2137
2145
2141
2134
2133
2134
2132
2134
2135
2134
2136
2137
2132
2131
2138
2138
2135
2136
2139
2137
2135
2137
2136
2133
2137
2142
2136
2129
2132
2134
2130
2133
2135
2131
2133
2137
2132
2129
2133
2131
2131
2134
2132
2130
2130
2127
2132
2139
2133
2127
2133
2134
2127
2129
2134
2128
2121
2123
2126
2122
2125
2130
2124
2121
2124
2122
2117
2116
2114
2114
2113
2109
2111
2115
2113
2114
2118
2116
2114
2116
2115
2109
2106
2107
2106
2104
2106
2109
2108
2105
2105
2107
2107
2107
2108
2110
2106
2107
2115
2108
2094
2095
2100
2105
2108
2107
2109
2107
2105
2109
2111
2108
2108
2110
2107
2109
2116
2117
2114
2115
2117
2121
2123
2122
2121
2121
2121
2123
2123
2120
2117
2121
2125
2122
2121
2123
2124
2126
2125
2121
2120
2117
2113
2115
2120
2120
2117
2115
2119
2122
2118
2120
2124
2120
2113
2113
2115
2113
2113
2115
2115
2109
2106
2108
2110
2113
2115
2115
2115
2119
2122
2122
2124
2127
2125
2123
2123
2119
2114
2118
2125
2124
2122
2121
2120
2125
2131
2130
2123
2125
2130
2125
2119
2121
2124
2123
2122
2120
2122
2129
2131
2131
2130
2130
2131
2132
2129
2125
2129
2132
2126
2125
2131
2133
2124
2121
2123
2123
2122
2125
2129
2129
2129
2126
2122
2124
2127
2130
2131
2130
2141
2141
2139
2142
2142
2136
2133
2133
2132
2130
2130
2130
2133
2132
2129
2130
2130
2126
2126
2129
2127
2123
2126
2129
2131
2131
2129
2129
2132
2134
2130
2130
2139
2141
2133
2130
2129
2126
2127
2129
2129
2135
2141
2139
2138
2140
2140
2140
2140
2134
2128
2129
2126
2121
2126
2130
2127
2128
2137
2141
2139
2137
2134
2131
2129
2124
2123
2129
2132
2129
2129
2132
2135
2136
2137
2141
2138
2128
2122
2117
2111
2114
2116
2112
2115
2122
2118
2112
2115
2119
2115
2109
2106
2108
2109
2106
2105
2111
2113
2110
2111
2117
2119
2116
2114
2114
2109
2104
2105
2106
2107
2113
2114
2116
2129
2136
2130
2129
2133
2128
2122
2125
2124
2120
2121
2122
2126
2136
2135
2137
2142
2140
2138
2138
2134
2129
2129
2129
2130
2131
2133
2137
2139
2140
2141
2140
2139
2142
2141
2135
2131
2130
2131
2132
2140
2146
2141
2136
2135
2132
2133
2136
2133
2130
2130
2130
2132
2132
2131
2135
2140
2141
2141
2136
2130
2130
2134
2132
2134
2139
2136
2134
2139
2140
2138
2137
2134
2132
2128
2123
2120
2116
2114
2114
2113
2117
2123
2122
2122
2121
2112
2104
2100
2097
2097
2097
2096
2098
2097
2098
2108
2112
2105
2105
2108
2103
2097
2098
2095
2091
2092
2091
2085
2088
2098
2099
2093
2092
2094
2090
2086
2087
2083
2081
2082
2081
2079
2080
2082
2083
2085
2086
2085
2082
2082
2084
2080
2073
2075
2083
2084
2080
2081
2087
2092
2090
2083
2077
2073
2076
2077
2078
2078
2078
2080
2081
2080
2083
2085
2084
2085
2082
2077
2084
2091
2089
2090
2098
2101
2103
2108
2108
2105
2108
2108
2102
2098
2099
2102
2105
2108
2111
2112
2109
2110
2114
2110
2104
2099
2096
2103
2107
2098
2098
2112
2115
2113
2119
2119
2115
2116
2112
2109
2111
2114
2119
2121
2119
2123
2128
2130
2134
2139
2138
2133
2129
2130
2129
2127
2134
2139
2139
2145
2150
2151
2155
2158
2154
2151
2145
2137
2139
2140
2132
2128
2136
2141
2139
2141
2145
2147
2145
2146
2146
2140
2135
2136
2137
2133
2131
2130
2126
2126
2131
2132
2128
2130
2132
2131
2131
2129
2123
2121
2126
2129
2129
2129
2126
2123
2123
2123
2118
2115
2114
2115
2115
2114
2114
2116
2116
2114
2111
2107
2103
2105
2111
2111
2107
2107
2108
2110
2114
2118
2115
2109
2105
2108
2107
2101
2099
2100
2098
2099
2105
2108
2109
2108
2107
2107
2108
2107
2105
2105
2104
2108
2115
2113
2107
2106
2107
2104
2105
2110
2109
2109
2112
2110
2109
2113
2116
2118
2122
2124
2124
2126
2128
2133
2131
2125
2129
2132
2123
2123
2130
2131
2133
2136
2132
2134
2140
2137
2137
2143
2141
2136
2137
2139
2139
2139
2140
2139
2138
2138
2139
2138
2139
2138
2133
2132
2138
2140
2137
2137
2138
2139
2141
2143
2146
2146
2146
2149
2150
2145
2146
2151
2154
2155
2155
2155
2155
2155
2156
2156
2155
2153
2153
2155
2152
2148
2147
2147
2145
2146
2147
2145
2140
2139
2140
2137
2138
2144
2143
2138
2140
2142
2138
2135
2138
2139
2135
2131
2129
2126
2124
2131
2140
2136
2127
2125
2124
2123
2121
2117
2118
2122
2121
2121
2123
2117
2115
2118
2118
2115
2109
2104
2104
2106
2109
2114
2115
2116
2120
2119
2114
2113
2111
2103
2098
2101
2102
2098
2098
2099
2100
2102
2106
2111
2116
2116
2117
2117
2114
2114
2119
2117
2116
2117
2117
2119
2121
2121
2121
2124
2125
2122
2121
2122
2124
2123
2121
2121
2123
2121
2120
2122
2123
2119
2115
2114
2115
2117
2115
2113
2113
2118
2123
2125
2123
2123
2126
2128
2130
2129
2127
2128
2132
2133
2131
2131
2131
2131
2130
2129
2129
2130
2129
2125
2123
2123
2125
2130
2123
2120
2122
2121
2117
2116
2118
2122
2126
2122
2114
2113
2116
2114
2116
2123
2125
2121
2123
2125
2113
2103
2106
2108
2106
2108
2111
2109
2110
2109
2104
2101
2102
2099
2097
2100
2100
2101
2106
2108
2107
2108
2108
2107
2106
2100
2097
2097
2095
2092
2092
2096
2101
2102
2102
2103
2102
2097
2097
2098
2094
2095
2099
2098
2098
2098
2097
2108
2116
2109
2105
2109
2110
2106
2101
2098
2101
2101
2097
2098
2102
2103
2101
2101
2101
2102
2100
2098
2099
2098
2092
2089
2090
2089
2085
2085
2088
2090
2088
2087
2082
2076
2074
2071
2068
2070
2075
2076
2073
2077
2083
2081
2076
2075
2076
2077
2081
2079
2080
2088
2091
2090
2091
2091
2090
2091
2090
2088
2093
2095
2096
2099
2099
2097
2097
2102
2107
2103
2098
2097
2098
2104
2110
2109
2106
2106
2109
2111
2109
2107
2108
2109
2110
2110
2108
2109
2109
2107
2111
2114
2112
2114
2117
2115
2115
2117
2111
2107
2111
2117
2116
2117
2123
2124
2121
2121
2118
2114
2114
2115
2109
2107
2111
2116
2116
2117
2119
2118
2119
2122
2118
2112
2114
2117
2114
2115
2120
2123
2124
2124
2126
2125
2122
2122
2123
2123
2120
2121
2124
2124
2125
2129
2130
2129
2131
2130
2128
2128
2127
2123
2121
2126
2132
2131
2129
2131
2129
2129
2131
2129
2128
2130
2127
2122
2123
2125
2124
2122
2124
2128
2127
2122
2124
2127
2123
2121
2123
2122
2120
2123
2131
2137
2137
2134
2132
2132
2132
2130
2128
2130
2131
2133
2137
2139
2138
2138
2138
2138
2139
2134
2128
2128
2130
2130
2131
2134
2139
2144
2143
2139
2143
2144
2134
2128
2128
2123
2120
2118
2115
2118
2122
2123
2122
2122
2126
2126
2124
2122
2121
2123
2124
2121
2121
2123
2120
2120
2127
2127
2122
2121
2123
2120
2115
2114
2114
2114
2114
2112
2110
2115
2116
2108
2107
2111
2108
2105
2107
2105
2104
2106
2100
2095
2100
2107
2109
2113
2119
2124
2125
2125
2124
2123
2122
2121
2121
2122
2122
2124
2121
2114
2115
2115
2110
2112
2116
2110
2102
2104
2108
2108
2106
2103
2098
2097
2099
2099
2097
2094
2092
2091
2089
2084
2082
2083
2082
2080
2089
2092
2077
2071
2079
2075
2064
2069
2064
2064
2066
2061
2056
2061
2069
2066
2064
2068
2070
2069
2067
2068
2066
2062
2063
2068
2067
2065
2069
2071
2068
2065
2068
2073
2068
2061
2062
2061
2057
2061
2066
2067
2068
2069
2069
2070
2068
2062
2055
2050
2050
2050
2050
2050
2049
2053
2060
2060
2058
2059
2059
2055
2054
2051
2045
2043
2049
2051
2049
2054
2060
2058
2063
2068
2064
2064
2068
2061
2056
2060
2059
2059
2066
2068
2068
2074
2075
2068
2066
2069
2065
2061
2062
2062
2061
2067
2074
2076
2079
2084
2088
2089
2083
2076
2079
2081
2077
2076
2079
2082
2083
2082
2086
2094
2089
2084
2092
2091
2083
2083
2085
2085
2085
2089
2098
2102
2100
2104
2108
2107
2108
2104
2100
2101
2103
2106
2107
2109
2112
2116
2122
2126
2130
2131
2123
2119
2123
2124
2122
2121
2121
2121
2122
2123
2126
2131
2133
2132
2132
2132
2130
2131
2135
2135
2129
2133
2142
2140
2136
2136
2136
2138
2138
2136
2138
2137
2129
2129
2132
2132
2132
2135
2137
2138
2141
2140
2137
2139
2140
2138
2142
2145
2144
2142
2143
2145
2143
2139
2134
2132
2130
2132
2136
2139
2140
2139
2139
2139
2140
2140
2138
2143
2148
2146
2144
2148
2147
2140
2139
2145
2147
2148
2151
2150
2150
2153
2153
2154
2155
2154
2151
2148
2146
2150
2154
2154
2155
2152
2147
2148
2154
2156
2153
2152
2151
2147
2148
2153
2155
2153
2153
2151
2147
2150
2153
2150
2156
2163
2158
2156
2161
2161
2160
2160
2160
2156
2147
2147
2155
2156
2152
2154
2155
2153
2154
2160
2160
2154
2152
2153
2151
2148
2151
2155
2155
2153
2156
2156
2156
2158
2157
2156
2152
2149
2153
2155
2153
2151
2151
2150
2153
2156
2155
2153
2151
2151
2150
2143
2137
2141
2148
2145
2143
2150
2146
2137
2140
2147
2146
2142
2139
2138
2139
2138
2141
2148
2148
2148
2148
2143
2139
2140
2138
2136
2137
2135
2136
2140
2141
2141
2144
2147
2147
2141
2137
2138
2139
2138
2137
2136
2138
2141
2142
2147
2153
2150
2145
2143
2137
2130
2130
2133
2132
2131
2133
2138
2140
2140
2139
2133
2129
2135
2138
2128
2121
2122
2122
2121
2127
2137
2140
2138
2139
2138
2134
2131
2125
2120
2123
2129
2132
2132
2138
2136
2129
2132
2129
2135
2158
2153
2123
2113
2124
2132
2127
2131
2153
2157
2136
2126
2126
2122
2124
2123
2119
2120
2126
2132
2130
2132
2140
2139
2134
2135
2134
2132
2136
2142
2139
2131
2129
2129
2128
2133
2139
2139
2138
2141
2140
2133
2130
2131
2130
2134
2139
2138
2142
2146
2143
2141
2142
2138
2137
2140
2141
2136
2140
2159
2161
2140
2136
2148
2148
2144
2146
2144
2146
2151
2150
2146
2147
2151
2150
2146
2146
2149
2144
2135
2139
2154
2156
2147
2149
2158
2157
2153
2157
2161
2157
2145
2136
2137
2134
2132
2137
2139
2136
2138
2138
2139
2147
2146
2141
2144
2145
2136
2131
2132
2134
2135
2133
2130
2132
2138
2140
2136
2143
2155
2146
2127
2132
2132
2133
2132
2128
2130
2134
2131
2125
2126
2130
2130
2129
2131
2129
2126
2129
2132
2130
2128
2130
2133
2131
2122
2119
2123
2126
2127
2130
2130
2127
2123
2122
2123
2124
2123
2121
2123
2123
2121
2124
2130
2132
2125
2125
2130
2127
2122
2122
2123
2120
2116
2113
2115
2121
2129
2132
2126
2127
2131
2126
2124
2133
2130
2123
2130
2138
2138
2137
2138
2144
2146
2139
2135
2138
2139
2140
2146
2147
2146
2146
2146
2147
2147
2147
2149
2153
2153
2147
2149
2155
2151
2145
2149
2154
2155
2155
2148
2140
2149
2157
2151
2144
2146
2149
2148
2146
2147
2152
2148
2139
2136
2142
2147
2144
2141
2146
2152
2155
2159
2159
2155
2154
2155
2156
2152
2147
2144
2147
2154
2160
2158
2155
2154
2153
2152
2148
2147
2146
2146
2145
2146
2145
2146
2148
2149
2147
2146
2151
2151
2142
2136
2139
2141
2138
2140
2147
2143
2137
2140
2148
2146
2145
2143
2140
2139
2140
2138
2139
2146
2149
2147
2145
2148
2152
2150
2147
2145
2144
2145
2141
2141
2153
2158
2152
2153
2155
2153
2154
2148
2135
2127
2129
2132
2132
2131
2135
2138
2136
2139
2153
2157
2148
2145
2148
2148
2148
2150
2149
2150
2158
2169
2173
2170
2169
2172
2171
2167
2161
2154
2154
2156
2153
2158
2166
2159
2155
2162
2166
2161
2160
2164
2163
2153
2145
2146
2149
2150
2151
2161
2175
2168
2149
2152
2167
2164
2155
2157
2165
2166
2159
2154
2156
2160
2155
2160
2164
2161
2157
2153
2155
2156
2148
2147
2155
2155
2152
2155
2155
2151
2153
2154
2148
2146
2149
2148
2147
2148
2144
2138
2135
2137
2142
2141
2144
2161
2164
2143
2138
2152
2148
2139
2143
2144
2138
2132
2134
2135
2134
2138
2139
2133
2135
2141
2130
2120
2123
2123
2121
2126
2127
2122
2121
2123
2124
2124
2123
2123
2127
2127
2124
2121
2120
2121
2120
2117
2117
2116
2114
2119
2119
2115
2117
2119
2115
2113
2113
2113
2116
2116
2115
2115
2116
2118
2117
2114
2114
2116
2118
2121
2122
2122
2123
2117
2113
2116
2117
2114
2115
2117
2115
2115
2117
2115
2113
2116
2120
2120
2118
2114
2113
2118
2122
2123
2122
2123
2128
2129
2130
2130
2122
2116
2120
2113
2120
2124
2124
2127
2126
2125
2134
2136
2125
2121
2125
2123
2120
2125
2129
2131
2129
2129
2135
2136
2131
2128
2125
2125
2126
2123
2124
2130
2129
2124
2122
2122
2125
2124
2127
2133
2131
2132
2140
2135
2123
2129
2134
2123
2121
2131
2133
2131
2132
2131
2132
2130
2126
2132
2128
2116
2120
2130
2125
2122
2125
2124
2126
2130
2125
2125
2129
2126
2120
2126
2132
2126
2123
2130
2134
2132
2131
2134
2140
2139
2131
2132
2140
2142
2137
2132
2133
2141
2146
2143
2135
2135
2142
2141
2135
2132
2129
2129
2132
2131
2135
2145
2137
2127
2137
2140
2130
2130
2138
2142
2142
2137
2133
2138
2138
2134
2137
2141
2137
2137
2144
2144
2137
2137
2141
2139
2140
2138
2140
2151
2153
2145
2144
2148
2147
2147
2145
2146
2158
2160
2148
2144
2144
2139
2144
2150
2146
2149
2155
2155
2151
2146
2143
2143
2138
2132
2135
2140
2143
2152
2153
2146
2147
2151
2148
2148
2146
2143
2152
2158
2148
2143
2155
2163
2153
2145
2153
2159
2156
2150
2143
2147
2153
2151
2161
2168
2157
2156
2166
2163
2154
2153
2152
2148
2158
2166
2155
2153
2168
2171
2158
2156
2176
2185
2172
2166
2168
2158
2152
2153
2145
2149
2156
2152
2154
2153
2139
2134
2141
2144
2146
2148
2147
2144
2141
2141
2147
2151
2144
2135
2141
2148
2140
2133
2138
2142
2138
2138
2144
2141
2134
2141
2149
2139
2134
2141
2143
2144
2147
2147
2149
2153
2151
2145
2140
2146
2146
2146
2147
2152
2155
2150
2145
2152
2154
2145
2145
2152
2150
2140
2139
2142
2140
2134
2130
2128
2131
2135
2134
2130
2125
2124
2125
2126
2128
2123
2122
2129
2125
2116
2120
2124
2114
2108
2112
2115
2113
2114
2115
2108
2101
2107
2109
2102
2102
2105
2104
2106
2109
2108
2103
2100
2101
2101
2098
2101
2102
2097
2100
2103
2099
2101
2104
2100
2098
2100
2100
2098
2098
2098
2100
2102
2105
2107
2108
2109
2108
2107
2107
2110
2107
2098
2100
2107
2110
2112
2114
2117
2118
2113
2114
2121
2117
2110
2113
2119
2121
2122
2126
2130
2131
2134
2140
2140
2137
2134
2129
2129
2133
2138
2138
2136
2139
2140
2139
2139
2140
2139
2137
2142
2145
2139
2137
2144
2140
2140
2147
2149
2142
2135
2136
2140
2141
2139
2137
2137
2138
2139
2140
2138
2138
2138
2137
2138
2137
2137
2143
2144
2139
2140
2142
2139
2138
2139
2137
