2137
2131
2121
2129
2151
2158
2157
2159
2151
2137
2130
2134
2135
2134
2131
2128
2132
2131
2132
2135
2134
2124
2117
2111
2103
2107
2111
2113
2125
2121
2110
2122
2131
2114
2113
2129
2134
2137
2144
2154
2154
2141
2135
2135
2148
2162
2143
2128
2146
2142
2126
2139
2138
2115
2116
2124
2124
2124
2117
2115
2124
2130
2129
2134
2132
2120
2120
2122
2121
2130
2141
2140
2138
2139
2133
2130
2132
2127
2118
2109
2109
2119
2126
2124
2122
2123
2127
2130
2122
2112
2110
2108
2115
2124
2114
2103
2119
2137
2134
2124
2122
2121
2108
2099
2117
2135
2124
2110
2117
2120
2114
2113
2114
2121
2124
2112
2108
2120
2115
2111
2103
2113
2124
2115
2111
2121
2116
2107
2110
2112
2110
2108
2112
2115
2106
2096
2089
2084
2088
2081
2072
2104
2134
2118
2113
2127
2125
2121
2120
2110
2111
2129
2135
2121
2118
2131
2134
2129
2135
2136
2119
2105
2103
2106
2100
2102
2117
2115
2105
2107
2095
2081
2091
2101
2100
2096
2084
2090
2120
2119
2108
2126
2130
2108
2098
2104
2105
2104
2100
2089
2094
2106
2107
2114
2115
2100
2102
2115
2099
2082
2100
2119
2124
2131
2131
2129
2128
2124
2112
2103
2113
2122
2118
2117
2128
2143
2137
2115
2115
2124
2116
2112
2114
2098
2090
2100
2101
2100
2107
2122
2134
2129
2117
2124
2128
2103
2096
2109
2098
2081
2099
2127
2128
2130
2158
2171
2158
2159
2158
2143
2134
2138
2147
2154
2151
2158
2171
2155
2129
2125
2122
2110
2114
2115
2108
2116
2122
2123
2125
2121
2125
2141
2137
2114
2112
2121
2124
2120
2111
2117
2140
2149
2136
2127
2133
2142
2136
2116
2112
2116
2114
2110
2110
2122
2134
2129
2123
2130
2135
2128
2115
2110
2117
2116
2104
2103
2111
2114
2115
2115
2110
2106
2109
2107
2100
2095
2089
2081
2082
2084
2081
2082
2090
2094
2090
2088
2085
2076
2070
2074
2077
2074
2073
2075
2075
2076
2075
2074
2079
2083
2084
2090
2089
2079
2086
2103
2111
2116
2114
2110
2116
2119
2113
2114
2108
2098
2101
2108
2103
2097
2101
2108
2108
2105
2110
2109
2095
2089
2096
2096
2091
2091
2093
2102
2099
2099
2099
2094
2094
2095
2092
2094
2098
2103
2106
2106
2102
2100
2101
2097
2089
2090
2099
2100
2097
2097
2103
2115
2124
2119
2108
2100
2098
2101
2098
2093
2089
2090
2102
2115
2112
2101
2104
2110
2103
2097
2095
2101
2103
2090
2091
2113
2115
2103
2111
2122
2119
2116
2116
2114
2107
2103
2106
2105
2112
2127
2131
2124
2124
2133
2134
2122
2113
2110
2109
2105
2103
2116
2135
2143
2141
2146
2154
2153
2141
2136
2138
2130
2119
2119
2125
2128
2128
2132
2139
2139
2128
2121
2122
2116
2106
2108
2116
2110
2103
2110
2117
2118
2127
2130
2131
2134
2125
2114
2120
2124
2115
2120
2127
2117
2112
2121
2129
2130
2133
2139
2135
2120
2117
2125
2113
2094
2102
2104
2107
2109
2101
2098
2106
2116
2116
2108
2107
2109
2106
2104
2109
2110
2104
2108
2119
2125
2120
2113
2117
2122
2120
2120
2117
2118
2122
2118
2114
2121
2120
2114
2120
2126
2123
2123
2125
2118
2110
2116
2122
2120
2125
2138
2145
2144
2153
2166
2165
2167
2170
2166
2165
2168
2162
2153
2153
2155
2156
2158
2163
2164
2154
2154
2158
2150
2148
2154
2151
2145
2147
2146
2143
2146
2145
2140
2137
2135
2142
2160
2158
2129
2123
2141
2142
2131
2128
2125
2120
2122
2126
2123
2122
2123
2111
2097
2096
2105
2114
2117
2120
2126
2127
2123
2129
2135
2127
2116
2114
2118
2123
2130
2132
2122
2111
2122
2137
2127
2111
2114
2116
2111
2106
2100
2097
2113
2117
2118
2116
2118
2117
2109
2111
2124
2123
2112
2106
2106
2112
2115
2112
2119
2127
2122
2129
2142
2140
2141
2151
2149
2146
2149
2146
2140
2138
2138
2139
2137
2130
2129
2134
2131
2134
2143
2139
2128
2121
2116
2112
2110
2106
2102
2109
2119
2111
2097
2103
2120
2130
2125
2116
2120
2119
2111
2123
2134
2128
2136
2136
2113
2114
2126
2116
2113
2113
2095
2098
2115
2111
2108
2113
2114
2125
2135
2117
2099
2106
2119
2122
2116
2114
2115
2117
2124
2126
2116
2107
2107
2110
2114
2117
2108
2101
2107
2111
2105
2107
2113
2108
2108
2117
2114
2108
2111
2109
2101
2106
2108
2106
2114
2120
2123
2132
2131
2124
2128
2141
2144
2139
2141
2140
2132
2130
2134
2129
2126
2130
2135
2131
2121
2115
2113
2114
2114
2116
2123
2126
2117
2106
2107
2115
2113
2105
2108
2111
2114
2122
2122
2116
2120
2125
2125
2129
2133
2131
2127
2123
2124
2121
2118
2126
2131
2126
2118
2116
2121
2123
2121
2126
2131
2133
2140
2135
2120
2123
2132
2129
2127
2132
2131
2130
2132
2132
2130
2127
2120
2117
2121
2123
2119
2121
2126
2123
2123
2129
2129
2121
2116
2118
2122
2118
2107
2110
2118
2115
2114
2121
2126
2122
2122
2123
2120
2123
2126
2116
2102
2110
2117
2104
2109
2126
2114
2104
2118
2124
2116
2114
2117
2126
2130
2118
2113
2116
2111
2104
2104
2112
2117
2123
2129
2124
2116
2113
2117
2121
2109
2096
2103
2116
2108
2106
2110
2097
2102
2109
2107
2111
2110
2105
2108
2103
2097
2105
2113
2114
2117
2108
2097
2098
2099
2096
2096
2103
2106
2110
2115
2117
2116
2114
2102
2096
2106
2105
2093
2097
2103
2104
2109
2110
2102
2100
2100
2096
2101
2110
2104
2088
2090
2111
2123
2122
2125
2128
2117
2106
2115
2121
2116
2121
2124
2115
2111
2115
2114
2115
2118
2114
2108
2106
2107
2105
2107
2111
2105
2098
2101
2106
2106
2105
2099
2100
2112
2113
2104
2107
2116
2109
2094
2091
2102
2110
2108
2110
2115
2115
2114
2111
2101
2092
2095
2103
2108
2107
2100
2096
2101
2107
2109
2107
2098
2092
2096
2100
2100
2096
2098
2112
2121
2113
2111
2119
2115
2106
2105
2107
2108
2107
2107
2112
2114
2113
2116
2118
2125
2132
2128
2117
2111
2113
2116
2121
2127
2132
2139
2141
2139
2129
2123
2128
2132
2124
2122
2132
2129
2118
2115
2118
2120
2123
2123
2120
2122
2123
2119
2119
2124
2123
2114
2107
2106
2107
2107
2104
2107
2110
2109
2108
2115
2122
2124
2123
2123
2124
2128
2128
2123
2114
2112
2114
2113
2120
2130
2126
2118
2121
2125
2123
2121
2119
2118
2119
2122
2122
2117
2117
2124
2127
2118
2113
2116
2115
2109
2109
2120
2122
2111
2102
2107
2118
2123
2122
2120
2121
2123
2124
2119
2107
2108
2123
2130
2133
2146
2157
2153
2152
2156
2148
2141
2149
2158
2156
2153
2154
2152
2149
2146
2143
2143
2143
2138
2132
2138
2144
2143
2144
2146
2140
2135
2138
2132
2134
2139
2132
2128
2141
2142
2129
2129
2135
2139
2138
2132
2133
2138
2135
2127
2128
2131
2130
2134
2138
2131
2133
2152
2149
2129
2126
2135
2135
2128
2124
2130
2131
2121
2122
2133
2133
2129
2136
2141
2139
2137
2136
2133
2127
2128
2137
2138
2133
2135
2141
2141
2139
2138
2141
2142
2134
2127
2124
2123
2129
2133
2131
2135
2146
2153
2158
2165
2166
2163
2162
2156
2152
2158
2159
2149
2141
2143
2152
2149
2143
2147
2145
2137
2144
2151
2146
2142
2145
2145
2139
2138
2143
2143
2135
2129
2129
2131
2128
2124
2127
2130
2133
2139
2141
2138
2139
2142
2135
2122
2119
2121
2121
2127
2133
2127
2124
2126
2123
2126
2132
2129
2126
2128
2121
2119
2132
2132
2127
2125
2123
2121
2125
2128
2120
2113
2125
2133
2124
2123
2123
2115
2116
2120
2118
2117
2121
2123
2122
2122
2127
2132
2128
2125
2124
2118
2112
2109
2114
2128
2133
2130
2135
2141
2143
2155
2167
2159
2150
2147
2146
2147
2147
2141
2138
2139
2139
2140
2141
2138
2139
2137
2130
2125
2129
2140
2147
2141
2132
2133
2137
2133
2131
2131
2131
2135
2139
2138
2135
2133
2137
2145
2141
2137
2143
2148
2144
2138
2138
2137
2134
2130
2131
2135
2139
2139
2139
2143
2145
2146
2143
2137
2137
2138
2136
2139
2140
2137
2139
2141
2139
2140
2140
2134
2128
2129
2134
2139
2138
2135
2138
2135
2127
2132
2140
2138
2137
2139
2141
2138
2132
2130
2133
2136
2132
2128
2132
2142
2145
2145
2146
2141
2142
2147
2146
2146
2149
2146
2142
2141
2138
2143
2150
2146
2143
2148
2148
2143
2146
2150
2147
2141
2140
2141
2137
2129
2128
2132
2132
2132
2133
2128
2127
2136
2140
2136
2136
2141
2144
2143
2139
2138
2137
2135
2139
2140
2129
2124
2129
2128
2126
2129
2132
2131
2131
2133
2132
2124
2118
2118
2122
2126
2128
2129
2127
2120
2124
2136
2134
2127
2127
2126
2124
2129
2134
2134
2131
2129
2128
2130
2131
2124
2110
2107
2119
2125
2118
2113
2118
2123
2131
2136
2140
2154
2167
2165
2159
2165
2161
2146
2145
2158
2163
2155
2152
2161
2165
2154
2149
2153
2155
2149
2139
2138
2142
2131
2123
2136
2141
2135
2144
2142
2137
2140
2136
2133
2131
2129
2132
2138
2137
2140
2140
2134
2138
2145
2133
2122
2128
2131
2125
2125
2129
2134
2135
2130
2130
2141
2142
2132
2127
2129
2129
2129
2132
2129
2131
2138
2138
2138
2138
2132
2136
2151
2153
2145
2146
2150
2144
2131
2124
2127
2136
2144
2145
2139
2129
2122
2122
2126
2132
2138
2138
2137
2140
2149
2161
2168
2171
2173
2168
2162
2160
2158
2160
2167
2163
2151
2154
2163
2161
2153
2146
2142
2139
2139
2139
2139
2138
2139
2141
2138
2141
2151
2152
2146
2140
2138
2139
2140
2137
2134
2133
2139
2146
2147
2151
2154
2147
2140
2138
2137
2136
2140
2137
2130
2130
2138
2137
2128
2135
2147
2140
2128
2130
2133
2133
2128
2124
2129
2123
2125
2124
2119
2121
2127
2129
2134
2133
2124
2126
2129
2123
2119
2118
2116
2115
2115
2114
2117
2112
2105
2111
2120
2125
2132
2130
2124
2127
2130
2128
2135
2143
2139
2137
2138
2132
2124
2122
2123
2129
2134
2131
2127
2128
2129
2130
2128
2126
2123
2124
2134
2139
2132
2129
2134
2132
2129
2134
2132
2124
2128
2134
2130
2131
2140
2138
2134
2139
2138
2127
2125
2129
2126
2120
2120
2125
2119
2105
2113
2128
2117
2103
2104
2102
2106
2121
2124
2120
2130
2128
2113
2116
2121
2104
2095
2098
2095
2096
2104
2110
2119
2126
2134
2142
2138
2131
2125
2106
2099
2097
2072
2070
2107
2121
2113
2123
2128
2121
2128
2134
2127
2119
2118
2113
2104
2102
2104
2111
2115
2116
2123
2126
2117
2104
2091
2080
2073
2065
2064
2066
2063
2069
2076
2072
2072
2074
2067
2069
2071
2056
2043
2044
2041
2039
2057
2078
2082
2075
2075
2078
2070
2061
2059
2057
2057
2058
2048
2040
2053
2064
2058
2054
2062
2064
2062
2064
2066
2061
2058
2068
2068
2051
2048
2062
2072
2073
2071
2070
2073
2078
2083
2095
2095
2077
2069
2083
2090
2085
2087
2092
2107
2117
2102
2089
2114
2150
2177
2206
2221
2224
2233
2254
2274
2280
2289
2319
2347
2355
2351
2341
2335
2334
2332
2334
2328
2312
2305
2304
2294
2280
2277
2292
2296
2270
2258
2264
2252
2242
2248
2242
2228
2218
2216
2216
2206
2196
2199
2204
2205
2205
2210
2218
2202
2180
2190
2182
2184
2192
2177
2159
2161
2165
2155
2146
2146
2147
2143
2139
2140
2139
2137
2139
2138
2134
2136
2135
2126
2122
2123
2119
2110
2106
2106
2102
2103
2109
2104
2091
2092
2102
2110
2109
2101
2098
2098
2088
2082
2085
2081
2078
2092
2101
2096
2090
2098
2112
2117
2119
2125
2130
2129
2135
2142
2129
2121
2129
2123
2110
2113
2113
2105
2103
2098
2096
2105
2110
2106
2103
2101
2094
2090
2100
2104
2100
2099
2098
2091
2088
2094
2092
2084
2092
2100
2087
2078
2090
2106
2105
2088
2082
2092
2093
2096
2110
2103
2083
2074
2074
2079
2080
2083
2102
2110
2106
2107
2100
2095
2105
2103
2103
2122
2115
2089
2088
2094
2090
2091
2100
2104
2093
2078
2085
2092
2087
2107
2111
2104
2118
2126
2122
2129
2128
2108
2101
2112
2108
2094
2098
2107
2101
2097
2109
2120
2123
2126
2135
2149
2150
2145
2151
2153
2146
2146
2148
2146
2148
2143
2129
2125
2136
2140
2130
2126
2130
2128
2128
2133
2127
2119
2118
2116
2119
2121
2117
2120
2126
2120
2118
2126
2127
2124
2128
2130
2132
2135
2130
2120
2122
2124
2109
2098
2108
2120
2123
2123
2116
2102
2090
2087
2089
2094
2096
2094
2091
2085
2076
2073
2072
2075
2082
2084
2081
2083
2086
2085
2084
2082
2083
2084
2079
2079
2087
2089
2085
2087
2090
2086
2084
2094
2099
2090
2092
2108
2114
2110
2114
2117
2114
2117
2123
2121
2117
2123
2137
2149
2151
2159
2183
2198
2180
2175
2167
2158
2164
2164
2160
2165
2154
2136
2139
2144
2131
2125
2134
2111
2055
2037
2072
2103
2113
2116
2106
2089
2079
2073
2070
2075
2085
2088
2084
2088
2096
2087
2075
2080
2085
2082
2083
2091
2091
2082
2075
2078
2084
2079
2073
2074
2076
2077
2078
2075
2076
2081
2083
2084
2083
2084
2094
2094
2079
2078
2086
2089
2093
2094
2087
2094
2105
2098
2089
2092
2094
2091
2091
2085
2077
2081
2084
2084
2090
2095
2089
2084
2083
2082
2080
2081
2090
2103
2108
2104
2111
2126
2134
2134
2140
2142
2127
2107
2108
2120
2117
2114
2121
2119
2107
2107
2109
2100
2094
2103
2108
2102
2103
2106
2103
2105
2103
2090
2088
2099
2102
2101
2104
2102
2098
2101
2107
2110
2107
2105
2106
2103
2102
2108
2108
2106
2108
2109
2107
2109
2108
2102
2105
2110
2103
2096
2109
2117
2101
2092
2104
2110
2104
2100
2097
2091
2094
2108
2119
2111
2103
2108
2110
2106
2115
2125
2117
2108
2113
2120
2118
2112
2112
2122
2128
2122
2122
2123
2116
2112
2109
2105
2114
2132
2147
2155
2157
2157
2162
2169
2167
2160
2157
2155
2143
2137
2147
2155
2159
2165
2164
2152
2148
2146
2139
2131
2127
2132
2137
2145
2157
2160
2153
2151
2148
2139
2130
2122
2122
2128
2132
2136
2139
2141
2146
2154
2154
2149
2149
2146
2133
2122
2126
2131
2132
2134
2135
2139
2139
2132
2128
2130
2128
2123
2117
2112
2113
2116
2115
2114
2117
2123
2125
2125
2126
2112
2118
2122
2108
2101
2113
2117
2108
2103
2109
2118
2114
2106
2106
2107
2104
2098
2098
2106
2113
2117
2126
2131
2136
2147
2154
2157
2163
2163
2158
2162
2165
2157
2151
2151
2146
2140
2137
2135
2132
2127
2124
2128
2131
2128
2133
2139
2134
2126
2125
2126
2121
2114
2115
2126
2132
2128
2121
2126
2128
2122
2120
2123
2122
2117
2113
2117
2129
2124
2113
2123
2135
2132
2131
2131
2123
2122
2125
2119
2114
2115
2113
2111
2124
2135
2132
2130
2132
2129
2131
2130
2121
2122
2129
2124
2122
2131
2134
2130
2131
2126
2112
2109
2112
2106
2101
2104
2109
2113
2116
2116
2118
2119
2115
2115
2125
2131
2128
2130
2137
2139
2146
2163
2171
2171
2167
2157
2152
2151
2140
2130
2132
2136
2133
2138
2147
2141
2141
2149
2144
2140
2141
2132
2121
2119
2119
2119
2123
2131
2140
2141
2136
2132
2124
2117
2116
2115
2107
2107
2120
2122
2121
2132
2133
2112
2101
2111
2118
2115
2113
2110
2107
2111
2115
2106
2107
2120
2119
2108
2108
2106
2094
2089
2091
2090
2089
2092
2099
2106
2110
2109
2106
2106
2109
2114
2113
2108
2113
2119
2114
2111
2123
2134
2130
2123
2122
2120
2116
2112
2111
2121
2136
2145
2148
2152
2157
2162
2162
2155
2154
2154
2146
2138
2136
2138
2146
2154
2154
2153
2152
2141
2137
2148
2146
2127
2122
2127
2123
2121
2129
2135
2132
2131
2135
2135
2127
2124
2130
2133
2129
2131
2138
2142
2139
2134
2136
2149
2140
2126
2118
2116
2113
2110
2119
2129
2131
2136
2142
2136
2120
2104
2087
2077
2079
2089
2103
2113
2113
2115
2123
2124
2115
2109
2112
2111
2106
2109
2114
2106
2095
2096
2102
2105
2105
2105
2109
2106
2101
2110
2116
2108
2109
2127
2138
2144
2158
2167
2162
2161
2164
2156
2153
2165
2168
2159
2152
2150
2147
2145
2144
2142
2148
2155
2152
2145
2146
2148
2146
2141
2132
2130
2134
2128
2121
2128
2138
2131
2127
2137
2142
2152
2161
2141
2119
2129
2145
2147
2144
2131
2123
2132
2127
2113
2116
2128
2120
2111
2121
2124
2112
2104
2100
2099
2105
2108
2107
2106
2102
2097
2100
2097
2090
2093
2101
2100
2101
2108
2109
2109
2114
2111
2098
2091
2090
2094
2094
2092
2097
2100
2099
2098
2097
2096
2098
2103
2108
2120
2128
2133
2143
2147
2142
2148
2155
2149
2145
2142
2132
2130
2137
2136
2134
2134
2126
2123
2131
2130
2121
2121
2122
2116
2115
2115
2115
2115
2114
2115
2115
2116
2121
2126
2125
2120
2118
2116
2116
2116
2115
2114
2118
2119
2115
2117
2122
2123
2123
2119
2109
2107
2109
2106
2104
2107
2108
2106
2109
2110
2108
2112
2115
2109
2104
2106
2106
2104
2108
2109
2106
2104
2109
2115
2117
2116
2116
2118
2115
2110
2106
2106
2112
2115
2107
2106
2110
2107
2108
2116
2115
2113
2119
2127
2129
2128
2130
2131
2131
2138
2147
2149
2147
2144
2138
2138
2143
2136
2123
2123
2129
2125
2120
2121
2127
2134
2128
2129
2136
2130
2115
2115
2124
2118
2106
2111
2121
2122
2121
2120
2119
2122
2127
2132
2130
2134
2144
2142
2130
2132
2138
2135
2138
2141
2134
2126
2126
2130
2131
2126
2124
2126
2125
2120
2117
2117
2121
2127
2125
2109
2095
2098
2107
2109
2109
2114
2116
2113
2123
2135
2124
2105
2106
2117
2113
2103
2098
2096
2101
2108
2099
2084
2094
2114
2116
2114
2128
2137
2129
2130
2141
2139
2129
2124
2121
2122
2125
2127
2130
2128
2125
2129
2133
2132
2132
2128
2119
2114
2116
2115
2115
2117
2119
2119
2123
2124
2120
2114
2114
2117
2122
2124
2113
2104
2118
2130
2123
2121
2122
2116
2117
2116
2107
2108
2116
2119
2119
2117
2117
2123
2124
2116
2113
2115
2109
2107
2107
2110
2114
2109
2111
2122
2126
2122
2126
2131
2133
2134
2130
2128
2132
2132
2126
2130
2141
2141
2137
2137
2134
2129
2130
2131
2127
2137
2160
2161
2149
2158
2178
2181
2174
2169
2164
2155
2150
2155
2155
2145
2140
2146
2151
2149
2141
2135
2139
2142
2131
2119
2124
2138
2143
2134
2128
2132
2135
2137
2136
2130
2135
2139
2130
2130
2138
2132
2133
2143
2138
2132
2138
2141
2135
2128
2132
2140
2140
2138
2139
2137
2137
2136
2136
2133
2127
2121
2120
2126
2131
2128
2128
2137
2139
2136
2139
2132
2120
2117
2117
2113
2114
2116
2117
2123
2124
2116
2117
2122
2118
2115
2118
2112
2108
2110
2110
2115
2123
2126
2130
2130
2124
2127
2133
2136
2140
2139
2143
2145
2140
2138
2138
2139
2140
2133
2124
2123
2126
2127
2131
2136
2136
2142
2145
2140
2141
2138
2125
2122
2130
2127
2125
2130
2130
2125
2123
2121
2121
2124
2121
2114
2116
2123
2124
2129
2139
2138
2133
2132
2126
2113
2114
2126
2134
2141
2139
2130
2129
2133
2132
2131
2131
2129
2130
2127
2122
2122
2123
2122
2120
2116
2110
2115
2131
2131
2112
2108
2127
2133
2117
2109
2122
2132
2124
2124
2132
2126
2117
2122
2122
2112
2113
2122
2125
2129
2139
2141
2139
2145
2143
2139
2152
2160
2149
2146
2159
2161
2154
2154
2152
2147
2149
2141
2128
2134
2139
2129
2125
2132
2140
2141
2134
2127
2126
2126
2121
2111
2108
2115
2115
2117
2125
2125
2135
2139
2138
2135
2132
2135
2139
2133
2129
2132
2129
2127
2132
2132
2127
2128
2133
2129
2121
2128
2134
2129
2130
2138
2135
2131
2128
2124
2120
2120
2123
2130
2134
2132
2130
2132
2131
2124
2121
2123
2118
2113
2116
2121
2125
2123
2115
2111
2115
2121
2129
2140
2139
2130
2133
2140
2139
2143
2160
2167
2164
2164
2164
2165
2174
2181
2173
2155
2140
2133
2136
2139
2136
2145
2162
2164
2152
2148
2148
2140
2130
2124
2118
2110
2114
2131
2141
2136
2138
2147
2150
2148
2149
2147
2140
2133
2132
2133
2134
2136
2139
2142
2146
2146
2147
2149
2143
2135
2132
2127
2117
2113
2115
2112
2117
2134
2137
2128
2136
2143
2125
2118
2130
2126
2112
2108
2111
2128
2132
2131
2128
2123
2117
2109
2108
2111
2108
2108
2108
2104
2108
2117
2116
2114
2114
2109
2108
2113
2116
2119
2127
2135
2134
2136
2151
2161
2157
2155
2153
2141
2133
2130
2128
2127
2130
2137
2144
2144
2145
2147
2142
2136
2130
2123
2114
2111
2112
2114
2117
2126
2138
2136
2124
2126
2139
2145
2142
2136
2131
2129
2127
2122
2121
2124
2131
2131
2122
2125
2140
2141
2138
2140
2137
2129
2123
2110
2093
2087
2091
2098
2102
2103
2109
2117
2122
2126
2128
2127
2120
2110
2106
2109
2108
2104
2104
2105
2114
2123
2120
2117
2119
2115
2104
2099
2098
2100
2101
2104
2117
2123
2117
2121
2127
2119
2114
2115
2103
2094
2105
2120
2133
2144
2151
2157
2164
2162
2155
2150
2144
2139
2134
2133
2134
2137
2144
2153
2151
2149
2155
2153
2137
2130
2131
2128
2126
2127
2132
2134
2132
2134
2147
2158
2151
2138
2125
2115
2114
2121
2126
2128
2129
2132
2135
2133
2134
2150
2160
2147
2142
2149
2135
2122
2145
2166
2153
2140
2153
2180
2178
2129
2099
2121
2117
2082
2073
2081
2068
2047
2032
2039
2076
2091
2084
2107
2139
2133
2116
2109
2092
2069
2065
2082
2092
2079
2075
2093
2100
2099
2117
2134
2120
2106
2120
2131
2132
2140
2139
2119
2122
2146
2149
2145
2155
2158
2153
2156
2146
2126
2136
2156
2137
2118
2144
2162
2126
2114
2151
2156
2118
2105
2139
2154
2126
2106
2114
2143
2154
2127
2126
2168
2163
2113
2115
2118
2143
2163
2141
2141
2181
2180
2143
2132
2135
2143
2156
2138
2109
2127
2146
2136
2139
2156
2149
2128
2125
2135
2121
2107
2136
2158
2136
2122
2137
2141
2130
2133
2152
2151
2119
2114
2131
2119
2118
2147
2130
2093
2112
2135
2127
2122
2121
2113
2113
2124
2140
2153
2154
2166
2183
2183
2179
2179
2178
2175
2181
2195
2199
2187
2171
2169
2196
2223
2218
2200
2188
2173
2167
2178
2174
2160
2155
2151
2159
2178
2173
2150
2165
2179
2154
2152
2164
2150
2146
2165
2157
2140
2153
2169
2159
2149
2151
2154
2159
2155
2137
2133
2142
2137
2133
2140
2136
2139
2149
2135
2120
2139
2153
2139
2125
2125
2126
2120
2113
2115
2123
2119
2109
2106
2104
2100
2101
2115
2120
2109
2114
2134
2129
2118
2125
2124
2125
2132
2119
2109
2125
2145
2160
2171
2172
2173
2182
2194
2195
2174
2159
2167
2168
2156
2146
2150
2169
2178
2171
2166
2159
2142
2144
2149
2135
2140
2147
2124
2105
2122
2140
2132
2125
2135
2150
2144
2134
2142
2144
2130
2127
2133
2126
2124
2133
2142
2143
2141
2145
2153
2144
2115
2105
2129
2130
2100
2094
2105
2110
2122
2127
2120
2121
2126
2128
2130
2121
2114
2122
2117
2096
2099
2119
2115
2110
2130
2133
2116
2123
2136
2128
2125
2135
2133
2125
2119
2120
2133
2138
2132
2136
2141
2135
2144
2168
2174
2168
2175
2186
2182
2170
2167
2171
2171
2164
2160
2164
2173
2174
2162
2161
2171
2159
2139
2153
2150
2148
2160
2159
2153
2147
2146
2149
2141
2127
2126
2131
2133
2132
2134
2135
2146
2164
2166
2153
2151
2156
2155
2147
2142
2154
2160
2138
2132
2150
2148
2140
2155
2157
2134
2128
2146
2148
2139
2147
2156
2147
2134
2136
2154
2153
2131
2130
2145
2140
2132
2136
2134
2130
2132
2131
2130
2131
2124
2121
2128
2120
2101
2093
2098
2104
2106
2106
2109
2115
2124
2132
2138
2141
2149
2160
2160
2159
2160
2150
2142
2148
2150
2138
2137
2142
2133
2121
2123
2126
2124
2122
2120
2129
2135
2121
2110
2112
2111
2106
2102
2098
2100
2101
2097
2100
2104
2100
2102
2110
2106
2096
2099
2098
2088
2085
2090
2092
2094
2102
2102
2090
2097
2118
2108
2091
2105
2112
2092
2095
2097
2123
2122
2092
2097
2111
2105
2128
2140
2100
2094
2120
2115
2102
2104
2096
2083
2090
2092
2083
2082
2082
2074
2073
2083
2079
2070
2080
2096
2094
2093
2105
2116
2124
2130
2126
2120
2122
2123
2124
2126
2126
2125
2119
2112
2116
2125
2117
2100
2102
2109
2108
2110
2117
2121
2122
2118
2111
2110
2110
2103
2101
2104
2106
2106
2105
2100
2093
2101
2110
2104
2098
2098
2093
2094
2098
2093
2090
2090
2090
2104
2111
2096
2097
2109
2102
2095
2098
2091
2081
2082
2089
2090
2085
2082
2083
2085
2085
2083
2084
2091
2093
2086
2085
2091
2093
2092
2092
2088
2082
2078
2073
2068
2067
2070
2064
2053
2054
2068
2077
2084
2089
2088
2094
2102
2098
2106
2109
2115
2124
2124
2125
2135
2136
2128
2121
2111
2105
2104
2106
2114
2123
2123
2122
2127
2131
2131
2123
2107
2092
2081
2079
2085
2083
2082
2095
2104
2100
2101
2111
2110
2097
2090
2090
2084
2071
2070
2083
2092
2094
2098
2103
2101
2099
2102
2095
2083
2082
2078
2068
2070
2070
2062
2067
2078
2074
2067
2072
2082
2084
2081
2082
2084
2083
2082
2083
2083
2084
2088
2087
2082
2088
2100
2094
2081
2082
2088
2092
2098
2104
2120
2141
2147
2154
2169
2173
2164
2156
2148
2145
2150
2152
2147
2146
2148
2146
2141
2137
2129
2123
2123
2119
2108
2106
2111
2113
2115
2115
2117
2121
2119
2113
2109
2107
2104
2107
2106
2095
2091
2105
2111
2106
2108
2109
2100
2109
2107
2100
2104
2110
2108
2110
2109
2101
2104
2111
2099
2087
2095
2102
2093
2090
2096
2097
2090
2087
2091
2097
2102
2107
2107
2099
2097
2103
2098
2090
2093
2099
2098
2100
2098
2086
2081
2088
2089
2088
2098
2103
2104
2120
2135
2142
2151
2155
2155
2160
2160
2159
2167
2170
2162
2154
2153
2154
2146
2141
2147
2148
2141
2141
2147
2148
2143
2134
2137
2145
2142
2137
2140
2139
2136
2142
2141
2127
2129
2138
2125
2112
2123
2134
2129
2123
2122
2123
2129
2134
2130
2129
2131
2133
2133
2130
2125
2122
2123
2122
2120
2117
2116
2117
2115
2104
2098
2105
2111
2103
2100
2113
2119
2108
2107
2116
2113
2108
2107
2100
2096
2100
2101
2100
2106
2114
2113
2119
2119
2106
2101
2112
2118
2114
2110
2116
2127
2129
2128
2140
2152
2144
2128
2131
2151
2158
2147
2145
2148
2139
2145
2162
2160
2153
2157
2150
2135
2138
2140
2127
2128
2145
2143
2131
2138
2143
2133
2133
2138
2138
2135
2133
2130
2130
2132
2130
2131
2134
2129
2126
2132
2128
2112
2114
2124
2120
2121
2128
2126
2121
2124
2123
2116
2121
2124
2117
2120
2133
2126
2111
2117
2124
2124
2126
2127
2123
2124
2134
2137
2134
2136
2137
2128
2125
2129
2129
2134
2134
2124
2119
2125
2134
2138
2141
2148
2157
2157
2154
2150
2146
2152
2157
2149
2145
2148
2148
2147
2147
2141
2139
2139
2133
2128
2132
2133
2129
2130
2128
2132
2142
2143
2139
2138
2133
2135
2135
2121
2111
2115
2123
2124
2123
2128
2139
2141
2135
2128
2126
2125
2125
2133
2140
2138
2136
2144
2142
2131
2134
2138
2133
2132
2135
2133
2126
2125
2129
2133
2133
2136
2139
2140
2138
2134
2128
2124
2126
2130
2130
2133
2138
2137
2138
2141
2134
2127
2127
2132
2138
2136
2138
2148
2147
2145
2155
2165
2171
2179
2181
2177
2182
2194
2197
2188
2187
2202
2206
2196
2199
2204
2198
2192
2188
2184
2185
2184
2180
2184
2190
2186
2182
2191
2197
2188
2178
2175
2170
2169
2172
2164
2158
2169
2179
2177
2177
2180
2177
2170
2164
2159
2161
2161
2154
2156
2168
2168
2162
2163
2159
2152
2152
2147
2139
2139
2141
2141
2143
2144
2140
2131
2127
2137
2143
2127
2126
2123
2122
2126
2130
2131
2132
2133
2134
2130
2127
2123
2114
2108
2110
2114
2117
2118
2115
2117
2124
2128
2130
2133
2134
2138
2138
2136
2139
2138
2132
2128
2131
2135
2136
2139
2140
2135
2132
2139
2142
2130
2124
2130
2128
2117
2114
2119
2119
2119
2121
2115
2106
2107
2114
2115
2123
2132
2130
2128
2126
2122
2124
2122
2110
2108
2115
2111
2103
2103
2106
2111
2119
2116
2113
2116
2119
2116
2115
2114
2108
2106
2106
2103
2098
2101
2103
2098
2099
2106
2105
2100
2097
2092
2090
2091
2088
2091
2099
2100
2102
2109
2106
2100
2107
2108
2098
2094
2098
2098
2097
2103
2115
2117
2107
2108
2121
2123
2124
2129
2127
2119
2122
2130
2121
2106
2101
2102
2108
2115
2117
2118
2109
2098
2103
2106
2099
2100
2109
2106
2104
2111
2111
2108
2112
2122
2127
2125
2124
2124
2117
2111
2118
2123
2118
2116
2124
2127
2124
2127
2127
2123
2123
2122
2116
2117
2118
2113
2120
2132
2131
2125
2121
2121
2128
2132
2130
2130
2126
2115
2113
2119
2116
2116
2128
2126
2115
2114
2117
2117
2121
2122
2114
2115
2126
2135
2142
2150
2158
2161
2162
2165
2163
2159
2161
2169
2172
2172
2172
2170
2171
2179
2180
2169
2171
2177
2167
2158
2161
2163
2162
2162
2162
2169
2176
2173
2171
2172
2166
2169
2180
2177
2170
2172
2175
2176
2181
2185
2182
2168
2156
2153
2152
2150
2155
2157
2154
2154
2151
2145
2146
2148
2141
2136
2138
2146
2146
2140
2139
2139
2133
2123
2111
2100
2091
2086
2086
2093
2092
2084
2081
2077
2066
2060
2063
2067
2065
2066
2077
2086
2084
2083
2089
2095
2098
2100
2106
2117
2117
2110
2108
2098
2085
2081
2082
2083
2096
2106
2102
2100
2100
2094
2087
2082
2075
2070
2069
2064
2062
2069
2077
2078
2083
2096
2103
2100
2098
2095
2085
2074
2066
2063
2065
2069
2076
2082
2089
2098
2098
2097
2101
2095
2079
2068
2063
2061
2068
2075
2072
2079
2094
2098
2097
2100
2103
2099
2090
2080
2081
2083
2081
2081
2087
2091
2087
2087
2096
2102
2101
2100
2097
2086
2070
2065
2071
2077
2079
2079
2091
2113
2126
2122
2123
2125
2119
2112
2110
2105
2097
2100
2110
2121
2131
2132
2130
2135
2135
2129
2122
2116
2114
2116
2120
2129
2137
2142
2146
2155
2164
2165
2162
2158
2158
2161
2161
2156
2153
2152
2159
2180
2194
2187
2183
2187
2188
2182
2177
2178
2177
2169
2169
2176
2176
2178
2190
2199
2195
2190
2182
2172
2167
2167
2162
2158
2161
2162
2162
2173
2181
2179
2180
2180
2170
2161
2160
2153
2143
2143
2151
2157
2161
2169
2176
2176
2170
2166
2158
2145
2141
2148
2154
2161
2168
2174
2180
2193
2198
2188
2192
2203
2196
2182
2180
2171
2159
2162
2168
2169
2172
2183
2190
2185
2182
2184
2181
2172
2163
2154
2151
2155
2154
2153
2160
2165
2161
2167
2180
2177
2162
2160
2164
2157
2147
2152
2161
2157
2152
2155
2159
2162
2165
2159
2153
2143
2139
2148
2156
2154
2153
2158
2155
2151
2152
2151
2145
2142
2132
2122
2129
2133
2129
2135
2142
2142
2146
2145
2135
2131
2132
2126
2119
2121
2122
2116
2116
2124
2125
2121
2119
2117
2115
2109
2102
2098
2097
2106
2115
2114
2116
2130
2140
2140
2140
2141
2132
2120
2112
2100
2087
2085
2093
2095
2096
2103
2103
2099
2096
2095
2089
2078
2070
2068
2062
2059
2069
2075
2079
2094
2103
2104
2108
2109
2099
2093
2087
2072
2068
2076
2072
2063
2069
2081
2084
2084
2084
2088
2089
2086
2083
2078
2070
2070
2075
2074
2075
2077
2076
2079
2087
2086
2080
2085
2094
2093
2086
2085
2084
2081
2086
2093
2098
2102
2099
2094
2096
2095
2090
2087
2086
2100
2104
2104
2110
2119
2125
2124
2122
2119
2113
2117
2127
2126
2120
2121
2125
2128
2136
2141
2137
2127
2122
2122
2117
2113
2111
2111
2111
2114
2116
2117
2118
2117
2113
2110
2109
2107
2102
2096
2093
2101
2114
2117
2114
2114
2110
2105
2111
2116
2113
2113
2113
2106
2107
2114
2116
2120
2124
2122
2124
2132
2132
2134
2133
2125
2125
2129
2125
2121
2125
2127
2130
2132
2130
2134
2138
2135
2133
2135
2129
2128
2136
2136
2133
2136
2135
2129
2129
2135
2137
2133
2130
2134
2137
2140
2149
2156
2157
2154
2155
2158
2155
2154
2157
2156
2153
2153
2151
2145
2144
2148
2150
2149
2146
2145
2147
2146
2146
2148
2145
2137
2135
2138
2135
2132
2130
2125
2121
2127
2130
2133
2133
2130
2128
2131
2138
2144
2145
2146
2146
2145
2144
2147
2148
2141
2137
2138
2133
2129
2132
2138
2147
2148
2141
2136
2134
2135
2136
2132
2129
2137
2143
2145
2146
2145
2147
2150
2146
2133
2120
2112
2113
2118
2128
2141
2153
2160
2169
2173
2166
2160
2158
2149
2142
2148
2152
2149
2154
2165
2174
2186
2198
2204
2206
2209
2214
2210
2195
2188
2190
2184
2173
2170
2173
2177
2177
2175
2178
2180
2178
2172
2168
2168
2170
2168
2162
2161
2167
2171
2169
2171
2173
2167
2161
2162
2164
2161
2159
2155
2154
2158
2162
2163
2159
2157
2160
2162
2162
2159
2156
2155
2154
2154
2158
2162
2161
2159
2160
2160
2161
2162
2161
2157
2153
2152
2157
2160
2149
2143
2142
2139
2135
2133
2129
2131
2136
2134
2128
2128
2132
2132
2135
2140
2141
2143
2149
2150
2145
2142
2143
2145
2145
2143
2151
2156
2152
2146
2143
2138
2138
2135
2129
2131
2134
2133
2135
2139
2144
2147
2148
2150
2146
2134
2125
2118
2114
2112
2109
2114
2128
2132
2128
2130
2132
2127
2124
2123
2124
2128
2129
2126
2124
2124
2125
2133
2142
2139
2130
2130
2129
2124
2121
2117
2113
2115
2117
2115
2121
2131
2131
2126
2122
2123
2122
2116
2112
2115
2111
2103
2107
2115
2114
2114
2117
2118
2120
2126
2123
2116
2113
2109
2107
2109
2115
2119
2126
2135
2140
2141
2141
2139
2140
2143
2142
2137
2138
2141
2139
2138
2138
2130
2123
2128
2127
2114
2123
2122
2115
2114
2113
2109
2107
2110
2114
2112
2107
2100
2101
2112
2118
2116
2115
2117
2117
2118
2120
2118
2114
2115
2115
2109
2104
2106
2105
2101
2105
2109
2108
2105
2101
2101
2107
2110
2100
2095
2100
2102
2100
2105
2113
2113
2107
2105
2104
2096
2094
2098
2094
2088
2090
2096
2104
2107
2102
2100
2100
2093
2085
2081
2082
2087
2094
2098
2101
2112
2129
2135
2132
2132
2130
2125
2123
2121
2115
2113
2120
2123
2121
2123
2122
2117
2117
2114
2107
2106
2109
2105
2100
2104
2110
2107
2107
2111
2107
2105
2106
2098
2096
2102
2102
2098
2103
2108
2107
2105
2106
2114
2119
2113
2107
2107
2106
2103
2102
2101
2100
2107
2118
2117
2108
2107
2107
2090
2095
2094
2087
2092
2101
2102
2102
2105
2104
2106
2110
2110
2104
2096
2090
2087
2083
2082
2084
2088
2094
2101
2098
2092
2096
2104
2097
2090
2090
2086
2085
2090
2090
2096
2108
2107
2109
2122
2125
2122
2124
2116
2106
2109
2110
2100
2099
2102
2098
2100
2113
2116
2110
2108
2109
2106
2103
2101
2100
2105
2109
2106
2106
2116
2117
2109
2108
2108
2099
2101
2110
2107
2107
2115
2111
2103
2109
2115
2110
2105
2108
2106
2099
2099
2105
2109
2111
2111
2113
2115
2112
2108
2107
2108
2109
2105
2098
2105
2115
2112
2102
2096
2096
2101
2106
2109
2105
2097
2099
2108
2109
2101
2103
2112
2111
2103
2105
2110
2108
2108
2122
2134
2126
2121
2132
2136
2128
2124
2121
2123
2124
2119
2111
2112
2120
2122
2120
2123
2124
2121
2121
2119
2108
2099
2107
2121
2121
2121
2130
2134
2129
2129
2132
2132
2126
2116
2114
2115
2113
2117
2123
2128
2131
2131
2130
2134
2132
2119
2108
2101
2100
2101
2105
2110
2114
2119
2130
2140
2136
2126
2121
2117
2112
2103
2096
2095
2097
2099
2106
2115
2116
2116
2121
2116
2107
2110
2110
2098
2094
2098
2101
2108
2116
2117
2123
2137
2143
2136
2134
2138
2134
2129
2132
2131
2128
2133
2140
2144
2145
2147
2150
2141
2125
2119
2118
2114
2113
2115
2117
2121
2123
2126
2132
2134
2131
2132
2135
2126
2120
2120
2118
2113
2113
2120
2126
2129
2130
2136
2141
2142
2141
2130
2120
2118
2117
2113
2114
2113
2116
2122
2127
2132
2139
2141
2132
2121
2122
2126
2124
2120
2116
2112
2113
2117
2123
2128
2130
2127
2121
2117
2115
2112
2109
2103
2099
2105
2115
2115
2113
2116
2116
2118
2119
2118
2120
2120
2115
2117
2122
2123
2125
2126
2122
2122
2125
2121
2117
2123
2122
2112
2112
2118
2116
2111
2117
2128
2130
2121
2111
2104
2099
2099
2098
2098
2100
2097
2097
2103
2107
2105
2103
2105
2108
2109
2108
2108
2102
2094
2093
2097
2098
2101
2111
2116
2108
2099
2102
2108
2110
2103
2096
2096
2100
2102
2109
2121
2123
2117
2108
2099
2100
2109
2109
2103
2107
2115
2115
2117
2122
2122
2117
2114
2109
2104
2106
2106
2105
2108
2113
2117
2125
2132
2140
2158
2154
2148
2141
2142
2150
2157
2160
2160
2156
2149
2147
2147
2143
2134
2127
2125
2123
2125
2128
2130
2133
2136
2142
2148
2147
2139
2132
2129
2124
2122
2124
2132
2140
2143
2139
2138
2143
2148
2149
2148
2147
2148
2145
2135
2131
2138
2141
2136
2138
2145
2142
2138
2141
2141
2132
2123
2115
2108
2109
2117
2127
2138
2141
2140
2141
2141
2138
2130
2116
2110
2113
2115
2122
2135
2140
2138
2137
2142
2147
2144
2137
2140
2144
2146
2151
2155
2160
2171
2178
2181
2188
2187
2176
2169
2162
2153
2146
2143
2149
2158
2160
2167
2176
2174
2170
2171
2171
2168
2165
2153
2143
2142
2146
2151
2160
2169
2173
2171
2169
2168
2166
2160
2152
2145
2144
2147
2151
2159
2167
2165
2156
2160
2162
2161
2177
2181
2158
2143
2150
2161
2159
2164
2182
2187
2174
2166
2159
2152
2156
2157
2148
2144
2147
2154
2159
2160
2161
2166
2166
2162
2162
2161
2155
2155
2155
2149
2145
2144
2148
2160
2172
2177
2179
2180
2179
2173
2165
2162
2163
2166
2165
2163
2167
2168
2162
2157
2157
2154
2148
2146
2149
2147
2145
2159
2168
2155
2145
2146
2144
2137
2131
2128
2135
2141
2139
2136
2137
2139
2142
2138
2133
2130
2122
2110
2109
2119
2123
2123
2126
2132
2138
2138
2134
2132
2128
2111
2097
2099
2099
2095
2097
2098
2095
2095
2097
2098
2101
2101
2100
2100
2095
2085
2083
2082
2078
2077
2079
2079
2080
2087
2096
2097
2102
2110
2103
2086
2089
2097
2106
2108
2115
2128
2132
2128
2125
2125
2127
2127
2130
2133
2130
2130
2131
2122
2116
2113
2114
2125
2132
2123
2117
2122
2126
2132
2142
2138
2133
2136
2137
2134
2131
2126
2122
2123
2120
2118
2123
2129
2133
2133
2129
2126
2121
2116
2111
2108
2105
2103
2102
2102
2107
2119
2127
2121
2116
2119
2115
2109
2110
2110
2106
2108
2118
2122
2118
2113
2117
2116
2107
2104
2107
2101
2098
2107
2110
2109
2115
2118
2116
2114
2110
2107
2106
2106
2109
2110
2109
2108
2106
2109
2119
2127
2125
2116
2112
2125
2140
2140
2136
2138
2139
2131
2122
2123
2129
2122
2106
2102
2108
2113
2114
2115
2122
2131
2135
2139
2140
2132
2125
2122
2118
2111
2107
2109
2119
2128
2136
2140
2139
2136
2135
2130
2121
2115
2111
2110
2113
2118
2116
2117
2124
2127
2123
2120
2120
2115
2106
2104
2110
2113
2111
2118
2128
2128
2126
2128
2133
2133
2131
2122
2112
2114
2114
2107
2109
2116
2122
2126
2126
2123
2123
2120
2115
2111
2107
2106
2105
2106
2116
2123
2120
2121
2124
2125
2129
2128
2117
2108
2106
2112
2124
2131
2133
2135
2134
2139
2154
2160
2147
2140
2139
2132
2128
2129
2128
2129
2141
2150
2152
2153
2159
2165
2161
2149
2134
2118
2112
2113
2111
2113
2118
2119
2123
2130
2132
2135
2137
2142
2148
2138
2127
2136
2146
2149
2158
2169
2181
2177
2154
2144
2158
2158
2140
2133
2138
2132
2121
2123
2132
2136
2139
2149
2146
2143
2140
2131
2124
2121
2113
2116
2126
2125
2125
2135
2138
2138
2148
2156
2152
2145
2139
2132
2129
2130
2129
2124
2121
2121
2124
2129
2140
2159
2159
2132
2116
2128
2132
2126
2128
2131
2130
2133
2139
2142
2146
2157
2164
2162
2163
2166
2155
2139
2136
2136
2132
2135
2135
2130
2133
2139
2141
2138
2135
2140
2149
2147
2139
2136
2136
2136
2138
2143
2144
2136
2135
2145
2149
2146
2144
2142
2140
2138
2135
2133
2138
2142
2136
2131
2131
2132
2128
2122
2121
2121
2121
2123
2126
2131
2139
2142
2140
2136
2133
2127
2122
2120
2122
2129
2133
2127
2120
2123
2124
2123
2123
2119
2113
2117
2128
2129
2124
2127
2134
2131
2128
2128
2121
2118
2121
2111
2117
2117
2115
2123
2122
2116
2125
2135
2132
2128
2128
2129
2133
2140
2145
2147
2140
2132
2132
2133
2128
2126
2129
2128
2120
2119
2126
2129
2126
2124
2123
2123
2123
2117
2113
2115
2114
2113
2118
2118
2117
2124
2128
2121
2115
2117
2121
2123
2122
2127
2134
2135
2131
2129
2118
2106
2116
2126
2115
2108
2117
2124
2121
2117
2120
2125
2123
2118
2116
2116
2119
2115
2104
2100
2106
2107
2101
2104
2115
2115
2107
2108
2116
2119
2109
2099
2096
2099
2101
2103
2100
2101
2113
2115
2107
2107
2102
2089
2090
2099
2104
2108
2107
2109
2123
2131
2130
2135
2141
2145
2149
2143
2136
2138
2138
2135
2136
2134
2129
2130
2136
2136
2130
2131
2137
2138
2133
2131
2131
2132
2129
2124
2125
2126
2124
2121
2120
2126
2141
2142
2131
2127
2130
2127
2129
2133
2130
2135
2148
2147
2135
2129
2130
2130
2123
2113
2112
2121
2133
2140
2142
2141
2138
2131
2123
2123
2120
2120
2134
2141
2130
2126
2135
2133
2124
2125
2129
2125
2121
2117
2107
2108
2115
2113
2124
2138
2134
2133
2140
2134
2124
2120
2114
2110
2118
2123
2118
2121
2130
2133
2130
2127
2140
2157
2155
2152
2156
2148
2131
2124
2120
2122
2120
2117
2123
2120
2106
2104
2109
2106
2106
2110
2108
2106
2104
2103
2106
2109
2104
2100
2110
2114
2103
2095
2099
2102
2096
2095
2098
2093
2087
2096
2099
2087
2086
2091
2085
2082
2084
2082
2083
2090
2090
2079
2074
2085
2081
2080
2088
2093
2092
2089
2090
2090
2088
2080
2077
2089
2098
2092
2089
2095
2099
2098
2092
2085
2084
2092
2099
2095
2093
2098
2100
2099
2107
2105
2098
2105
2111
2108
2113
2118
2113
2114
2122
2124
2122
2123
2126
2120
2115
2122
2123
2113
2116
2126
2123
2123
2132
2132
2124
2119
2119
2125
2126
2122
2117
2113
2116
2123
2128
2134
2141
2139
2136
2144
2150
2142
2135
2140
2142
2142
2145
2146
2147
2152
2151
2148
2149
2149
2145
2138
2132
2131
2136
2144
2146
2147
2148
2145
2145
2148
2142
2130
2130
2139
2141
2142
2146
2148
2151
2153
2155
2160
2156
2142
2134
2132
2130
2131
2133
2131
2129
2126
2127
2133
2132
2128
2132
2145
2148
2140
2140
2153
2148
2145
2148
2151
2144
2133
2130
2133
2133
2128
2126
2129
2130
2131
2136
2139
2136
2136
2134
2132
2132
2130
2131
2137
2134
2129
2133
2139
2142
2137
2128
