# H:M:S.f Gyro(x) Gyro(y) F3 F4 P7 FC6 F7 F8 T7 P8 FC5 AF4 T8 O2 O1 AF3
2 -5 -14 -59 6 -11 11 41 -32 17 9 -51 -6 -14 15 -16 
2 -6 14 -36 24 -24 27 35 -17 13 11 -30 -18 -17 32 -9 
2 -6 -8 -46 11 -17 20 61 -46 2 -5 -19 -10 22 27 -4 
2 -6 2 -41 7 -3 0 63 -38 -13 -21 -27 -25 32 15 -9 
2 -6 17 -34 36 38 47 84 -25 21 8 13 23 34 40 23 
2 -6 7 -43 2 -13 12 45 -53 29 -14 -16 30 0 26 -8 
2 -6 -29 -62 -11 -35 -26 36 -11 41 -24 -45 30 16 26 -43 
2 -6 5 -42 6 -6 -3 37 -17 31 5 -51 31 28 11 -45 
2 -6 2 -59 8 -6 26 26 -34 29 0 -55 19 3 5 -35 
2 -6 -20 -77 -18 -63 -20 -9 -36 1 -42 -89 -37 -25 21 -60 
2 -5 -20 -73 -1 -41 -3 19 -26 0 -14 -74 -32 10 44 -45 
2 -5 -7 -62 17 -28 25 35 -27 11 -7 -66 1 14 33 -39 
2 -6 -29 -74 12 -48 -3 29 0 9 -49 -74 -5 -6 35 -58 
2 -6 -32 -70 -5 -30 -33 34 -26 -14 -53 -62 -29 1 27 -59 
2 -6 -6 -57 -5 -3 -20 53 -55 -3 -29 -45 -7 26 23 -36 
2 -6 -2 -51 20 -6 -2 65 -10 49 -28 -42 23 29 30 -31 
3 -6 -15 -53 9 -7 -17 57 3 38 -56 -49 22 14 12 -49 
3 -6 -31 -68 -27 -25 -42 26 -62 -18 -68 -69 23 4 12 -68 
3 -6 -8 -59 -19 -55 -38 8 -79 -24 -55 -85 -21 11 58 -69 
3 -6 2 -41 25 -13 13 60 2 40 -30 -30 -34 29 74 -19 
3 -6 4 -33 -10 -11 -1 59 -24 0 -56 -14 -10 -14 -4 -13 
3 -6 -20 -51 -43 -27 -8 67 -73 -56 -61 -21 16 -42 -36 -26 
3 -6 2 -38 -21 -19 10 99 -38 -43 -44 -22 -8 -35 -20 -24 
3 -6 12 -35 14 20 33 132 13 31 -25 3 27 11 15 3 
3 -5 37 -22 7 10 19 102 -38 26 -11 -6 17 22 21 6 
3 -5 25 -30 12 14 30 97 -38 -2 2 0 -10 16 27 17 
3 -5 15 -39 -11 -4 1 74 -19 -19 -44 -20 -18 -4 -1 -13 
3 -5 12 -43 -3 5 2 76 -13 22 -59 -17 13 32 42 -17 
3 -5 42 -22 23 12 20 76 -35 18 -21 -7 16 39 73 2 
3 -5 33 -31 1 -7 15 68 -44 -18 -13 -15 0 -24 10 -6 
3 -5 28 -39 -43 -50 -20 41 -54 -33 -70 -49 -30 -68 -51 -40 
3 -5 46 -36 -21 -40 -5 35 -27 -3 -72 -39 -7 -18 -22 -17 
3 -6 47 -41 -1 -26 -3 24 -25 -20 -33 -36 13 -12 -15 -5 
3 -6 34 -53 -24 -45 -19 14 -69 -39 -31 -68 -32 -29 -24 -36 
3 -6 33 -50 -25 -38 -2 30 -82 0 -44 -77 -47 8 0 -51 
3 -6 46 -38 1 -4 16 60 -28 12 -49 -54 16 25 11 -32 
3 -6 28 -48 4 -1 -11 77 6 -1 -59 -42 38 6 -1 -24 
3 -6 41 -50 -12 -30 -20 56 -26 -5 -50 -60 -15 -2 -5 -39 
3 -6 56 -49 -8 -11 38 51 -35 8 -5 -47 -4 10 11 -31 
3 -6 44 -63 -39 -49 -5 10 -75 -44 -41 -82 -12 -28 -7 -66 
3 -6 -4 -91 -58 -88 -63 -1 -74 -39 -93 -110 -42 -43 -11 -87 
3 -6 16 -72 -46 -92 -46 0 -41 -14 -94 -119 -53 -45 -13 -76 
3 -6 24 -72 -23 -54 2 25 -25 -10 -67 -96 -18 -35 0 -50 
3 -6 35 -58 -36 -41 -26 29 -51 -51 -81 -85 -51 -46 -15 -56 
3 -6 36 -40 -19 9 -4 76 -12 -33 -57 -31 -43 -30 -9 -19 
3 -6 54 -30 -20 2 22 75 -15 -25 -18 -25 -5 -37 -27 -3 
3 -5 48 -43 -24 -9 34 70 -17 -13 -17 -35 36 -40 -22 -6 
3 -5 74 -18 -15 18 29 84 -1 -1 -47 -14 31 -26 -11 -2 
3 -5 78 -13 1 35 51 97 14 30 -34 10 26 6 1 21 
3 -5 77 -26 -5 -2 36 52 -3 26 -26 -28 12 1 19 3 
3 -5 84 -26 -12 0 17 42 2 -6 -45 -43 14 -2 35 -7 
3 -5 96 -14 -12 12 15 66 -3 -11 -32 -24 13 -2 10 3 
3 -5 95 -18 -11 -5 24 67 -8 20 -13 -24 2 -15 -11 0 
3 -5 83 -28 -10 4 29 67 15 20 -34 -35 14 -30 -20 -11 
3 -4 86 -31 -11 2 10 63 9 -19 -59 -43 3 -36 -19 -21 
2 -4 69 -44 -14 -26 -20 42 -23 -22 -61 -56 -26 -29 -1 -37 
2 -4 71 -45 -33 -43 -34 15 -37 -22 -73 -81 -25 -41 -11 -56 
2 -4 57 -55 -35 -23 -15 24 -13 -24 -63 -69 15 -54 -32 -53 
2 -4 67 -47 -31 -30 -34 11 -32 -30 -58 -77 -15 -42 -18 -74 
2 -4 68 -48 -13 -12 -29 34 -24 1 -60 -72 -17 5 53 -61 
2 -4 84 -37 -20 -15 -10 52 -4 -9 -68 -63 -11 -31 32 -40 
2 -4 63 -40 -13 -4 27 75 9 -24 -39 -27 -2 -65 -30 -25 
2 -4 64 -29 -22 -16 14 52 -15 -47 -34 -34 -14 -59 -54 -41 
2 -3 63 -39 -28 -10 3 47 1 -7 -54 -39 16 -28 -7 -30 
2 -3 74 -38 -36 -29 -24 29 -32 0 -78 -59 -7 -32 13 -40 
2 -3 56 -43 -17 -19 -15 35 -34 4 -59 -50 -17 -2 22 -39 
2 -3 55 -40 -17 -20 -27 23 -4 0 -56 -42 -3 5 15 -38 
2 -3 54 -49 -27 -22 -38 14 1 -13 -75 -46 2 -7 21 -39 
2 -3 68 -43 -34 -32 -40 9 -45 -35 -71 -63 -4 -14 11 -54 
2 -3 67 -46 -36 -32 -26 15 -49 -10 -50 -59 22 11 14 -53 
2 -3 64 -45 -27 -30 -17 13 -28 31 -50 -57 27 37 47 -42 
2 -3 71 -42 -8 -25 -12 12 -19 28 -53 -66 -14 13 42 -32 
2 -3 60 -48 -21 -28 -26 6 -21 -6 -51 -73 -21 -45 -25 -42 
2 -3 48 -65 -57 -59 -50 -23 -48 -33 -81 -97 -14 -66 -51 -68 
2 -4 26 -81 -51 -65 -42 -26 -50 -17 -88 -105 -26 -41 -11 -72 
2 -4 34 -68 -32 -56 -41 -19 -31 -27 -73 -103 -22 -39 -5 -67 
3 -4 32 -57 -26 -33 -37 4 1 -27 -67 -73 11 -29 1 -53 
3 -4 46 -53 -50 -50 -42 -11 -46 -46 -72 -78 -18 -33 -2 -62 
3 -4 30 -74 -45 -49 -27 -6 -72 -37 -50 -81 -6 -28 2 -55 
3 -4 35 -65 -28 -55 -45 -18 -40 -10 -66 -87 4 -25 9 -56 
3 -4 32 -60 -9 -36 -49 -4 4 25 -77 -64 -10 -20 31 -49 
2 -4 50 -49 -31 -47 -55 -14 -43 -26 -64 -76 -33 -37 15 -65 
3 -4 30 -54 -26 -26 -22 10 -50 -23 -41 -70 10 -9 33 -53 
2 -4 32 -44 -21 -28 -28 12 -37 15 -59 -77 -4 -14 37 -48 
3 -4 30 -51 -18 -32 -35 9 -10 16 -72 -85 0 -22 34 -46 
3 -4 36 -56 -31 -47 -50 -19 -34 -23 -70 -107 7 -25 40 -65 
3 -3 31 -57 -35 -36 -40 -5 -72 -10 -49 -87 -3 -19 42 -52 
3 -3 54 -32 -42 -21 -30 27 -74 4 -50 -56 2 -32 -23 -29 
3 -3 64 -23 -38 -9 -33 35 -33 -1 -67 -54 12 -25 -47 -30 
3 -3 56 -31 -29 -18 -60 8 -58 -12 -60 -73 -22 -23 -14 -52 
3 -3 60 -26 -25 -23 -56 8 -82 -1 -59 -71 -25 -22 -1 -45 
3 -3 71 -10 -8 10 -19 46 -37 23 -52 -39 39 10 19 -11 
3 -3 84 -3 2 21 -2 49 -31 20 -22 -28 56 24 55 -6 
2 -3 60 -19 9 20 16 47 -26 36 -5 -26 53 10 67 -9 
2 -3 63 -15 4 17 25 59 -16 49 -29 -36 42 2 51 -5 
2 -2 71 -8 14 26 26 85 -7 55 -24 -16 57 23 56 13 
2 -2 80 -7 -1 -11 -15 44 -16 16 -31 -31 35 -16 21 -12 
2 -2 36 -45 -17 -19 -30 20 -17 7 -51 -53 0 -47 18 -36 
2 -2 43 -44 -22 -16 -31 19 -54 -7 -50 -70 -23 -29 43 -45 
2 -2 63 -26 4 25 11 63 -26 32 -7 -28 47 26 41 -6 
2 -2 83 -10 -8 25 30 65 -12 27 -2 -24 49 3 -17 0 
2 -2 51 -31 -15 19 36 61 -11 -4 -21 -38 20 -24 -1 -16 
1 -2 43 -41 -19 -9 -25 25 -4 -28 -58 -66 12 -31 21 -40 
1 -2 59 -35 -1 8 -18 48 20 35 -34 -37 47 3 33 -3 
1 -2 99 -2 12 31 63 91 -18 76 31 -3 54 9 46 31 
1 -2 75 -14 14 38 61 91 -23 54 19 -7 53 8 61 22 
1 -2 41 -43 -8 9 -42 38 7 12 -58 -40 19 -1 48 -10 
1 -2 51 -35 -4 9 -11 49 26 16 -36 -25 17 -10 41 -4 
1 -2 81 -4 24 39 76 99 28 47 28 12 62 -7 22 22 
1 -2 73 -11 18 33 35 85 21 42 -2 -2 67 2 15 20 
1 -2 49 -31 -7 19 11 57 -6 28 -21 -20 47 -1 30 6 
1 -2 66 -20 -9 23 61 61 -21 21 5 -18 42 -3 32 -6 
1 -1 72 -11 19 35 58 81 32 48 2 -6 58 18 43 19 
1 -1 77 -8 19 19 10 65 51 53 -27 -15 45 21 46 40 
1 -1 47 -28 3 23 31 57 23 17 -12 -17 35 10 42 26 
1 -1 55 -25 -15 -8 17 26 -14 -26 -16 -49 13 -22 26 -18 
1 -1 50 -26 -7 -10 5 34 0 29 -23 -45 39 -24 25 -8 
1 -1 57 -22 -15 -4 9 36 -26 49 -29 -41 33 -33 2 -3 
1 -1 40 -37 0 20 36 54 -14 35 -14 -24 31 -10 23 -2 
1 -1 60 -21 7 6 12 38 9 19 -26 -32 12 0 35 -5 
1 -1 52 -27 2 -2 7 33 24 24 -32 -37 17 -6 33 3 
1 -1 47 -40 -18 -37 4 6 -4 -19 -29 -65 2 -45 -4 -22 
1 -1 51 -40 -4 -15 29 24 0 -3 -1 -36 25 -27 -2 1 
1 -1 65 -26 -7 -1 26 22 -16 2 3 -28 30 -20 7 13 
1 -1 50 -37 -5 -21 12 3 1 -23 -26 -55 0 -38 14 3 
1 -1 71 -19 19 -14 -4 17 39 -5 -32 -42 -19 -18 16 23 
1 -1 92 5 30 43 20 63 38 45 15 10 29 26 28 62 
1 -1 72 0 12 38 43 61 -3 29 38 -1 60 18 26 43 
1 -1 55 -6 3 3 18 39 -16 2 1 -25 31 11 19 13 
1 -1 48 -7 13 38 -9 54 -9 35 -8 7 32 28 32 24 
1 -1 45 -22 0 34 -8 33 -24 27 5 -14 45 10 39 16 
1 -1 29 -38 -16 -18 -1 5 -20 13 -7 -61 23 -11 28 -8 
1 -1 44 -22 -19 -23 -13 14 -15 19 -29 -56 -5 -7 14 -15 
1 -2 47 -14 21 40 7 60 20 45 4 -6 57 16 33 22 
1 -2 73 0 26 25 1 43 16 35 11 -28 60 4 7 27 
1 -2 57 -12 11 13 -2 42 20 44 -16 -37 24 3 -10 22 
1 -2 49 -18 -3 4 -41 21 -6 7 -35 -50 5 -5 15 -5 
1 -2 25 -38 7 2 -56 11 -19 11 -12 -58 31 22 53 -18 
1 -2 47 -19 5 3 -24 19 -6 39 -6 -49 7 23 17 -2 
1 -2 60 0 21 46 60 67 50 53 19 8 29 11 14 58 
1 -2 74 1 14 22 67 35 17 11 32 -11 33 -4 33 49 
0 -1 66 -24 29 3 84 1 10 38 38 -29 21 41 62 44 
0 -1 83 -22 44 2 110 -9 46 50 40 -23 16 38 44 65 
0 -1 69 -29 22 -13 121 -20 36 2 48 -30 14 -15 10 63 
0 -1 47 -39 -5 -67 126 -62 6 -39 41 -69 -27 -51 -12 32 
0 -1 57 -39 18 -80 154 -71 56 -20 40 -71 -36 -44 -3 45 
0 0 68 -42 23 -63 141 -78 55 -11 40 -64 -25 -45 13 51 
0 0 64 -49 3 -70 115 -107 1 -34 25 -79 -31 -44 21 22 
0 0 72 -46 15 -72 130 -102 18 -25 31 -71 -25 -25 12 28 
0 0 85 -41 21 -64 115 -89 48 -12 33 -60 -47 -20 5 49 
-1 0 52 -50 16 -47 93 -79 50 4 33 -50 -46 -9 26 44 
-1 0 72 -28 14 -45 109 -82 24 -1 48 -51 -14 -4 19 41 
-1 0 96 -24 27 -23 143 -65 25 12 73 -27 9 13 22 66 
-1 0 100 -29 26 -42 119 -83 29 -7 49 -36 -38 15 36 45 
-1 0 67 -37 38 -54 119 -75 53 -6 39 -40 -29 26 39 30 
-1 -1 79 -25 19 -72 114 -86 28 -18 47 -62 -35 -14 -4 22 
-1 -1 67 -37 16 -49 138 -75 50 -16 57 -54 -33 -38 -5 39 
-1 -1 68 -38 17 -50 134 -77 53 -17 44 -60 -26 -24 -4 41 
-1 -1 47 -53 15 -46 107 -64 28 10 34 -59 -8 12 4 39 
0 -1 50 -54 -7 -58 73 -84 -3 -16 19 -79 -45 -22 -12 6 
0 -1 55 -44 11 -33 116 -69 36 -17 48 -56 -32 -28 -14 21 
0 -1 67 -33 21 -37 123 -65 54 -2 52 -49 -6 -15 -21 25 
0 -1 63 -53 18 -55 103 -72 38 -1 24 -65 0 -15 -5 13 
0 -1 72 -57 10 -59 87 -89 6 -16 31 -78 -30 -21 0 20 
0 -1 58 -52 10 -51 83 -91 19 -10 47 -77 -49 -14 0 27 
0 -1 32 -55 19 -62 86 -87 43 -9 30 -82 -22 -23 24 1 
0 -1 43 -46 29 -58 108 -75 29 -4 33 -75 -3 -10 54 8 
0 -1 57 -28 42 -19 122 -38 23 21 73 -41 -16 23 47 56 
0 -1 61 -19 40 -18 102 -32 48 -8 52 -40 -23 5 14 47 
0 -1 41 -32 23 -22 101 -36 61 -30 28 -40 2 -28 -3 27 
0 -1 45 -36 -18 -44 65 -77 -7 -38 27 -65 -37 -34 -19 7 
0 0 33 -51 -19 -60 30 -100 -29 -34 13 -84 -61 -9 5 -16 
0 0 51 -30 -10 -74 48 -92 -2 -46 3 -82 -49 -24 9 -15 
0 0 47 -25 4 -36 125 -40 35 -6 45 -35 -23 -20 -6 36 
0 0 62 -30 -2 -34 109 -59 14 -11 43 -47 -49 -23 -37 29 
0 0 53 -40 6 -32 89 -65 27 -30 27 -53 -26 -25 -23 23 
0 0 66 -19 16 -44 107 -50 26 -31 38 -44 -6 -41 -11 45 
0 0 50 -34 35 -31 132 -29 35 -5 53 -22 -17 -32 4 71 
0 0 45 -47 23 -49 97 -60 35 -37 39 -47 -55 -44 -9 43 
0 0 43 -42 31 -40 104 -51 60 -24 60 -45 -22 -26 -1 40 
0 0 57 -29 35 -25 114 -39 48 -10 69 -39 -2 -15 -1 39 
0 0 49 -41 28 -25 106 -42 29 -41 56 -37 -6 -26 -2 42 
1 0 51 -45 19 -47 86 -64 25 -60 48 -40 -18 -36 -11 42 
0 0 53 -46 21 -56 78 -78 40 -28 34 -48 -39 -29 -8 32 
1 1 37 -52 16 -58 77 -78 44 -18 23 -69 -44 -28 -4 16 
0 1 36 -56 14 -62 84 -76 12 -38 33 -81 -27 -17 17 14 
0 1 34 -55 23 -57 77 -78 11 -29 35 -66 -46 -10 40 21 
0 1 54 -35 26 -52 64 -75 46 -22 20 -56 -70 -17 19 23 
0 1 64 -20 48 -8 100 -29 60 16 59 -23 -3 15 22 54 
0 1 79 -6 55 4 105 -20 53 26 81 -11 14 28 23 69 
0 1 69 -12 59 2 100 -15 99 29 61 5 -3 14 -6 77 
0 1 83 -17 40 -26 90 -38 86 2 44 -12 -14 -21 -44 62 
0 1 60 -40 52 -21 99 -38 66 -1 69 -21 22 0 -4 56 
0 1 72 -16 76 -1 86 -27 87 -1 72 -18 33 33 34 64 
0 1 72 4 80 37 109 11 108 38 76 17 48 48 43 96 
0 1 65 -3 30 2 97 -21 40 26 64 -4 11 9 18 65 
0 1 39 -26 23 -6 93 -30 33 16 58 -9 -8 9 19 45 
0 0 53 -12 33 -1 81 -22 34 15 44 -2 -8 10 14 46 
0 0 57 -7 42 19 97 7 58 35 45 20 28 17 21 67 
0 1 66 3 40 25 75 8 81 33 44 16 38 29 19 63 
0 1 54 4 42 34 55 19 67 36 49 12 54 53 29 57 
0 1 46 -8 27 38 77 41 21 28 53 16 64 43 18 54 
0 0 43 -27 20 38 85 34 26 27 32 5 22 25 -1 43 
0 0 31 -36 30 22 43 -5 54 34 8 -29 -12 15 -2 16 
0 0 32 -33 27 8 41 -7 47 24 23 -39 33 13 9 15 
0 0 38 -37 25 23 80 23 38 21 57 -20 69 13 15 42 
0 0 65 -25 50 22 88 10 65 27 66 -11 30 10 18 61 
0 0 72 -16 76 33 117 20 95 44 89 23 33 16 29 91 
0 0 69 -16 30 4 93 11 42 -6 73 5 13 -25 -4 71 
0 0 24 -42 0 -19 52 -4 18 -42 40 -30 -12 -39 -15 33 
0 0 33 -31 13 -11 51 -7 28 -39 36 -30 -13 -16 -5 25 
0 0 41 -20 31 40 87 37 44 19 57 12 39 17 2 59 
0 0 46 -21 0 15 61 14 9 15 40 -13 26 -13 -26 35 
0 0 14 -45 2 -6 45 -6 25 0 36 -26 2 -18 14 14 
0 0 31 -31 19 1 31 -7 29 -10 42 -16 -22 -1 35 14 
0 0 45 -27 40 25 64 16 55 2 59 7 1 12 13 39 
0 0 44 -40 26 -21 73 -14 51 -30 42 -27 0 -22 -19 20 
0 0 12 -63 13 -45 61 -32 29 -41 25 -56 -11 -30 -19 1 
0 0 16 -50 9 -29 42 -30 10 -18 25 -59 -22 -27 -33 0 
0 0 14 -55 7 -19 35 -21 18 -9 14 -59 -11 -28 -36 1 
0 0 3 -62 4 -25 24 -20 25 -27 -2 -61 -12 -29 -20 1 
0 0 14 -44 10 -1 38 -8 22 -20 30 -29 -25 -12 -6 23 
0 0 27 -33 10 10 38 -5 12 -3 55 -11 -31 -17 -18 28 
0 0 24 -44 5 -23 13 -20 -6 -9 27 -35 -21 -19 -23 18 
1 0 -3 -74 9 -40 13 -34 -11 -19 18 -49 -15 -18 -3 10 
1 0 1 -84 0 -53 5 -57 -8 -51 14 -68 -41 -53 -25 -19 
1 0 -2 -77 -11 -59 -11 -56 -8 -57 -2 -74 -49 -51 -57 -28 
1 0 12 -53 -20 -62 -20 -63 -29 -50 -15 -73 -68 -32 -53 -17 
1 0 -7 -68 2 -39 17 -55 12 -21 1 -63 -55 -31 -9 -4 
1 0 -22 -86 -11 -80 -6 -87 13 -54 -25 -109 -69 -78 -15 -48 
1 0 -35 -87 -24 -83 -2 -73 -24 -55 -17 -100 -51 -67 -26 -45 
1 0 13 -55 -13 -68 24 -85 -37 -44 17 -79 -53 -38 -42 -15 
1 0 8 -58 11 -40 35 -84 15 -22 25 -55 -54 -16 -35 4 
1 0 -8 -56 -21 -36 -12 -48 -10 -47 -13 -46 -56 -43 -47 -19 
1 0 -8 -52 -34 -5 -13 19 -33 -44 -25 -17 -14 -43 -38 -9 
1 0 13 -43 -22 -6 -34 8 -30 -44 -41 -22 -30 -38 -32 -17 
1 0 -11 -53 -13 5 -56 21 -12 -30 -51 -12 -46 -31 -18 -23 
1 0 -4 -42 -24 22 -55 79 -43 -14 -42 5 -10 -35 -27 2 
1 0 2 -43 -23 22 -68 96 -57 -18 -52 -13 18 -35 -35 -1 
1 0 -21 -49 -27 12 -120 69 -42 -45 -78 -46 -7 -46 -37 -60 
0 0 -29 -48 -28 25 -115 81 -39 -33 -66 -28 -7 -35 -19 -58 
0 0 -24 -49 -22 43 -85 100 -49 -8 -50 6 9 -23 -18 -19 
0 0 -25 -46 -20 36 -93 90 -39 -27 -66 -4 -7 -34 -29 -33 
0 0 -42 -57 -22 14 -110 76 -45 -40 -72 -23 -24 -34 -3 -55 
0 0 -44 -68 -38 -13 -123 56 -76 -39 -78 -43 -38 -35 -1 -58 
0 0 -50 -75 -24 18 -96 71 -25 -6 -69 -31 -5 -26 -19 -48 
0 0 -18 -53 -26 23 -89 66 -23 -9 -68 -23 -2 -29 -34 -48 
0 0 -22 -53 -35 14 -87 66 -66 -5 -65 -17 -2 -19 -18 -27 
0 0 -36 -58 -49 -15 -106 40 -75 -16 -89 -62 -16 -33 -39 -50 
0 0 -72 -84 -50 -9 -97 41 -47 -3 -106 -71 -7 -26 -50 -77 
0 0 -66 -90 -75 -28 -125 12 -85 -40 -121 -78 -33 -48 -51 -91 
0 0 -63 -91 -61 -20 -130 21 -79 -56 -104 -73 -42 -60 -31 -69 
0 0 -38 -73 -42 -20 -121 30 -59 -45 -93 -73 -49 -56 -44 -78 
0 0 -45 -80 -39 -15 -103 33 -55 -7 -92 -54 -19 -28 -43 -78 
0 0 -37 -75 -48 -28 -122 8 -80 -18 -104 -63 -13 -42 -41 -70 
0 0 -43 -84 -49 -18 -129 16 -70 -40 -103 -68 -29 -48 -41 -74 
0 0 -38 -81 -50 -3 -116 28 -67 -40 -95 -61 -26 -43 -52 -88 
0 0 -24 -63 -26 14 -80 43 -61 -7 -83 -40 12 -26 -22 -56 
0 0 -19 -49 -24 8 -89 41 -69 -3 -81 -52 4 -15 -3 -52 
0 0 -34 -62 -54 -9 -120 19 -81 -20 -95 -80 -22 -14 -31 -80 
0 0 -56 -77 -57 -17 -129 6 -76 -25 -115 -81 -35 -27 -60 -84 
0 0 -50 -71 -36 -21 -122 11 -59 -30 -116 -70 -52 -28 -34 -77 
0 0 -37 -65 -27 -1 -98 41 -37 -22 -91 -50 -25 -13 -10 -57 
0 0 -9 -51 -43 16 -80 55 -63 -22 -76 -35 0 -25 -52 -27 
0 0 -24 -57 -42 38 -62 80 -89 0 -52 -7 8 -19 -65 -11 
0 0 -30 -61 -49 8 -91 55 -86 -14 -72 -29 -33 -19 -55 -48 
0 0 -41 -71 -48 -4 -96 35 -31 -37 -99 -51 -34 -24 -44 -57 
0 0 -28 -63 -57 -11 -91 22 -45 -77 -102 -72 -24 -46 -57 -58 
0 0 -43 -73 -43 3 -67 44 -74 -31 -71 -57 2 -25 -32 -42 
0 0 -26 -55 -32 -3 -77 41 -77 12 -62 -59 -28 -14 -27 -39 
0 0 -34 -47 -18 26 -70 54 -38 15 -59 -47 -23 -6 -25 -37 
0 0 -43 -54 -38 4 -95 25 -58 -37 -87 -65 -11 -31 -34 -71 
0 0 -64 -85 -47 -15 -109 9 -62 -38 -95 -72 -15 -35 -32 -81 
0 0 -41 -74 -38 -6 -108 13 -55 -26 -79 -73 -51 -22 -41 -72 
0 0 -30 -59 -22 30 -95 44 -51 -32 -72 -52 -25 -2 -29 -60 
0 0 -32 -62 -34 18 -119 40 -94 -50 -77 -55 8 -23 -38 -73 
0 0 -37 -76 -39 -14 -110 26 -86 -26 -72 -60 -7 -30 -48 -66 
0 0 -38 -80 -43 -35 -87 -2 -58 -27 -80 -71 -58 -33 -44 -61 
0 0 -36 -82 -58 -48 -92 -29 -90 -80 -81 -89 -91 -60 -51 -71 
0 0 -44 -89 -57 -54 -100 -34 -103 -85 -78 -87 -96 -85 -81 -72 
0 0 -49 -96 -53 -70 -105 -45 -61 -68 -100 -100 -108 -85 -96 -73 
0 0 -59 -104 -45 -63 -97 -44 -58 -77 -85 -103 -72 -57 -71 -70 
0 0 -42 -96 -48 -68 -104 -54 -108 -94 -66 -103 -53 -50 -56 -73 
0 0 -48 -96 -36 -62 -100 -44 -75 -63 -71 -87 -60 -46 -49 -60 
0 0 -48 -97 -52 -76 -117 -65 -66 -80 -90 -107 -97 -66 -76 -79 
0 0 -66 -113 -55 -67 -96 -59 -85 -86 -80 -103 -97 -72 -80 -92 
0 0 -46 -96 -49 -71 -92 -57 -92 -82 -81 -103 -98 -80 -71 -92 
0 0 -46 -91 -40 -58 -95 -42 -71 -51 -65 -91 -64 -46 -37 -60 
0 0 -33 -80 -41 -55 -91 -46 -72 -40 -54 -82 -51 -34 -33 -49 
0 0 -48 -83 -25 -28 -53 -15 -45 -27 -57 -50 -36 -35 -34 -41 
0 0 -39 -77 -37 -33 -68 -10 -56 -50 -75 -64 -50 -39 -47 -46 
0 0 -47 -91 -34 -22 -65 -7 -53 -30 -66 -72 -43 -15 -25 -40 
0 0 -44 -93 -26 -31 -62 -20 -56 -28 -60 -77 -44 -37 -21 -59 
0 0 -54 -101 -32 -44 -77 -23 -58 -57 -63 -73 -42 -60 -45 -65 
0 0 -55 -101 -64 -59 -94 -41 -93 -86 -64 -85 -69 -75 -91 -63 
0 0 -45 -93 -63 -40 -44 -31 -100 -66 -39 -70 -62 -72 -97 -51 
0 0 -43 -83 -47 -22 -35 -12 -75 -52 -38 -51 -43 -66 -84 -54 
0 0 -51 -87 -49 -32 -82 -19 -55 -58 -77 -58 -66 -57 -74 -66 
0 0 -53 -87 -40 -34 -74 -28 -44 -40 -74 -59 -67 -34 -56 -59 
0 0 -38 -75 -36 -33 -43 -25 -51 -31 -41 -54 -46 -20 -44 -50 
0 0 -52 -83 -40 -44 -53 -17 -72 -34 -42 -52 -41 -37 -46 -50 
0 0 -42 -82 -55 -72 -87 -45 -100 -70 -76 -74 -72 -63 -59 -61 
0 0 -35 -74 -38 -45 -58 -34 -48 -70 -56 -54 -57 -42 -41 -31 
0 0 -21 -63 -34 -40 -51 -36 -28 -63 -35 -50 -69 -33 -45 -26 
0 0 -42 -81 -32 -34 -50 -20 -50 -44 -33 -43 -73 -29 -58 -33 
1 0 -22 -70 -37 -31 -47 -17 -68 -83 -41 -45 -75 -67 -83 -31 
1 0 -26 -75 -32 -3 -24 0 -47 -96 -24 -34 -53 -86 -73 -9 
0 0 -31 -87 -47 -21 -46 -26 -76 -80 -25 -58 -60 -81 -80 -35 
0 0 -41 -103 -26 -21 -18 -17 -60 -26 -11 -46 -44 -36 -65 -28 
0 0 -20 -95 -13 -33 3 -20 -36 -39 -6 -52 -47 -45 -63 -21 
0 0 -31 -101 -29 -44 -7 -33 -28 -63 -20 -70 -52 -56 -57 -36 
0 0 -31 -85 -47 -63 -33 -51 -55 -69 -39 -79 -80 -49 -48 -45 
0 0 -30 -78 -32 -58 -23 -41 -52 -69 -37 -64 -93 -43 -35 -25 
0 0 -26 -81 -30 -45 -22 -33 -46 -82 -32 -54 -81 -57 -58 -28 
0 0 -22 -80 -40 -32 -16 -17 -59 -58 -20 -37 -67 -51 -57 -24 
0 0 -19 -76 -43 -35 -15 -21 -81 -46 -17 -41 -76 -51 -36 -14 
0 0 -30 -85 -40 -35 -33 -31 -76 -70 -35 -57 -77 -62 -44 -24 
0 0 -39 -84 -29 -9 -33 -9 -47 -57 -31 -32 -59 -52 -51 -27 
0 0 -14 -68 -26 -4 -15 -1 -29 -20 -15 -15 -57 -30 -49 -15 
0 0 -17 -78 -30 -17 -2 -12 -22 -8 -14 -29 -40 -16 -50 -4 
0 0 -10 -76 -30 -21 -1 -15 -41 -27 -19 -35 -36 -27 -46 -5 
0 0 -2 -62 -11 15 30 24 -45 -6 17 0 -18 -19 -23 10 
0 -1 13 -49 -22 2 18 10 -55 -15 21 -15 -25 -28 -45 2 
0 0 -23 -70 -24 -9 2 3 -22 -19 -2 -26 -19 -34 -63 1 
0 0 -26 -71 -32 -19 -15 -6 -33 -36 -30 -37 -41 -45 -69 -18 
0 0 -24 -67 -24 18 9 25 -43 -10 -6 -14 -19 -9 -32 -11 
0 0 -1 -47 -24 23 -5 26 -33 -4 4 -11 -5 -11 -28 -2 
0 0 -21 -61 -14 25 -19 32 4 1 -12 -7 7 -27 -36 6 
0 0 -33 -75 -32 5 -41 3 -54 -13 -26 -31 -22 -36 -41 -21 
0 0 -37 -81 -34 1 -17 -6 -70 -7 -1 -30 -27 -27 -24 -19 
1 0 -8 -53 -15 -4 -2 0 -14 -16 4 -14 -20 -24 -42 0 
1 0 -9 -52 -1 6 -5 6 12 -12 -18 -5 -7 -8 -39 8 
1 0 -22 -65 -7 -9 -20 -16 -20 -9 -21 -30 -10 -27 -4 -16 
1 0 -24 -62 -7 -18 -9 -15 -18 -10 3 -43 -11 -40 7 -22 
1 0 -18 -52 -9 3 4 8 4 -6 12 -30 -8 -14 -30 -9 
1 0 -12 -57 -9 14 7 9 1 5 11 -27 -4 5 -39 -5 
1 0 -28 -69 1 6 13 4 -11 5 21 -24 -4 -5 -9 -7 
0 0 -26 -58 4 13 19 17 -10 -4 15 -12 -5 -12 -3 -2 
0 0 -29 -59 6 38 31 35 10 10 10 7 5 -12 -14 13 
0 0 -18 -56 3 -3 11 -17 5 -8 7 -28 -35 -15 -19 1 
0 0 -32 -65 14 -4 16 -17 14 10 16 -32 -25 18 8 5 
0 0 -18 -58 0 21 18 26 -5 -4 6 -11 1 5 6 4 
0 0 -31 -59 -3 31 24 59 -18 -30 8 16 12 -27 -1 13 
0 0 -26 -47 -13 10 4 40 -33 -37 3 7 -29 -54 -29 10 
0 0 -30 -47 2 62 29 89 9 18 19 50 -12 -28 -24 40 
0 0 -9 -29 3 82 24 119 7 9 21 72 6 -24 -31 46 
0 0 -16 -30 6 74 9 127 9 2 19 73 21 -13 -20 44 
0 0 -1 -26 14 75 3 120 19 26 17 72 14 6 -4 46 
0 0 -3 -30 29 103 30 128 30 46 29 90 26 30 13 63 
0 0 0 -22 7 82 25 105 -7 1 30 71 24 11 -9 48 
0 0 -5 -32 -13 55 16 92 -20 -15 28 47 9 2 -19 36 
0 0 -7 -41 -5 46 5 84 -7 2 13 38 -2 0 -13 31 
0 0 -18 -39 10 67 11 96 13 10 6 47 31 4 6 35 
0 0 -29 -35 0 75 12 100 5 19 19 40 39 14 3 34 
0 0 -20 -43 -12 52 8 92 -13 27 18 22 5 14 -12 30 
0 0 -17 -46 10 63 26 116 3 26 18 45 11 10 16 48 
0 0 -6 -26 25 89 35 135 21 22 25 67 44 10 28 59 
0 0 -16 -34 16 94 38 134 30 41 35 60 65 18 -16 46 
0 -1 -11 -44 -3 64 29 97 14 12 24 25 31 3 -41 16 
0 -1 -31 -57 13 73 42 101 22 5 29 39 14 10 2 18 
0 -1 -19 -46 12 70 23 97 14 12 21 41 4 5 -2 13 
0 -1 -13 -42 10 75 29 106 22 36 24 42 39 4 -15 28 
0 -1 5 -33 2 49 27 87 -9 11 20 20 20 -15 -17 23 
0 -1 -8 -40 23 68 53 111 7 33 38 44 33 28 15 37 
0 -1 9 -21 32 85 54 120 35 47 47 60 56 57 38 50 
0 -1 6 -23 31 89 61 118 47 40 50 62 61 25 37 65 
0 -1 13 -24 12 60 50 94 11 12 41 44 31 -23 -21 49 
0 -1 -3 -26 14 78 54 109 6 13 41 61 39 0 -14 43 
0 -1 -6 -18 12 90 97 112 8 11 33 64 38 22 21 35 
-1 -1 -6 -26 5 77 210 95 21 20 22 55 18 32 5 30 
-1 -1 -10 -36 -7 57 276 75 14 1 15 37 -9 -2 -45 11 
-1 -2 -23 -51 2 53 284 83 8 -14 16 24 5 -30 -19 11 
-1 -2 -23 -56 15 50 300 85 18 11 9 20 41 -12 29 21 
-1 -2 4 -39 10 55 331 81 18 21 7 24 39 6 -10 17 
-1 -2 16 -22 18 84 367 115 17 27 49 55 41 0 -39 39 
-1 -2 19 -22 20 84 381 126 26 24 65 67 53 -9 -8 67 
-1 -2 -8 -45 20 84 390 123 52 12 47 66 52 -8 -5 63 
-1 -2 8 -27 17 83 385 113 57 -1 36 52 17 -14 -33 45 
-2 -2 14 -7 28 94 402 131 54 63 53 73 45 41 3 78 
-2 -2 8 -15 9 62 371 98 -8 78 25 52 53 65 23 61 
-2 -3 -22 -54 -4 50 347 64 -25 37 1 24 43 27 28 13 
-2 -3 6 -44 -8 39 339 38 0 -3 2 14 16 -8 -4 0 
-2 -3 0 -44 11 53 365 68 41 32 12 32 25 35 -19 27 
-2 -3 -16 -54 8 28 346 59 19 19 -5 2 3 9 -20 3 
-2 -3 -33 -63 14 32 360 63 21 6 16 1 10 -38 -14 1 
-2 -3 -1 -38 23 50 389 82 41 19 49 22 42 -23 -37 16 
-2 -3 0 -48 38 64 408 100 71 40 51 39 67 17 -13 30 
-2 -3 -5 -58 33 40 390 69 51 9 41 21 33 -11 0 31 
-2 -3 11 -46 45 44 392 68 43 18 58 26 19 -7 1 42 
-2 -3 19 -47 35 40 360 57 26 30 33 11 5 5 3 16 
-2 -3 -4 -65 4 19 323 34 11 5 -14 -14 -6 -6 -9 -15 
-2 -3 -30 -69 -7 12 308 28 18 4 -26 -15 7 -6 -10 -26 
-2 -3 -34 -64 -12 9 290 23 8 5 -24 -19 10 -17 3 -29 
-2 -3 -23 -58 -4 25 308 33 -1 -1 6 -11 23 -14 0 -3 
-2 -3 13 -39 14 32 337 37 16 8 31 -1 31 24 6 14 
-2 -3 2 -45 31 49 352 61 53 46 31 15 38 46 14 10 
-2 -3 0 -48 1 32 334 51 32 11 10 -12 8 -13 -28 -8 
-1 -3 2 -49 -2 30 340 45 26 -8 23 -19 27 -16 -16 0 
-1 -3 14 -41 13 22 321 25 17 8 20 -27 30 21 17 -18 
-1 -3 -28 -62 21 42 317 53 22 37 11 -12 23 22 9 -29 
-1 -3 -26 -58 -4 32 304 51 0 6 8 -21 15 -20 -29 -31 
-1 -3 -22 -58 4 39 312 52 28 13 23 -10 42 -11 4 -15 
-1 -3 -8 -55 18 32 293 41 46 7 18 -9 16 -8 19 -28 
-1 -3 -24 -72 19 31 289 24 43 0 13 -13 16 1 8 -31 
-1 -4 -6 -65 8 15 294 -13 15 13 22 -35 30 18 1 -31 
-1 -4 4 -54 25 26 325 13 34 58 50 -20 33 47 37 -10 
-1 -4 10 -39 31 20 313 34 44 35 49 -7 25 20 13 -4 
-1 -4 14 -34 38 35 321 39 62 18 41 5 53 7 -22 16 
-1 -4 24 -39 42 43 333 25 77 23 48 4 28 21 -3 25 
-1 -3 28 -43 36 19 283 7 72 -6 55 -3 -18 8 16 12 
-1 -3 22 -33 40 18 214 20 69 -12 57 1 9 -8 -9 9 
-1 -3 18 -32 31 38 178 35 53 35 48 -2 24 17 -1 7 
-1 -3 0 -44 15 44 159 34 46 66 45 3 12 46 37 -7 
0 -3 9 -41 8 22 124 26 54 34 29 4 24 17 4 -11 
0 -3 -10 -58 10 32 100 42 48 48 14 5 56 10 -3 0 
0 -3 -15 -58 -13 33 72 30 6 68 7 -16 44 24 16 -18 
0 -3 -18 -42 -5 52 80 49 32 62 26 3 70 24 3 -4 
1 -3 5 -34 -1 26 45 32 46 3 0 -10 42 -11 -20 -7 
1 -3 -19 -67 -6 13 7 15 40 15 -27 -21 -6 9 13 -17 
1 -3 -1 -43 -7 26 2 13 20 40 -8 -14 3 22 7 -8 
1 -2 9 -21 25 76 39 58 50 62 43 33 92 44 12 35 
1 -2 17 -32 16 54 5 38 41 49 35 13 89 44 20 16 
0 -2 -1 -67 -2 12 -23 -1 33 44 22 -18 51 32 19 -14 
0 -2 9 -67 -7 -12 -44 -33 27 17 15 -39 20 -3 -4 -30 
0 -2 14 -56 12 17 -41 -20 49 26 7 -28 19 24 13 -14 
0 -1 31 -35 18 29 -31 -17 50 26 8 -20 20 35 21 -5 
0 -1 41 -24 24 47 -2 17 70 25 40 4 31 18 26 15 
0 -1 46 -4 22 73 -4 65 87 38 45 33 40 22 28 33 
-1 -1 59 7 9 70 -34 68 65 51 14 45 56 46 23 31 
-1 -1 72 3 9 63 -32 63 55 65 29 51 74 55 12 29 
-1 0 77 -4 13 70 -19 76 80 58 53 53 63 28 4 37 
-1 0 47 -23 9 74 -32 83 75 54 38 50 53 27 14 26 
-1 0 55 -23 7 60 -56 64 48 78 14 26 62 74 30 -1 
-2 0 61 -34 20 72 -49 64 77 105 20 25 76 86 45 6 
-2 0 73 -51 -9 33 -68 34 70 36 6 -5 28 14 20 -9 
-2 0 60 -67 -20 6 -60 34 66 9 7 -25 27 3 6 -12 
-3 1 86 -44 -15 -8 -71 15 46 2 4 -41 20 5 2 -16 
-3 1 88 -44 -9 2 -92 -5 40 -16 -1 -28 -5 -12 21 -17 
-3 1 106 -38 -26 -22 -118 -32 25 -51 -9 -44 -51 -27 0 -35 
-3 1 93 -46 -12 -20 -90 -9 57 -12 5 -35 -31 2 -13 -22 
-3 1 90 -52 -10 -37 -109 -20 55 -2 -18 -42 -37 -14 -19 -24 
-3 1 79 -69 -6 -35 -126 -17 51 3 -28 -40 -41 -8 5 -24 
-3 1 90 -69 -11 -44 -130 -18 46 -1 -10 -52 -34 2 2 -46 
-2 1 82 -79 -3 -37 -110 -16 48 5 8 -55 -17 5 4 -55 
-2 1 99 -63 11 -9 -104 2 45 34 9 -34 -2 22 26 -36 
-2 1 118 -45 22 21 -96 36 63 53 27 -4 33 58 50 -14 
-2 1 119 -41 25 16 -87 34 80 29 50 -9 42 55 46 -14 
-2 1 112 -40 32 14 -69 26 79 13 46 -7 14 31 38 -5 
-2 1 104 -34 28 32 -73 43 57 13 37 12 7 24 42 1 
-1 1 114 -22 11 27 -95 42 54 -3 39 5 8 21 31 1 
-1 1 113 -20 21 27 -81 43 78 14 48 7 -5 26 26 28 
-1 1 112 -25 29 14 -101 27 62 19 25 8 -29 31 56 10 
0 0 86 -38 22 18 -133 32 56 13 13 21 3 34 60 -20 
0 0 122 -9 6 36 -126 45 45 29 35 36 27 35 -8 0 
0 0 139 1 34 86 -73 83 58 108 68 78 63 96 1 49 
0 0 127 -12 38 67 -100 65 57 87 40 59 65 93 43 26 
0 0 96 -28 39 52 -118 70 87 42 28 53 86 51 47 17 
1 0 136 -7 45 57 -91 73 83 49 61 62 58 47 27 38 
0 0 131 -24 64 76 -40 89 100 105 94 87 31 90 57 67 
0 0 106 -39 45 35 -67 61 97 45 64 57 20 48 48 47 
0 0 89 -39 39 26 -81 42 83 -14 53 37 40 18 50 37 
0 0 115 -18 43 33 -82 31 48 14 61 31 20 34 60 33 
0 0 104 -29 52 43 -78 65 72 71 63 38 14 46 44 35 
0 0 81 -36 46 42 -95 75 111 57 55 32 32 34 11 20 
0 0 80 -36 43 44 -103 53 102 45 47 28 37 54 34 17 
0 0 100 -24 50 45 -104 52 64 74 56 38 29 76 56 32 
0 0 103 -14 57 52 -86 73 74 78 78 56 44 63 32 44 
0 0 74 -22 52 53 -76 72 88 68 74 60 52 47 18 40 
0 0 82 -18 49 47 -101 60 80 61 43 56 34 53 38 40 
0 0 99 -2 66 78 -98 98 107 67 57 89 58 62 56 74 
0 0 102 3 55 76 -95 100 98 53 65 92 68 56 37 80 
0 0 67 -17 58 71 -90 93 83 62 61 88 66 72 43 68 
0 0 77 -4 62 55 -107 81 84 43 54 71 46 57 54 47 
0 0 69 -8 66 61 -96 85 122 52 58 69 57 47 67 53 
0 0 78 -17 56 45 -95 51 110 69 54 48 41 49 46 50 
0 0 67 -29 61 54 -79 51 102 95 72 58 50 74 49 52 
0 0 87 -10 54 50 -81 52 84 82 75 52 39 69 51 36 
0 0 83 -14 62 75 -66 78 96 103 80 69 62 100 65 48 
0 0 76 -25 48 48 -88 60 82 92 67 45 54 97 43 39 
1 0 53 -41 39 30 -87 54 87 74 57 28 34 60 31 38 
1 0 82 -11 52 61 -66 81 96 69 68 62 46 49 42 57 
1 0 99 8 73 98 -45 114 110 102 93 101 101 99 81 81 
1 0 86 1 59 76 -71 89 95 103 82 84 87 106 72 65 
1 0 74 -6 42 70 -85 86 74 79 59 85 43 67 41 58 
1 0 92 9 38 81 -81 109 49 52 66 102 43 40 31 73 
1 0 102 11 42 74 -78 101 64 37 82 91 46 44 41 75 
1 0 77 -7 45 73 -81 87 98 51 68 86 30 52 35 63 
1 0 66 -13 24 49 -108 67 63 43 31 73 21 28 14 38 
1 0 64 -17 21 34 -110 64 44 40 40 68 47 18 23 40 
1 0 90 -4 38 44 -90 70 74 50 62 76 42 45 35 62 
0 0 70 -9 50 73 -69 83 102 69 70 90 35 65 43 83 
1 0 65 -17 19 30 -99 48 46 30 44 59 15 25 29 53 
1 1 57 -30 19 11 -96 48 44 35 48 56 21 28 41 42 
0 1 77 -13 32 23 -98 50 64 41 47 57 14 32 34 48 
0 1 52 -16 35 63 -92 84 65 45 54 75 40 34 39 66 
0 1 50 -17 17 55 -97 73 35 25 56 61 18 18 19 51 
0 0 48 -25 39 57 -73 60 84 43 68 72 10 37 34 56 
0 0 58 -20 36 38 -90 47 106 21 42 59 20 16 32 49 
0 1 43 -27 20 47 -95 80 81 19 31 65 54 7 19 50 
0 1 60 -15 16 54 -99 77 34 41 55 69 43 21 -1 45 
0 1 61 -16 26 48 -95 57 37 53 59 53 25 33 18 40 
0 1 54 -22 20 29 -102 52 44 31 32 35 20 19 29 28 
0 0 56 -20 33 47 -84 74 62 43 38 65 35 32 21 48 
0 1 60 -12 48 63 -68 86 78 75 70 86 44 51 21 71 
0 0 61 -2 46 65 -62 96 90 72 78 84 47 52 38 82 
0 0 67 14 69 108 -33 138 112 83 94 127 73 69 61 115 
0 0 81 13 78 107 -33 129 90 79 100 133 68 70 61 121 
0 0 52 -19 55 75 -59 92 76 57 78 97 53 55 48 86 
0 0 60 -15 28 57 -88 69 61 27 47 74 34 39 35 58 
0 0 68 -7 45 79 -62 102 58 33 72 96 54 42 37 81 
0 0 74 -11 45 60 -61 88 58 19 93 72 33 13 1 72 
0 0 40 -31 40 62 -70 68 93 33 79 61 34 11 -9 52 
0 0 52 -22 26 50 -97 50 62 24 48 53 38 11 -3 33 
0 0 42 -27 33 56 -78 83 49 43 62 71 56 32 18 51 
0 0 38 -29 35 51 -73 81 69 61 62 58 41 31 10 41 
0 0 30 -32 47 76 -65 86 91 90 64 69 59 49 31 44 
0 0 61 -10 35 74 -77 82 47 70 76 71 50 50 37 56 
0 0 54 -18 38 71 -65 84 64 64 76 75 33 61 39 75 
0 0 54 -24 43 54 -67 71 96 57 53 64 31 54 32 65 
0 0 60 -18 46 57 -60 73 95 48 60 65 53 50 35 68 
0 0 72 -9 37 42 -58 59 58 30 69 59 25 46 26 79 
0 0 70 -11 36 35 -49 58 47 24 68 61 -3 43 19 88 
0 0 64 7 41 59 -48 78 64 26 79 87 25 35 23 90 
0 0 71 21 45 67 -61 76 70 17 73 88 45 31 35 82 
0 0 69 6 46 59 -69 65 63 28 57 70 23 43 39 82 
0 0 64 -3 29 40 -85 52 44 45 49 65 -10 45 21 71 
0 0 41 -7 32 59 -77 70 51 63 62 94 29 54 25 69 
0 0 64 8 38 63 -73 68 50 48 59 81 40 50 35 69 
0 0 60 0 40 58 -67 68 54 60 61 70 24 56 53 68 
0 0 61 -7 27 31 -88 51 44 40 57 70 9 43 42 51 
0 0 44 -15 45 47 -68 70 73 26 73 91 53 44 44 72 
0 0 58 5 46 35 -76 46 69 13 64 61 33 31 33 66 
0 0 48 1 36 37 -87 41 49 43 55 55 7 38 31 53 
1 0 57 4 21 39 -105 37 24 16 62 59 10 10 -3 44 
0 0 52 3 49 63 -83 65 70 10 86 83 37 14 1 74 
1 0 70 15 54 58 -85 68 68 19 80 82 7 22 15 83 
0 0 64 11 44 66 -78 78 49 29 77 89 15 22 24 83 
0 0 59 14 33 56 -76 68 51 29 72 77 36 17 5 62 
0 0 52 11 39 63 -62 76 71 66 75 82 54 56 12 70 
0 0 65 11 47 79 -60 81 64 73 81 94 52 69 20 90 
0 0 66 8 43 71 -64 61 39 39 84 82 24 54 24 84 
1 0 47 4 28 44 -76 32 15 27 71 56 3 42 29 58 
1 0 40 2 26 33 -78 25 33 26 47 53 18 29 25 49 
0 0 45 4 59 49 -47 59 102 30 59 77 41 35 37 75 
0 0 72 18 59 54 -35 79 106 24 79 80 20 44 33 93 
0 0 62 13 34 66 -44 87 55 34 86 94 16 38 4 95 
0 0 48 2 8 41 -66 57 16 13 62 78 0 5 -25 65 
0 0 17 -20 12 47 -68 59 20 13 54 73 27 10 1 55 
0 0 27 -20 6 35 -112 44 0 7 33 51 28 19 3 38 
0 0 8 -32 12 25 -121 42 32 30 18 43 9 35 -5 27 
0 0 16 -29 1 6 -120 13 33 22 6 21 -22 23 -3 4 
0 0 12 -37 4 17 -112 11 12 27 18 27 -3 30 25 7 
0 0 24 -32 12 -6 -121 3 -4 13 23 14 -11 17 10 6 
0 0 11 -38 36 11 -76 29 39 14 38 27 7 18 15 24 
0 0 18 -34 18 14 -74 25 28 -2 31 25 3 9 15 20 
0 0 6 -41 1 0 -93 11 17 12 17 19 -16 1 1 17 
0 0 14 -29 6 -9 -90 0 22 8 18 14 -22 -6 -16 13 
0 0 24 -21 23 21 -53 34 34 6 50 43 12 21 10 30 
0 0 25 -27 16 27 -53 52 35 18 62 57 18 24 13 40 
0 0 18 -31 18 18 -58 35 38 43 46 44 9 22 11 42 
0 0 26 -17 28 29 -39 26 17 54 47 45 15 37 28 47 
0 0 47 -12 23 36 -27 39 13 43 60 56 15 43 33 62 
0 0 48 -14 41 44 -21 54 72 64 71 67 41 54 44 87 
0 0 53 -9 42 27 -39 25 76 64 45 42 39 59 38 69 
0 0 36 -22 23 18 -57 12 29 32 33 24 4 45 22 37 
0 0 45 -19 7 0 -81 6 -7 -11 40 11 -37 5 8 23 
0 0 28 -24 30 11 -73 19 29 10 51 23 -18 16 26 42 
0 0 37 -22 33 4 -79 1 36 -1 29 11 -15 25 19 35 
0 0 34 -23 29 24 -58 21 33 0 34 26 12 33 19 43 
0 0 55 -1 25 33 -52 38 12 31 45 42 42 32 12 57 
0 0 33 -11 52 58 -38 63 51 96 56 62 69 67 46 70 
0 0 28 -19 45 40 -67 36 60 71 36 29 19 63 53 35 
0 0 27 -22 26 34 -61 28 35 48 37 34 4 52 43 40 
0 0 49 -4 25 32 -46 27 7 52 55 57 16 42 32 68 
0 0 48 2 58 54 -20 55 58 60 76 77 41 52 54 88 
0 0 58 6 54 37 -36 40 76 30 69 51 16 42 47 65 
0 0 62 2 44 27 -42 26 54 21 72 41 -1 48 47 69 
0 0 65 9 60 49 -19 44 41 19 105 57 15 57 57 93 
0 0 68 8 71 67 12 63 56 10 117 66 37 53 61 94 
0 0 60 -4 59 61 3 52 72 22 92 58 44 31 45 74 
0 0 50 -12 44 46 -31 31 60 31 67 38 22 22 34 65 
0 0 39 -13 55 60 -30 45 56 32 77 52 21 45 51 82 
0 0 62 6 54 69 -23 55 51 28 83 73 18 48 52 86 
0 0 64 19 59 93 -7 78 59 52 94 95 31 53 51 102 
0 0 71 22 52 64 -34 48 57 35 71 73 12 43 47 89 
0 0 50 -1 61 40 -44 33 87 35 47 66 24 49 72 75 
0 0 56 6 58 28 -37 35 59 20 47 56 23 34 62 66 
0 0 39 3 48 47 -24 55 23 9 59 63 9 26 35 75 
0 0 54 8 24 38 -46 34 6 -16 49 53 -18 7 5 56 
0 0 47 6 43 65 -13 63 46 33 78 78 30 45 42 69 
0 0 45 6 51 65 -8 71 57 60 85 66 45 62 54 71 
0 0 27 -12 43 65 -17 64 84 61 62 55 34 61 29 64 
0 0 50 6 39 72 -11 63 75 42 59 71 45 60 17 64 
0 0 50 16 67 90 26 93 69 53 88 107 82 77 62 100 
0 0 55 15 62 71 15 77 62 67 86 87 58 68 59 102 
0 0 64 12 50 75 6 63 75 73 72 70 45 70 30 93 
0 0 66 15 69 80 12 72 88 58 72 77 65 64 46 89 
0 0 60 11 86 62 28 84 80 54 90 82 71 56 76 86 
1 0 44 1 64 57 27 74 66 62 95 77 46 62 48 74 
0 0 28 -12 35 47 -2 40 67 26 62 42 14 42 12 45 
1 0 7 -24 32 42 -12 33 69 3 56 27 24 15 12 31 
0 0 28 -15 30 30 -14 18 50 25 64 25 37 34 14 29 
0 0 26 -14 44 46 1 28 68 59 65 39 54 75 32 39 
0 0 29 -6 32 41 -15 50 48 27 49 29 28 35 20 26 
0 0 14 -13 21 51 -14 82 34 41 62 48 37 17 6 32 
0 0 18 -16 10 31 -28 53 38 52 49 35 26 27 -6 24 
0 0 -4 -32 29 33 -21 57 68 44 37 33 20 31 13 26 
0 0 13 -20 31 31 -29 53 41 14 36 30 6 11 14 22 
0 0 19 -19 38 50 -6 64 31 37 63 50 49 41 30 50 
0 0 25 -17 27 36 -7 54 28 20 62 42 32 40 11 49 
0 0 -4 -30 28 43 -14 56 59 15 43 43 -11 26 -1 26 
0 0 10 -19 21 33 -41 40 39 21 27 42 -13 19 4 8 
0 0 30 -10 26 35 -26 47 22 42 49 64 37 48 18 42 
0 0 37 -9 25 37 -17 33 33 30 54 57 31 41 7 44 
0 0 20 -12 24 44 -22 31 50 15 32 44 10 15 15 22 
0 0 18 -4 21 26 -33 33 32 21 18 43 4 7 18 16 
0 0 22 -8 23 15 -33 27 15 21 21 45 0 26 19 23 
0 0 20 -17 29 40 -20 45 4 19 42 55 21 37 39 41 
0 0 36 -1 23 40 -13 61 3 26 46 60 21 25 38 54 
0 0 25 6 17 32 -25 49 37 30 23 61 -6 26 16 47 
0 0 17 -2 5 21 -65 15 26 -2 -6 45 -15 22 2 24 
0 0 13 -10 17 34 -46 36 10 5 29 68 23 27 20 45 
0 0 46 9 27 23 -21 37 9 10 60 69 4 16 8 55 
0 0 27 -3 31 28 -22 30 40 30 52 58 0 25 7 45 
0 0 9 -19 1 10 -63 2 15 12 18 23 -15 11 -4 9 
0 0 -15 -27 3 18 -48 25 17 10 25 37 -11 12 4 20 
0 0 7 -7 11 16 -37 24 10 4 38 37 -10 7 -3 32 
0 0 6 -18 14 23 -30 19 7 16 48 32 12 14 7 34 
0 0 9 -20 -3 6 -48 -2 -16 -13 33 17 -15 0 -2 10 
0 0 -10 -23 5 23 -33 26 16 2 25 38 -10 15 2 18 
0 0 3 -10 16 30 -34 41 40 22 21 44 -4 14 12 32 
0 0 4 -10 21 36 -41 36 33 11 16 48 -3 11 22 43 
0 0 7 -15 -1 31 -58 18 -5 -14 9 45 1 5 -15 30 
0 0 20 -12 0 44 -39 37 10 9 31 56 19 22 -27 30 
0 0 33 -3 20 51 -26 44 24 26 46 63 18 35 -2 31 
0 0 28 -13 21 32 -47 16 -2 15 27 42 7 30 9 20 
0 0 11 -28 5 13 -64 1 -8 19 17 19 -11 8 0 9 
0 0 14 -14 2 4 -58 1 14 5 12 15 -24 -1 -1 10 
0 0 16 1 22 27 -49 20 25 -13 9 43 14 26 14 31 
0 0 42 12 17 30 -68 17 7 -13 12 60 0 20 8 46 
0 0 31 5 14 29 -52 19 22 15 38 66 -41 4 14 58 
0 0 36 7 8 7 -40 -2 8 -14 36 32 -54 -5 13 31 
0 0 38 6 28 43 -27 31 14 17 41 51 3 42 28 38 
0 0 54 15 18 50 -56 30 9 41 21 54 2 57 16 43 
0 0 34 -2 18 44 -39 24 21 21 24 51 0 51 23 55 
0 0 65 13 41 41 -4 29 19 -1 67 65 4 32 30 57 
0 0 64 20 64 63 21 56 46 35 103 98 32 35 39 65 
0 0 41 11 27 36 -15 24 30 -7 55 50 4 12 7 35 
0 0 9 -12 11 24 -18 21 25 -23 26 28 -9 19 1 27 
0 0 26 -8 31 17 -18 20 31 18 45 39 -9 27 13 27 
0 0 29 -8 46 23 -23 14 46 36 54 41 -7 29 30 29 
0 0 17 -13 20 12 -38 -2 23 -2 36 21 -26 17 8 12 
0 0 0 -24 14 18 -33 11 16 0 27 28 1 28 -1 12 
0 0 3 -19 38 41 -29 40 38 31 25 53 42 40 17 27 
0 0 12 -12 35 38 -31 41 28 31 19 48 17 34 17 25 
0 0 0 -24 6 15 -38 12 -14 15 21 22 -6 19 -1 1 
0 0 1 -28 -1 3 -50 -12 -10 9 6 3 3 11 1 -11 
0 0 -10 -30 20 20 -33 10 36 23 6 13 25 31 23 2 
0 0 0 -25 10 12 -15 13 17 -7 31 8 17 26 -3 8 
0 0 -3 -29 8 24 -1 28 19 -13 52 25 30 13 -21 19 
0 0 5 -26 10 6 -35 11 27 -21 23 13 -16 -21 -19 -4 
0 0 -29 -45 14 3 -38 4 10 -15 20 10 -43 -18 1 -5 
0 0 -15 -33 0 -3 -31 -7 -11 -35 24 3 -26 -6 -12 3 
0 0 -11 -31 10 1 -24 10 34 -15 18 14 7 13 -10 7 
0 0 -6 -35 -5 -29 -53 -11 7 -15 1 -14 -35 -10 -25 -20 
0 0 -24 -48 -5 -10 -20 -1 -6 5 19 -4 -15 -3 -14 -7 
1 0 -10 -33 -7 3 -6 6 8 -3 22 10 5 -2 -21 -10 
0 0 -10 -29 -9 12 -14 22 15 -17 19 22 -13 0 -22 -12 
0 0 7 -17 -14 2 -23 9 -12 -33 17 17 -26 -3 -21 -5 
0 0 17 -9 8 18 8 20 9 -15 35 39 16 12 3 17 
0 0 20 -5 10 20 8 23 24 -16 37 40 4 -1 -1 16 
0 0 10 -16 -7 13 -8 16 12 -27 22 20 -16 -13 -18 8 
0 0 -2 -28 -10 0 -16 8 4 -6 13 7 11 2 -18 2 
0 0 -11 -37 2 -9 -15 5 9 5 15 0 14 25 -6 -4 
0 0 -15 -36 17 26 3 26 23 -1 35 24 7 37 3 8 
0 0 2 -21 12 45 12 35 26 15 41 50 19 37 -6 15 
0 0 -16 -35 -1 10 3 14 11 51 32 37 30 45 -1 0 
0 0 -18 -56 -16 -57 -37 -43 -27 -2 7 -28 -14 11 3 -38 
0 0 -13 -55 -2 -30 -24 -25 2 -37 17 -28 -22 -8 -2 -24 
0 0 11 -30 -6 -5 -16 -11 15 -32 14 -20 -35 -11 -36 -8 
0 0 -19 -49 -11 -14 -16 -15 -2 -3 -1 -20 -12 -5 -27 -12 
0 0 -22 -58 -21 -48 -32 -39 -18 -27 -7 -38 -1 -27 -12 -42 
0 0 -31 -59 -6 -31 -13 -18 31 -17 13 -20 -3 -10 -3 -29 
0 0 -8 -38 -6 -21 -16 -18 11 -14 16 -20 -29 -4 -22 -17 
0 0 -8 -41 11 11 9 12 -5 -15 37 11 4 6 4 5 
0 0 -12 -51 7 -2 6 7 -1 -39 36 9 4 -10 6 -5 
0 0 -33 -71 -9 -27 -11 -21 25 -29 7 -17 -19 -21 -13 -16 
0 0 -13 -60 -28 -37 -31 -44 -4 -28 -6 -36 -50 -30 -40 -22 
0 0 4 -44 -19 -8 -10 -18 -36 -22 34 -4 -27 -10 -24 0 
0 0 18 -19 -1 9 2 4 -28 9 52 14 23 22 1 17 
0 0 23 -9 1 11 0 1 -7 39 24 5 34 47 16 15 
0 0 6 -26 -31 0 -23 -20 -18 23 -4 -3 -7 22 -6 -12 
0 0 2 -29 -36 3 -18 -11 -19 18 13 12 -2 18 -15 -4 
0 0 12 -16 9 36 22 27 1 42 62 43 39 62 15 33 
0 0 14 -18 8 30 6 13 -18 -1 43 22 -14 39 7 14 
0 0 -16 -32 -16 14 -20 -4 -23 -25 5 4 -44 3 -5 -11 
0 0 0 -25 -15 -7 -20 -15 -22 -1 13 -4 -18 15 0 -7 
0 0 -1 -36 13 9 8 5 -4 43 45 10 12 41 13 10 
0 0 5 -34 4 6 -14 -10 -8 10 25 -2 -13 13 -7 -13 
0 0 -4 -42 5 -3 -16 -18 9 -18 17 -8 -7 4 -1 -15 
0 0 26 -37 9 -34 -7 -35 -5 -40 40 -21 -25 -11 4 -8 
0 0 15 -39 24 -10 31 -7 12 -4 66 -1 -33 4 22 12 
0 0 21 -17 17 10 28 1 17 -3 49 -3 -35 6 9 11 
0 0 27 -9 28 49 42 35 40 -20 56 31 7 22 6 42 
0 0 34 -6 22 36 37 31 29 -38 59 47 4 19 -4 41 
0 0 2 -29 9 16 29 17 11 -5 45 28 -13 24 14 6 
0 0 8 -28 -9 9 11 6 -15 3 38 -2 -29 7 9 -12 
0 0 23 -13 4 31 33 34 10 -4 54 28 -8 12 -4 25 
0 0 15 -13 10 30 36 40 23 -15 43 43 6 19 -10 26 
0 0 3 -30 -3 19 16 21 -9 -16 28 20 1 7 5 12 
0 0 13 -28 -6 13 10 10 -25 -20 46 11 -18 -16 1 22 
0 0 23 -18 3 14 19 12 15 -29 48 18 -33 -14 -12 30 
0 0 12 -24 11 30 28 26 40 -18 33 32 -8 9 14 37 
0 0 18 -24 -4 7 13 13 4 -32 26 16 -23 -3 14 35 
0 0 7 -26 -7 -2 12 10 -13 -40 47 9 -45 -10 -10 36 
0 0 23 -26 -9 -1 11 -1 -17 -48 53 -1 -44 -7 -24 19 
0 0 13 -40 1 14 27 14 17 -21 54 10 -12 11 -12 26 
0 0 18 -38 -7 -15 -2 -12 1 -22 35 -16 -37 -1 -19 13 
0 0 -1 -51 -7 -19 -10 -26 -13 -13 37 -25 -34 -5 -9 2 
0 0 11 -45 -13 -27 -5 -31 0 -40 36 -23 -32 -24 -32 -6 
0 0 -13 -54 -6 -21 25 -3 38 -39 37 -2 -21 -12 -40 16 
0 0 -15 -54 -13 -31 14 -22 7 -40 25 -22 -34 -16 -28 7 
0 0 -13 -50 -10 -6 15 -22 3 -34 32 -11 -29 -24 -12 11 
0 0 13 -30 -17 -15 -3 -24 -8 -51 27 2 -42 -44 -45 15 
0 0 18 -30 5 -10 18 -2 4 -22 43 22 -27 -11 -28 41 
0 0 21 -24 17 -5 39 0 21 -16 62 25 -26 4 -6 45 
0 0 5 -24 3 -7 28 -5 22 -29 36 19 -17 -5 -16 21 
0 0 -4 -25 -11 -12 -4 -5 -4 -34 5 4 -9 -8 -23 -5 
0 0 -4 -31 -6 6 -2 9 -2 -19 16 9 -10 9 -5 12 
0 0 -10 -39 -14 11 5 8 2 -6 25 19 -11 8 -17 26 
0 0 -2 -37 -22 -3 2 -6 -1 -5 21 17 -14 -2 -38 13 
1 0 4 -32 -3 11 8 3 15 2 34 24 -8 0 -25 20 
0 0 3 -41 -8 -5 -7 -16 2 -26 17 -3 -30 -27 -23 7 
0 0 -20 -57 -11 -12 0 -23 -18 -27 11 -8 -28 -35 -13 -6 
0 0 4 -37 -8 -21 12 -24 -29 -20 30 -2 -27 -17 -19 4 
0 0 -8 -44 -2 -24 10 -15 14 -6 25 -6 -13 4 -21 16 
0 0 -26 -61 -19 -49 -30 -47 14 -33 -23 -41 -41 -20 -25 -31 
0 0 -34 -64 -9 -17 -13 -28 -7 -18 -4 -9 -30 -7 -17 -22 
0 0 14 -37 -12 -14 -15 -26 -27 -25 17 4 -25 -5 -46 8 
0 0 4 -47 -10 -13 -14 -27 21 -35 -1 1 -15 -5 -36 14 
0 0 -4 -46 -17 -8 -8 -33 7 -28 -10 -3 -13 -3 -21 0 
0 0 -11 -48 -17 6 28 -11 -33 11 25 15 17 19 -14 26 
0 0 -6 -51 -31 -21 5 -28 -43 -2 15 -11 -4 -2 -32 13 
0 0 -23 -63 -22 -12 -1 -26 1 -11 -10 -14 -26 -6 -17 -5 
0 0 -9 -58 -8 -20 6 -38 10 -35 -8 -8 -26 -4 -7 -11 
0 0 -9 -60 -6 -46 6 -53 7 -47 8 -17 -23 -13 -19 -9 
0 0 -17 -59 -22 -44 2 -44 -3 -36 16 -31 -49 -38 -46 -11 
0 0 -9 -56 -15 -17 20 -19 -16 -16 27 -13 -42 -19 -27 4 
0 0 -19 -67 5 -19 10 -29 -5 -16 25 -6 -9 5 -1 1 
0 0 -36 -77 -5 -47 -30 -61 5 -31 -10 -38 -30 -16 -23 -26 
0 0 -39 -76 -13 -45 -25 -56 2 -16 -22 -43 -49 -19 -34 -27 
0 0 -7 -59 -7 -36 -1 -52 -2 -13 -1 -36 -29 3 -11 -16 
0 0 -9 -58 1 -12 28 -37 5 -11 37 -15 10 27 14 5 
0 0 5 -50 -19 -27 7 -51 -15 -40 22 -21 -20 2 -18 3 
0 0 8 -43 -10 -12 4 -30 2 -12 5 2 -17 2 -21 19 
0 0 30 -23 -3 -3 13 -25 -3 7 12 18 -14 7 -13 24 
0 0 3 -41 -3 2 34 -17 4 8 31 31 -8 23 1 26 
0 0 2 -46 -13 -25 8 -38 -6 -26 9 2 -23 4 -6 -2 
0 0 -4 -53 -2 -17 5 -29 7 -16 4 -3 -7 -2 1 -5 
0 0 -3 -63 -19 -35 -5 -43 1 -22 -2 -22 -24 -24 -27 -13 
0 0 -31 -91 -20 -34 0 -42 8 -13 -6 -21 -28 -21 -24 -13 
0 0 -18 -77 -18 -19 -10 -46 -23 -31 -4 -17 -34 -19 -24 -21 
0 0 -18 -63 -18 3 1 -29 -11 -38 2 -6 -10 -7 -35 -13 
0 0 -12 -56 -17 -20 8 -32 4 -14 2 -14 3 -6 -31 -8 
0 0 -3 -55 -1 -25 29 -28 1 28 22 -3 -5 12 1 3 
0 0 -4 -49 -1 -10 31 -19 9 18 23 9 -21 0 -4 6 
0 0 -15 -48 -9 -14 13 -19 17 -19 -11 -1 -13 -27 -21 5 
0 0 -12 -47 -18 -22 -2 -35 -16 -23 -13 -8 -3 -21 -17 -4 
0 0 14 -36 -26 -8 10 -33 -35 -10 25 11 -12 5 -12 -3 
0 0 12 -37 -1 19 39 11 7 17 54 44 -1 18 -4 32 
0 0 11 -42 8 5 29 10 24 5 30 24 -13 0 -6 37 
0 0 -5 -50 1 6 29 0 27 -1 9 21 -23 4 4 23 
0 0 6 -44 -8 -10 21 -24 -3 -19 3 16 -44 -5 -5 8 
0 0 -8 -60 9 -12 30 -22 -7 -15 27 1 -2 -4 -1 15 
0 0 8 -54 6 -22 25 -30 -8 -21 36 -25 23 1 8 4 
0 0 2 -47 17 5 46 -1 36 14 33 15 25 20 20 19 
0 0 16 -33 7 7 37 -3 31 15 16 24 -8 -2 -19 23 
0 0 1 -41 -1 22 43 0 14 14 32 19 -24 -2 -18 34 
0 0 6 -44 -10 -5 20 -28 0 -12 20 -3 -56 -13 -9 16 
0 0 -10 -61 2 -22 9 -32 34 -20 0 -4 -13 -13 -8 6 
0 0 -10 -66 -3 -38 2 -47 14 -31 4 -24 15 -22 -22 -8 
0 0 -21 -80 -8 -37 11 -53 -28 -15 15 -30 -26 -16 -8 -11 
0 0 -17 -78 -16 -35 -15 -54 -21 -16 -11 -27 -65 -20 -18 -21 
0 0 -9 -64 -2 -15 -18 -30 22 -12 -15 -5 -22 -6 -18 -10 
0 0 -2 -57 6 -24 -1 -37 12 -16 12 -10 -6 -3 -3 -8 
0 0 0 -61 -8 -47 3 -52 -3 -35 16 -29 -35 -14 -2 -11 
0 0 3 -46 -2 -11 16 -13 14 -15 20 -1 -16 -2 -3 13 
0 0 15 -33 13 9 23 5 24 2 21 21 14 3 1 16 
0 0 -8 -55 -6 -16 7 -18 3 -20 14 7 2 -20 -7 -7 
0 0 -12 -60 -28 -37 -17 -40 -24 -44 -1 -15 -42 -40 -34 -18 
0 0 -5 -49 -1 6 8 -5 9 2 16 19 -15 -10 -20 11 
0 0 20 -37 -6 6 6 -16 18 -4 15 19 -2 -5 -13 10 
0 0 -5 -54 -15 2 10 -24 12 -16 7 14 -1 -6 -6 11 
0 0 15 -45 -8 0 22 -18 -3 -9 13 16 -10 -3 -8 17 
0 0 14 -44 22 14 45 10 30 21 38 36 14 20 14 33 
0 0 1 -53 7 -23 8 -25 9 -25 19 -1 -20 -15 -6 -6 
0 0 -30 -72 -2 -19 7 -31 6 -53 9 -5 -19 -22 -15 -22 
0 0 -4 -40 -3 7 25 -9 18 -25 25 15 3 1 -17 -5 
0 0 0 -26 3 30 39 21 27 29 38 33 15 18 -10 22 
0 0 1 -39 -9 -5 15 -11 9 7 9 7 -9 -26 -31 8 
0 0 -5 -60 0 -7 25 -11 18 0 12 12 15 -19 -18 9 
0 0 -6 -55 3 6 24 12 -4 13 32 20 17 9 -2 12 
0 0 -25 -61 -9 1 15 1 -25 8 22 8 -15 -9 -9 5 
0 0 -37 -71 -12 -18 9 -30 5 -14 -8 -2 -25 -29 -26 -15 
0 0 -24 -66 -2 -12 9 -14 49 -10 -10 1 7 0 -16 -20 
0 0 -12 -54 12 18 18 21 38 16 26 11 41 29 14 -1 
0 0 0 -47 10 13 18 -1 -6 6 31 1 -2 17 20 2 
0 0 -15 -61 -3 -3 3 -23 -15 -10 7 -8 -36 1 3 -17 
0 0 -19 -67 -21 -24 -28 -37 -20 -23 -20 -24 -20 -13 -16 -39 
0 0 -33 -69 -9 -15 -11 -20 2 -7 -6 -12 12 -1 0 -16 
0 0 -14 -47 -9 -24 -4 -26 5 -20 2 -13 -25 -6 -5 -7 
0 0 -11 -40 7 5 23 1 21 5 29 20 -7 3 0 15 
0 0 7 -40 12 0 31 6 10 9 45 30 11 -6 -9 22 
0 0 -22 -64 13 -6 37 6 37 2 40 20 -5 8 -3 16 
0 0 -16 -57 5 -7 23 -10 37 -33 22 5 -39 -3 -6 -7 
0 0 -11 -52 19 28 54 22 30 -14 39 40 -11 -1 10 21 
0 0 3 -45 8 4 56 16 5 1 38 29 -14 -6 3 33 
0 0 -15 -57 6 0 58 18 25 14 33 22 11 7 11 28 
0 0 -9 -50 4 8 47 14 31 -13 27 16 24 -3 15 11 
0 0 -8 -54 3 -1 43 8 34 -22 18 5 -10 0 14 9 
0 0 -8 -61 -5 -24 32 -4 36 -6 5 -4 -44 -2 0 5 
0 0 -18 -63 -1 -5 42 16 38 -1 15 20 -11 7 8 14 
0 0 -28 -59 -1 11 47 26 12 -9 32 20 5 16 5 12 
0 0 -26 -70 -5 -7 44 11 2 5 26 -12 -10 16 -6 -4 
0 0 -29 -79 8 -10 48 10 38 15 17 -13 10 16 2 1 
0 0 -19 -59 13 -6 48 10 54 -8 17 -5 12 13 2 13 
0 0 -23 -54 1 1 53 14 31 -3 24 4 2 2 -15 18 
0 0 -8 -56 -24 -18 35 -9 -18 -24 19 -10 -17 -23 -26 2 
0 0 -5 -52 1 -5 40 3 4 -26 34 3 0 2 6 12 
0 0 10 -29 19 -1 24 6 45 -8 17 4 1 16 6 14 
0 0 -3 -37 10 10 21 13 47 17 -2 19 9 15 1 24 
0 0 18 -39 -12 -11 22 -10 1 -13 14 11 -11 -16 -21 19 
0 0 2 -49 8 3 56 17 28 5 56 19 6 -9 -19 27 
0 0 -4 -50 8 0 49 21 33 5 42 0 2 -1 -16 13 
0 0 -22 -72 6 -1 42 9 43 2 15 -16 13 11 0 5 
0 0 -13 -71 -5 -30 23 -26 39 -20 -4 -40 5 -7 -32 -16 
0 0 -26 -66 -7 -25 44 -9 25 -15 13 -24 20 1 -41 -7 
0 0 -20 -62 -10 -24 56 -10 2 -7 31 -26 13 4 -28 -2 
0 0 -19 -82 4 -27 49 -30 37 4 17 -45 -10 -6 -19 -8 
0 0 -13 -83 6 -37 22 -46 37 -21 -13 -53 -36 -31 -37 -28 
0 0 -12 -67 3 -26 35 -32 11 -30 15 -32 -34 -15 -29 -21 
0 0 -23 -66 4 -27 46 -33 28 -21 41 -34 -32 1 -9 -19 
0 0 -27 -75 11 -44 27 -45 50 -38 0 -49 -29 -12 -10 -42 
0 0 -30 -74 19 -26 31 -28 43 -39 -10 -36 -4 -18 -21 -47 
0 0 -23 -65 8 -15 43 -22 22 -24 20 -36 -14 -5 -12 -37 
0 0 -18 -57 9 7 47 4 35 0 31 -2 -9 18 13 -9 
0 0 35 -18 23 33 48 39 49 1 30 46 14 19 4 26 
0 0 37 -12 40 46 65 47 62 12 50 53 33 17 5 38 
0 0 16 -31 19 -4 37 -13 32 -24 26 -4 -3 -17 -3 -11 
0 0 -3 -33 23 13 59 20 46 -28 24 22 16 -10 2 6 
0 0 39 2 25 48 92 60 41 -17 44 59 29 8 -5 51 
0 0 28 -14 29 52 101 48 43 22 53 54 33 23 7 53 
0 0 17 -31 21 11 65 12 48 10 37 16 27 7 0 13 
0 0 1 -36 39 35 82 58 84 -2 51 38 62 25 17 28 
0 0 24 -14 36 55 98 63 62 -5 61 54 39 19 8 43 
0 0 24 -15 26 53 116 50 58 25 67 61 19 8 -5 53 
0 0 13 -31 15 22 90 32 57 9 53 37 17 -14 -16 30 
0 0 -4 -52 30 16 76 28 54 -9 37 15 27 -17 -1 12 
0 0 2 -51 33 9 82 15 57 -8 33 -7 17 -14 6 11 
0 0 0 -53 16 2 87 18 58 -15 37 -11 19 -14 1 11 
0 0 -3 -50 17 12 84 38 42 -10 46 12 45 -8 6 12 
0 0 19 -28 39 34 97 58 59 18 65 39 52 25 26 39 
0 0 15 -28 38 46 99 55 81 19 71 46 46 40 25 47 
0 0 -5 -47 5 17 51 14 32 -22 27 5 10 4 6 -8 
0 0 -22 -53 15 21 38 20 11 3 17 2 5 10 25 -16 
0 0 4 -34 26 30 39 32 30 33 39 20 17 23 22 11 
0 0 3 -41 28 32 48 35 52 27 48 28 51 14 7 12 
0 0 13 -35 20 18 36 14 28 -1 30 3 34 -2 0 -16 
0 0 -2 -31 30 54 43 40 34 42 40 25 38 35 32 9 
0 0 2 -26 12 26 16 22 23 36 22 12 45 32 31 2 
0 0 -19 -45 7 2 22 14 41 17 9 -4 52 22 27 -14 
0 0 2 -27 12 20 36 22 37 10 21 6 27 22 10 -7 
0 0 5 -9 32 63 70 68 47 40 57 56 54 49 19 40 
0 0 4 -13 21 44 57 52 36 22 54 40 42 30 13 33 
0 0 -19 -42 10 30 20 23 33 16 18 14 12 18 15 6 
0 0 -20 -39 -4 4 -23 3 12 6 -14 -4 2 17 9 -21 
0 0 -14 -40 11 1 8 21 24 5 8 3 34 25 18 -11 
0 0 5 -44 31 18 47 35 53 9 42 14 46 19 25 1 
0 0 14 -43 30 13 42 22 63 14 32 15 29 16 23 3 
0 0 11 -38 17 -3 30 4 28 8 23 8 14 11 12 10 
0 0 17 -28 24 16 50 17 8 -6 48 14 19 9 19 26 
0 0 0 -31 39 43 59 38 51 -8 52 31 27 7 27 23 
0 0 1 -40 26 14 32 11 75 -18 21 10 -7 -10 4 0 
0 0 5 -51 28 1 38 4 50 -1 43 -5 -4 -1 14 8 
0 0 5 -54 24 -20 29 -13 7 -19 53 -25 -6 -9 28 -12 
0 0 -46 -84 17 -24 12 -21 34 -33 18 -24 -13 -20 22 -36 
0 0 -34 -74 5 -34 -2 -30 49 -35 -14 -27 -41 -33 -23 -37 
0 0 -10 -60 20 -7 35 9 56 3 22 2 -13 -10 -27 -4 
0 0 6 -56 14 -7 35 13 16 -14 48 -3 -1 -13 -12 -12 
0 0 -26 -62 13 3 36 18 20 -17 46 -2 15 -8 4 -14 
0 0 -19 -48 3 -11 17 -7 41 -25 16 -13 -13 -22 -18 -25 
0 0 -16 -55 10 6 22 3 51 -28 8 3 -18 -20 -17 -18 
0 0 -2 -48 9 16 17 12 19 -46 12 6 3 -17 -14 -4 
1 0 -5 -43 20 21 41 19 32 -22 40 20 33 -2 3 26 
0 0 15 -30 33 7 49 8 61 0 50 24 10 -3 7 27 
0 0 16 -30 38 14 42 17 53 11 31 28 1 11 7 15 
0 0 2 -38 23 24 28 21 10 14 25 26 24 14 -10 3 
0 0 5 -40 18 28 30 22 22 22 39 28 34 9 -5 8 
0 0 19 -29 24 23 18 21 53 6 29 28 3 3 16 5 
0 0 21 -27 20 15 11 14 36 -19 15 24 -13 6 15 0 
0 0 0 -41 28 27 32 15 20 0 37 34 19 9 4 12 
0 0 2 -45 21 14 21 2 18 2 32 19 16 -9 -2 9 
0 0 -3 -51 13 13 13 15 22 -9 18 18 5 -12 11 3 
0 0 18 -39 10 5 6 9 15 -32 11 15 -9 -18 -4 -9 
0 0 13 -36 30 29 28 21 55 -2 35 32 25 -2 -1 13 
0 0 19 -31 23 21 23 13 39 -17 37 17 10 -15 1 14 
0 0 -3 -46 17 18 19 19 20 -43 27 17 -6 -21 4 6 
0 0 1 -55 5 -12 -5 -15 11 -60 11 -10 -20 -34 -19 -21 
0 0 -18 -75 12 1 9 -6 46 -5 22 -5 7 -4 -6 -11 
0 0 -9 -64 4 5 2 7 32 9 10 0 -5 6 -3 -12 
0 0 -9 -55 3 19 15 29 9 3 10 19 1 12 -5 -11 
0 0 15 -43 3 21 24 19 -3 -2 26 14 24 -1 -11 -15 
0 0 9 -46 18 29 30 20 37 9 21 23 35 -2 11 -5 
0 0 1 -46 5 -2 4 1 41 -13 -10 10 2 -20 -4 -21 
0 0 -2 -57 -11 -26 3 -16 6 -40 4 -16 0 -30 -23 -35 
0 0 3 -61 -6 -25 9 -17 -22 -52 28 -24 -3 -33 -28 -32 
0 0 -8 -64 0 -19 9 -13 7 -40 7 -15 -28 -29 -25 -28 
0 0 -23 -65 -5 -15 3 -16 34 -29 -6 -11 -24 -30 -18 -28 
0 0 -1 -52 -4 -3 2 -19 20 -38 8 -7 -14 -30 -24 -15 
0 0 8 -49 12 18 24 6 22 -23 20 23 -7 -18 -20 11 
0 0 18 -39 14 16 34 23 23 0 24 33 5 -7 7 18 
0 0 1 -45 18 21 30 24 18 9 25 25 39 5 25 13 
0 0 -11 -63 -15 -24 -27 -37 -10 -53 -22 -25 -18 -37 -26 -38 
0 0 -35 -78 -22 -29 -38 -42 -1 -68 -38 -29 -56 -60 -31 -52 
0 0 2 -42 6 -1 -7 -2 0 -44 -12 1 -25 -44 -4 -21 
0 0 6 -38 20 19 21 24 7 -8 13 25 21 -9 8 5 
0 0 2 -51 -12 -34 -22 -33 -24 -37 0 -21 -31 -30 -7 -32 
0 0 -14 -60 9 -20 -19 -28 9 -27 12 -14 -40 -22 9 -25 
0 0 1 -52 21 -3 -14 -19 48 -33 8 -10 -9 -9 -10 -15 
0 0 -22 -74 -2 -11 -21 -24 36 -33 -4 -21 6 0 -14 -21 
0 0 -15 -71 -21 -32 -41 -47 -35 -34 -10 -28 -36 -20 -9 -39 
0 0 -5 -65 -3 -25 -16 -43 -21 -13 0 -9 -38 -24 -4 -35 
0 0 -6 -71 -4 -50 -22 -60 9 -27 -7 -35 -36 -31 -15 -50 
0 0 -21 -76 -6 -58 -47 -59 -8 -48 -29 -52 -44 -20 -5 -59 
0 0 -13 -57 -4 -30 -38 -35 -23 -33 -34 -26 -28 -4 6 -47 
0 0 5 -45 -4 -4 5 -14 7 4 -6 2 3 1 4 -20 
0 0 1 -48 -8 2 13 -2 27 3 18 15 1 -11 -15 -1 
0 0 6 -38 -6 1 -2 -3 12 -27 10 12 -20 -18 -14 5 
0 0 0 -35 13 8 8 -2 17 -9 3 16 -3 -5 14 7 
0 0 9 -36 7 -2 1 -15 15 11 -1 9 0 0 -2 1 
0 0 -3 -45 -5 25 6 7 1 19 18 24 11 13 -24 16 
0 0 5 -51 -21 10 -17 -8 -35 -11 11 0 -10 -7 -18 -3 
0 0 -14 -75 -16 -25 -41 -39 -9 -9 -25 -21 -26 -14 11 -34 
0 0 -7 -69 -19 -53 -63 -68 16 -32 -54 -31 -41 -22 -20 -48 
0 0 -8 -54 2 -13 -9 -27 36 -26 -4 -1 7 -12 -23 -4 
0 0 15 -40 -1 -20 10 -26 -10 -16 20 -14 8 -32 -10 6 
0 0 -11 -63 -8 -27 6 -25 -18 6 10 -16 -8 -23 1 1 
0 0 -16 -62 -12 -22 -13 -25 5 -13 -1 -15 -23 -24 -20 -12 
0 0 -21 -61 2 12 2 6 39 3 6 8 14 -13 -8 2 
0 0 -8 -48 -6 3 0 5 9 -1 1 11 1 -24 -10 4 
0 0 -17 -55 -10 -11 -9 -4 -7 -29 0 9 -32 -27 -18 -1 
0 0 -11 -65 -6 -5 -28 -17 3 -36 -2 6 -22 -17 -11 -8 
0 0 0 -65 4 11 -6 -7 31 6 9 21 13 -1 2 6 
0 0 3 -50 -4 -6 20 -13 25 23 20 15 10 -18 -24 8 
0 0 7 -45 -2 -14 21 -19 2 7 10 6 -2 -26 -27 10 
0 0 -1 -55 14 -3 6 -5 7 -12 -3 10 10 -26 -4 17 
0 0 3 -56 2 -14 1 -11 12 -20 1 -3 -2 -38 -13 5 
0 0 -3 -54 2 0 20 -6 21 4 25 4 -7 -17 -11 3 
0 0 6 -48 13 5 18 -3 30 1 17 4 -2 -8 -2 -1 
0 0 -3 -57 18 3 22 7 43 4 6 4 21 -18 -7 1 
0 0 16 -50 6 -12 15 -10 11 -12 14 -4 -11 -32 -28 2 
0 0 20 -42 21 19 36 13 7 14 48 28 -8 -5 -10 31 
0 0 31 -40 9 13 23 4 2 3 36 6 20 -15 -14 7 
0 0 -9 -72 6 3 21 0 26 -17 21 -9 37 -24 -6 -15 
0 0 -7 -74 5 -17 15 -18 15 -36 15 -13 -18 -34 -1 -19 
0 0 1 -60 14 9 35 8 19 8 28 11 -16 -20 20 8 
0 0 14 -45 8 14 26 16 17 11 27 9 4 -17 5 6 
0 0 -15 -71 9 12 17 17 29 0 19 8 12 -7 -2 1 
0 0 -13 -72 -1 -7 2 -7 7 -12 6 -12 -7 -31 -14 -10 
0 0 -12 -60 2 -6 8 -1 2 -3 7 -9 3 -41 -12 -3 
0 0 -4 -53 -4 -7 -5 3 2 -5 2 0 -1 -29 -15 -4 
0 0 -7 -68 -6 1 -6 5 1 0 -5 7 -3 -10 -8 -9 
0 0 -12 -72 3 10 -2 9 -3 0 -2 8 -7 -17 -2 -15 
0 0 6 -55 18 22 14 21 25 -1 15 18 -3 -13 12 6 
0 0 5 -53 18 17 11 17 54 7 16 18 22 -3 15 17 
0 0 -10 -63 -5 -8 -14 -5 18 10 -9 -5 21 -19 -4 -7 
0 0 -19 -61 3 14 4 17 -12 37 12 17 31 -6 12 2 
0 0 2 -39 12 21 15 17 -2 27 22 18 24 8 32 10 
0 0 -19 -51 11 9 8 5 22 17 -2 -8 9 -1 21 -2 
0 0 -23 -63 -6 -25 -19 -22 3 3 -27 -32 -25 -25 -11 -29 
0 0 -28 -63 6 -2 -8 6 18 39 0 9 16 -4 -5 -8 
0 0 5 -39 12 7 0 17 17 32 16 22 28 -4 -9 7 
0 0 8 -37 31 28 43 42 42 21 29 41 27 5 8 28 
0 0 12 -37 25 21 39 35 50 18 15 42 30 6 -1 23 
0 0 -9 -52 14 23 27 27 38 48 17 40 39 22 3 15 
0 0 14 -45 10 5 20 2 -4 23 26 14 -2 -1 7 -2 
0 0 14 -48 32 4 18 10 29 12 11 16 2 -14 15 8 
0 0 13 -42 24 -11 -16 -2 39 17 -11 10 15 -10 -2 8 
0 0 1 -51 10 -8 -7 -6 17 14 9 3 6 1 4 2 
0 0 -13 -66 -3 -14 -15 -16 -5 -18 -1 -19 -20 -23 -7 -26 
0 0 -28 -80 -10 -30 -32 -25 -26 -10 -21 -32 -4 -15 -13 -39 
0 0 -24 -82 8 -33 -11 -23 -16 17 8 -28 8 11 22 -20 
0 0 -7 -76 32 -12 13 -8 51 13 17 -22 -22 -3 27 -2 
0 0 -6 -68 25 5 12 -1 45 18 1 -11 -22 -21 -13 -8 
0 0 -2 -69 -5 -23 -4 -32 -34 26 -11 -25 -1 -12 -23 -31 
0 0 -22 -88 -5 -22 -7 -30 -10 26 -18 -27 13 12 8 -28 
0 0 -14 -75 -11 -15 -23 -22 11 -15 -31 -25 -16 -7 1 -31 
0 0 -11 -56 -5 3 -14 -3 -6 -1 -5 -1 -3 -24 -11 -20 
0 0 10 -43 -10 -7 -25 -18 -25 14 -7 -6 1 -29 -19 -23 
0 0 -8 -58 -4 13 -15 0 -3 27 -18 5 15 7 9 -12 
0 0 0 -49 -4 2 -20 -8 -10 5 -22 -4 3 3 13 -21 
0 0 -5 -49 9 -6 -14 -13 8 19 -7 1 13 -8 0 -19 
0 0 16 -42 -1 -16 -20 -17 -12 18 0 -5 7 -17 -27 -17 
0 0 -1 -49 17 22 5 23 7 38 11 24 26 12 9 -4 
0 0 -11 -48 9 17 -17 9 16 19 -24 16 13 1 21 -28 
0 0 -14 -61 -4 14 -21 6 -1 9 -22 13 13 -8 5 -19 
0 0 20 -48 6 23 3 21 -23 20 36 22 25 7 -7 1 
0 0 29 -34 29 33 25 27 12 32 53 34 33 34 15 -2 
0 0 6 -49 8 -9 -20 -17 20 -3 -7 -9 -20 4 15 -38 
0 0 -7 -68 -2 -24 -30 -26 5 -3 -19 -32 -36 -16 9 -31 
0 0 1 -50 29 14 12 17 26 45 17 12 31 10 21 1 
0 0 1 -50 22 5 10 16 34 37 2 21 39 14 17 -14 
0 0 -19 -73 -7 -12 -9 -5 5 4 -18 -10 10 1 -1 -36 
0 0 -3 -66 1 -7 -12 -12 7 -3 -21 -22 16 -2 -4 -28 
0 0 -16 -67 25 0 0 2 32 21 -6 9 28 7 10 -19 
0 0 -16 -76 -3 -22 -6 -17 -16 4 7 -6 -19 -15 -9 -48 
0 0 -25 -80 -9 -6 6 -12 -14 6 14 -24 -14 -12 -10 -41 
0 0 -16 -72 -4 -31 -18 -36 12 -2 -17 -47 -8 -16 -3 -43 
0 0 -34 -85 14 -33 -7 -30 16 16 -7 -33 3 -3 19 -42 
0 0 -15 -71 7 -27 -17 -30 -11 -4 -10 -40 -32 -15 3 -60 
0 0 -37 -83 -3 -34 -38 -33 8 -6 -50 -44 -37 -25 -3 -69 
0 0 -35 -84 -18 -61 -43 -47 -14 -5 -52 -52 -19 -29 -12 -72 
0 0 -29 -76 5 -7 20 5 2 26 10 -15 28 13 5 -32 
0 0 -8 -65 6 14 7 10 -4 17 -7 -3 4 9 3 -21 
0 0 -16 -75 0 -5 -23 -10 -19 27 -37 -1 -6 -7 1 -21 
0 0 0 -58 12 -18 8 -1 -9 28 4 10 11 2 12 -20 
0 0 12 -44 26 12 60 31 11 11 38 39 13 43 47 -1 
0 0 18 -41 10 10 49 26 -15 3 22 40 -4 36 33 6 
0 0 12 -48 -5 -21 16 -3 -37 23 3 12 -4 0 -5 -12 
0 0 -13 -55 -8 -17 -10 -17 -34 18 -21 -1 3 -14 -7 -44 
0 0 -16 -59 -9 5 -13 -4 -31 -19 -32 15 -15 -17 1 -51 
0 0 -1 -48 14 28 33 38 -3 2 16 56 -4 -2 0 -21 
0 0 22 -30 21 31 43 41 -2 31 26 54 22 13 -4 -10 
0 0 -6 -43 8 38 21 39 -13 47 2 38 39 16 -4 -19 
0 0 -7 -54 -16 13 3 18 -29 19 -6 12 2 -18 -29 -49 
0 0 -15 -57 -10 27 23 26 -4 8 12 32 0 -15 -18 -40 
0 0 -3 -48 -15 8 16 10 -23 -22 7 26 -1 -22 -22 -41 
0 0 -22 -62 -11 -6 28 7 -39 -3 13 30 10 -18 -19 -35 
0 0 -1 -48 -7 -2 23 -2 -28 4 10 29 -10 -22 -20 -34 
0 0 0 -35 25 37 51 36 35 21 19 57 16 -6 16 -11 
0 0 7 -37 8 -3 33 12 4 -8 4 33 6 -28 9 -36 
0 0 -14 -61 -18 -26 26 -8 -34 -24 2 19 -3 -29 -12 -42 
0 0 -10 -57 -13 -26 16 -19 -36 -37 0 14 -24 -31 -19 -45 
0 0 -9 -58 12 -7 14 -5 -10 -18 -7 18 -33 -24 -5 -45 
0 0 8 -48 -1 -12 -1 -14 -21 -12 -20 5 -39 -29 -27 -52 
1 0 0 -56 -2 -25 -2 -20 -21 -13 -9 7 -24 -23 -25 -50 
1 0 -15 -65 1 -32 -9 -20 -35 -13 14 9 -24 -18 1 -54 
1 0 -11 -72 -3 -25 -13 -21 -45 -8 6 -8 -36 -9 6 -64 
0 0 -18 -71 8 -19 0 -19 -12 2 -23 -22 -18 2 -2 -79 
0 0 -23 -70 7 -28 -8 -22 0 -13 -46 -25 -11 -11 -5 -90 
0 0 -17 -54 5 8 7 10 -10 6 -3 12 10 9 11 -52 
0 0 18 -34 7 13 32 15 -31 13 42 19 11 32 17 -35 
0 0 6 -44 20 11 54 15 -12 24 39 19 8 25 11 -41 
0 0 2 -50 -6 -4 17 -12 -14 5 -1 8 -33 -12 -9 -51 
0 0 -11 -43 2 19 16 4 5 5 19 31 -15 17 30 -18 
0 0 26 -17 24 33 36 19 14 10 49 34 29 43 33 -6 
0 0 14 -30 30 55 41 35 36 54 35 45 67 46 16 -25 
0 0 -3 -59 -9 -3 -27 -17 -19 15 -15 -1 4 -2 -9 -79 
0 0 -29 -79 -12 -20 -12 -18 -46 -4 -1 -15 -10 -3 4 -70 
0 0 -7 -56 -1 2 8 -9 -29 11 8 -8 0 4 0 -55 
0 0 -3 -48 13 31 11 16 13 36 4 24 15 28 22 -40 
0 0 13 -37 8 11 7 19 -21 19 7 28 12 28 25 -26 
0 0 16 -32 12 14 37 25 -27 28 17 32 26 25 25 -1 
0 0 32 -18 11 24 26 12 -5 25 24 30 14 21 18 -6 
0 0 50 -9 22 50 41 38 -2 23 54 54 23 38 20 15 
0 0 55 3 35 66 78 70 -15 17 77 77 44 40 24 48 
0 0 39 -19 26 37 60 40 -13 -1 53 57 19 19 18 27 
0 0 14 -48 6 -3 7 -5 -14 4 24 30 -15 4 7 -14 
0 0 9 -52 1 -28 -23 -36 -29 -11 -1 4 -39 -7 8 -39 
0 0 0 -44 21 -1 4 -11 -11 -20 2 16 -11 3 19 -28 
0 0 22 -41 25 8 20 6 3 -10 20 20 7 6 11 -25 
0 0 20 -46 32 17 30 18 16 39 47 30 24 25 24 -18 
0 0 26 -42 10 2 6 -11 -15 10 25 6 -12 16 11 -39 
0 0 8 -39 19 26 31 11 -1 -9 15 25 -5 25 16 -20 
0 0 31 -20 27 9 36 16 -3 -18 29 31 2 8 15 -11 
0 0 21 -29 24 11 31 25 -8 7 40 44 24 14 17 -12 
0 0 35 -32 -2 -1 7 -4 -35 -7 15 24 -4 1 -6 -25 
0 0 20 -35 13 15 34 21 -10 10 39 48 0 17 20 7 
0 0 23 -31 19 7 30 26 -15 7 54 51 1 11 15 2 
0 0 9 -41 28 18 38 22 7 24 36 41 22 30 17 -17 
0 0 12 -41 15 10 25 -2 9 19 9 8 17 40 21 -41 
0 0 -16 -63 -3 -2 10 -1 -9 3 -2 -5 6 22 27 -37 
0 0 -18 -65 -8 -24 6 -12 -46 3 11 -12 -5 -2 13 -35 
0 0 4 -45 8 -10 43 -1 -38 31 47 0 13 16 13 -26 
0 0 14 -30 14 25 51 25 5 36 33 20 32 14 14 -23 
0 0 -2 -42 7 19 24 19 28 8 -7 14 14 -6 1 -24 
0 0 -15 -41 4 2 23 14 13 6 21 18 -3 1 -12 -14 
0 0 20 -27 2 11 51 28 -20 10 62 40 -2 7 -9 0 
0 0 29 -22 21 42 84 49 -16 29 77 75 27 18 19 26 
0 0 19 -30 14 4 51 10 -12 20 42 42 8 17 15 8 
0 0 -16 -47 16 -11 28 2 29 30 12 20 8 27 16 -10 
0 0 -3 -54 8 -21 8 -19 6 -16 -6 -6 -21 -3 15 -34 
0 0 -3 -58 11 -12 23 -12 -25 -24 20 9 -22 6 36 -16 
0 0 15 -48 -6 -43 1 -31 -54 -13 20 -3 -35 11 23 -19 
0 0 -13 -53 3 -32 0 -24 -24 9 15 -3 -15 12 25 -25 
0 0 -11 -52 -1 -51 -26 -54 -30 -42 -5 -34 -38 -29 3 -49 
0 0 -20 -62 9 -43 -3 -42 -21 -39 10 -25 -37 -15 9 -24 
0 0 -5 -62 14 -43 6 -35 -18 -34 18 -25 -42 -10 7 -26 
0 0 -18 -70 22 -18 13 -19 18 -23 17 -10 -20 -14 16 -38 
0 0 4 -57 11 -28 6 -30 15 -30 18 -6 -33 -33 1 -31 
0 0 9 -51 20 -20 28 -20 15 -10 24 2 -29 -7 13 1 
0 0 12 -45 23 -6 31 -12 4 3 27 9 0 18 20 0 
0 0 20 -37 25 -4 40 -1 13 6 45 31 10 20 21 3 
0 0 26 -29 18 -17 40 -2 4 -9 42 23 -32 1 12 6 
0 0 18 -33 1 -17 27 -9 -34 -26 25 -3 -28 -3 -2 2 
0 0 -2 -32 4 5 33 11 -26 -4 36 22 25 7 1 17 
0 0 1 -34 16 3 38 19 17 13 32 34 1 -7 5 10 
0 0 -6 -48 12 7 40 13 28 3 28 17 -22 -12 1 -7 
0 0 1 -57 -18 -27 15 -31 -26 -54 14 -15 -23 -27 -15 -23 
0 0 -35 -70 -8 -37 22 -22 -16 -39 11 -8 -10 -16 -3 -21 
0 0 -34 -74 -11 -48 14 -31 -29 -22 7 -39 -47 -25 -19 -57 
0 0 -31 -77 -3 -26 18 -22 -22 -5 13 -40 -33 -15 -14 -55 
0 0 -12 -71 -7 -44 -16 -35 -16 -31 -15 -48 -33 -36 -7 -52 
0 0 -39 -80 0 -24 7 -9 -9 -8 5 -27 -1 -28 19 -36 
0 0 -28 -75 -18 -33 12 -30 -60 -22 23 -53 -16 -34 -5 -61 
0 0 -39 -78 -6 -25 13 -26 -12 -27 8 -51 -18 -26 -10 -64 
0 0 -26 -68 -1 -27 -7 -19 28 -38 -25 -30 -21 -42 -14 -58 
0 0 -40 -69 0 -5 19 10 18 -11 -8 9 -10 -25 -1 -28 
0 0 -40 -65 -18 -26 15 -18 -21 -18 0 -20 -40 -32 -13 -38 
0 0 -34 -58 -5 -22 19 -16 -24 -16 13 -20 -27 -27 1 -33 
0 0 -5 -43 5 0 34 16 -41 6 35 14 3 -9 8 -11 
0 0 -5 -42 7 15 52 38 1 33 32 24 16 4 -2 7 
0 0 -13 -45 5 14 35 25 38 11 11 16 18 -14 -22 -1 
0 0 -3 -42 0 10 25 22 -6 -12 17 27 19 -13 -20 -9 
0 0 0 -35 7 19 51 44 -22 28 53 45 28 13 -3 9 
0 0 2 -30 6 11 64 37 13 37 50 38 17 10 -7 24 
0 0 -17 -43 4 13 61 26 31 18 32 42 5 -6 -8 28 
0 0 -2 -48 2 4 37 5 14 9 22 32 -7 -16 5 19 
0 0 -2 -44 34 23 59 39 32 44 50 58 22 21 39 45 
0 0 5 -41 18 3 54 31 -13 8 49 30 -8 15 11 23 
0 0 -39 -67 -10 -10 33 12 -38 -11 20 -6 -14 -4 0 -15 
0 0 -34 -76 -27 -48 -19 -32 -41 -30 -16 -41 -15 -37 -3 -44 
0 0 -31 -68 1 -4 6 3 -5 1 15 -2 26 -1 8 -9 
0 0 -1 -43 15 29 30 21 -3 16 45 14 22 8 -15 9 
0 0 -6 -40 29 38 50 39 33 45 46 33 32 12 11 33 
0 0 19 -41 9 -4 23 6 6 5 17 17 14 1 18 21 
0 0 19 -41 21 17 38 19 -3 6 32 36 13 27 23 30 
0 0 23 -23 36 28 39 23 7 32 45 38 -8 22 26 28 
0 0 3 -29 24 9 25 3 12 37 24 15 -6 19 35 18 
0 0 6 -41 1 -23 0 -25 -21 4 1 -12 3 25 15 0 
0 0 15 -37 13 -15 17 2 -11 8 18 8 6 23 6 12 
0 0 -2 -35 13 0 20 18 1 16 23 19 1 -3 2 13 
0 0 -20 -50 -11 -10 -8 -16 -24 -12 -9 -8 -20 -12 -7 -13 
0 0 -19 -43 -11 8 -2 -10 -27 -22 -11 0 -15 6 0 -6 
0 0 9 -23 -7 21 21 13 -19 -21 8 15 7 6 15 11 
0 0 -11 -35 7 20 40 31 5 24 27 20 38 5 22 14 
0 0 -23 -49 -1 -11 15 -1 5 5 3 -11 2 -27 -18 -5 
0 0 -28 -48 4 9 23 10 23 -18 2 5 4 -27 -22 15 
0 0 11 -40 -1 0 22 5 -3 -19 16 5 6 -32 -16 8 
0 0 -16 -52 13 5 47 31 -3 14 43 19 24 -20 6 10 
0 0 -13 -41 12 4 42 29 -1 -27 32 7 6 -24 -1 11 
0 0 -11 -38 19 40 50 41 33 -8 30 27 25 3 8 30 
0 0 7 -44 5 19 35 16 12 8 19 11 16 -16 -20 13 
0 0 -17 -62 21 18 59 28 21 22 29 10 36 -1 -6 19 
0 0 -13 -67 10 -10 39 -4 0 4 18 -17 11 0 1 -10 
0 0 -28 -77 -7 -18 22 -23 -16 3 8 -29 -6 -7 11 -27 
0 0 -13 -65 -11 -16 12 -24 -35 -23 8 -33 -19 -24 1 -18 
0 0 -14 -54 8 -7 31 1 -1 -23 10 -13 -15 -20 3 10 
0 0 -29 -60 4 -46 17 -23 15 -21 -11 -21 -24 -27 2 -11 
0 0 -27 -69 2 -45 7 -32 -2 -15 -7 -29 -10 -16 10 -22 
0 0 -16 -63 -2 -13 2 -13 -40 -17 10 -29 -2 -18 -5 -16 
0 0 -17 -53 -13 -8 3 -2 -30 -22 1 -24 -20 -29 -21 -16 
0 0 -22 -50 -1 19 18 14 20 -3 6 7 -12 2 0 3 
0 0 -1 -46 0 14 10 0 0 -11 6 7 -3 14 6 11 
0 0 -5 -48 -3 -11 16 1 -37 -7 10 8 15 11 7 11 
0 0 3 -50 -14 -29 0 -20 -33 -21 -2 -10 -9 -13 5 -15 
0 0 -14 -50 -1 6 4 -11 10 -4 -6 -6 -15 -11 13 -11 
0 0 12 -31 -12 -14 -6 -21 -41 -9 -10 -19 -35 -20 -7 -8 
0 0 6 -37 -4 -16 -2 -2 -50 6 -3 -2 -4 -4 19 13 
0 0 9 -51 -13 -34 -40 -27 -27 -47 -36 -23 -19 -33 15 -11 
0 0 -8 -53 -15 -8 -12 -10 7 -50 -20 0 -29 -30 -13 4 
0 0 27 -29 -24 -15 12 -13 -34 -31 8 1 -45 -31 -37 29 
0 0 24 -21 3 0 28 6 -27 8 22 23 1 -4 12 55 
0 0 19 -27 1 -1 9 5 -19 -8 13 31 -13 -12 2 39 
0 0 -5 -49 -11 7 12 3 -5 -13 7 26 -22 -19 -31 34 
0 0 13 -48 -4 -19 -32 -35 -13 -15 -25 -23 -8 -24 -34 0 
0 0 25 -36 26 -18 -24 -23 -6 12 -16 -18 25 4 8 -3 
0 0 9 -42 12 -28 11 -28 -18 3 8 -17 15 -9 -2 0 
0 0 -24 -70 -15 -59 6 -76 -18 -41 -24 -65 -38 -51 -30 -22 
0 0 -18 -72 -12 -67 -9 -98 -6 -62 -48 -82 -70 -62 -31 -35 
0 0 6 -57 6 -53 29 -81 -1 -42 -9 -54 -43 -34 -6 -11 
0 0 -25 -71 8 -60 51 -97 -15 -19 27 -66 -23 -14 11 -23 
0 0 -43 -97 -7 -104 8 -159 -32 -51 -8 -144 -79 -49 -5 -79 
0 0 -41 -100 6 -93 15 -144 20 -32 -23 -143 -61 -54 -16 -65 
0 0 -30 -97 -2 -101 11 -143 27 -23 -24 -133 -37 -46 -20 -65 
0 0 -79 -131 -17 -108 1 -154 -8 -44 -26 -137 -41 -36 5 -101 
0 0 -61 -130 -35 -121 -7 -174 -33 -70 -40 -169 -62 -57 -29 -123 
0 0 -35 -99 6 -76 39 -125 29 -1 -8 -135 -22 -20 -43 -73 
0 0 -23 -95 -1 -92 20 -143 -1 -40 -14 -143 -45 -29 -45 -82 
0 0 -67 -127 -20 -97 9 -152 -14 -77 -36 -152 -44 -50 -22 -95 
0 0 -56 -121 -28 -124 -4 -167 2 -55 -49 -174 -58 -60 -38 -104 
0 0 -57 -112 -6 -119 18 -150 27 -24 -20 -158 -58 -34 -27 -92 
0 0 -31 -101 -15 -100 25 -149 -21 -57 3 -146 -62 -45 -12 -82 
0 0 -36 -96 -8 -52 45 -114 -15 -19 11 -107 -29 -16 13 -48 
0 0 -46 -95 -8 -60 13 -115 7 -7 -23 -115 -37 -7 -3 -66 
0 0 -51 -103 -19 -71 1 -125 4 -29 -41 -137 -44 -22 -9 -92 
0 0 -36 -96 -19 -79 14 -126 -20 -28 -24 -133 -48 -27 1 -86 
1 0 -36 -90 -8 -80 20 -114 -9 -19 -17 -111 -41 -16 1 -64 
1 0 -42 -86 -12 -68 6 -112 1 -22 -21 -113 -14 -22 -11 -70 
1 0 -27 -77 1 -49 17 -103 -7 -10 -10 -119 -6 -10 -3 -77 
1 0 -36 -85 26 -42 36 -90 16 0 2 -101 -25 2 10 -61 
0 0 -34 -98 6 -77 13 -128 14 -40 -18 -119 -52 -36 2 -66 
0 0 -44 -101 -3 -78 12 -124 -6 -31 -20 -117 -37 -44 0 -64 
0 0 -30 -91 -7 -93 -14 -130 -31 -34 -28 -137 -56 -48 -29 -89 
0 0 -55 -98 -15 -83 -21 -127 -14 -34 -15 -139 -40 -27 -28 -97 
0 0 -54 -111 -44 -104 -27 -146 -34 -49 -31 -156 -54 -32 -22 -114 
0 0 -65 -122 -23 -91 20 -121 -21 -17 -44 -133 -60 -22 -2 -98 
0 0 -35 -101 -19 -103 27 -138 -28 -23 -38 -136 -78 -35 -16 -94 
0 0 -41 -84 -8 -65 43 -108 4 17 -4 -104 -20 5 9 -55 
0 0 -28 -79 0 -52 30 -94 13 19 -17 -100 -2 14 26 -49 
0 0 -43 -91 20 -42 42 -83 23 14 -23 -91 -9 12 50 -53 
0 0 -32 -82 1 -63 25 -102 -21 -1 -14 -99 -30 0 25 -69 
0 0 -33 -82 -2 -45 33 -79 -3 13 7 -82 4 18 2 -48 
0 0 -22 -81 5 -36 43 -79 31 -5 5 -89 9 0 -7 -39 
0 0 -21 -79 8 -39 50 -90 31 -10 -2 -88 -15 -14 21 -35 
0 0 -17 -78 -1 -67 27 -112 2 -8 -4 -92 -42 -21 16 -46 
0 0 -17 -82 6 -69 31 -111 12 -21 4 -95 -42 -10 -7 -47 
0 0 -21 -78 19 -36 50 -87 25 -18 9 -79 -24 11 16 -34 
0 0 -17 -81 13 -51 33 -97 10 -18 -5 -83 -31 3 36 -38 
0 0 -25 -90 9 -71 32 -99 7 -15 14 -86 -32 -4 21 -47 
0 0 -16 -81 8 -51 47 -87 -3 -23 28 -93 -42 4 3 -50 
0 0 -37 -84 30 -11 70 -51 30 4 23 -67 -12 20 29 -21 
0 0 -17 -86 17 -53 55 -76 26 -2 3 -75 -12 -15 24 -22 
0 0 -14 -86 12 -48 70 -75 14 -6 21 -71 -11 -11 12 -19 
0 0 -6 -77 12 -25 66 -63 8 -26 23 -78 -33 -9 -16 -30 
0 0 -30 -73 31 21 93 1 56 21 39 -34 23 17 -5 -1 
0 0 0 -54 10 11 79 -8 24 15 38 -36 45 9 -12 -3 
0 0 -12 -66 15 11 90 -23 19 -1 38 -44 29 3 -9 -2 
0 0 -9 -67 24 -5 102 -27 36 -12 38 -43 -11 -20 -19 0 
0 0 -12 -52 29 18 128 -2 47 26 63 -6 27 14 9 33 
0 0 4 -48 14 -11 85 -55 8 3 49 -44 20 16 11 22 
0 0 -3 -61 38 -13 85 -55 51 7 37 -42 9 12 27 25 
0 0 3 -52 39 7 96 -28 62 32 41 -3 22 6 26 25 
0 0 -3 -53 9 9 89 -26 18 31 51 2 40 18 10 16 
0 0 -2 -65 -7 -25 72 -51 -2 -14 37 -32 -1 1 -13 2 
0 0 1 -67 5 -36 71 -55 21 -35 20 -35 -37 -18 5 4 
0 0 -2 -54 24 -8 84 -38 28 5 42 -13 4 4 28 19 
0 0 5 -58 24 -9 88 -39 17 22 52 -23 31 18 14 15 
0 0 -9 -70 13 -15 85 -33 18 15 37 -27 15 9 4 11 
0 0 -8 -64 -16 -30 62 -45 -16 -4 14 -31 -28 -14 1 4 
0 0 -37 -75 -8 -23 53 -42 0 8 10 -22 -16 -1 16 -1 
0 0 -35 -92 -6 -65 23 -86 18 -31 -19 -60 -34 -18 11 -38 
0 0 -39 -100 -4 -60 39 -82 6 -28 -16 -59 -39 -25 7 -24 
0 0 -20 -88 -23 -52 29 -80 -39 -30 -14 -61 -51 -43 -26 -18 
0 0 -45 -95 6 -36 41 -55 28 -14 4 -45 -7 -15 -1 -12 
0 0 -26 -92 14 -59 43 -66 46 -30 14 -65 -10 -21 9 -24 
0 0 -35 -95 -5 -56 62 -60 -10 -18 19 -60 -25 -20 17 -20 
0 0 -23 -85 -27 -72 44 -77 -56 -35 -1 -65 -58 -31 -1 -30 
0 0 -22 -72 -5 -12 80 -28 10 -9 19 -19 -20 -5 -12 16 
0 0 4 -50 5 31 93 8 30 15 37 7 8 2 -29 45 
0 0 16 -34 23 23 98 18 30 36 44 24 29 27 8 50 
0 0 35 -22 15 -5 91 -5 12 6 50 19 13 21 8 36 
0 0 29 -31 3 16 107 12 18 -2 65 30 3 8 -10 51 
0 0 25 -36 10 14 100 17 23 0 56 27 -1 0 4 57 
0 0 30 -40 11 -7 81 -18 1 -27 32 4 -5 1 17 44 
0 0 20 -43 10 2 82 -21 2 -25 38 3 -5 2 1 38 
0 0 17 -39 18 9 88 2 37 0 41 7 -24 -8 -14 37 
0 0 5 -43 25 11 90 2 34 8 43 12 -22 -3 3 40 
0 0 13 -53 4 -20 62 -44 -22 -26 30 -15 -26 -3 5 14 
0 0 -16 -78 -3 -18 49 -32 -3 -12 19 -27 -11 0 -2 -12 
0 0 -14 -83 -12 -33 22 -33 0 -16 -6 -55 -33 -18 -11 -43 
0 0 -14 -82 12 -22 51 -21 -11 2 14 -31 -12 9 17 -18 
0 0 2 -89 -2 -60 39 -64 -28 -37 14 -59 -37 -29 -21 -28 
0 0 -27 -102 -11 -60 30 -74 8 -55 6 -72 -47 -49 -36 -44 
0 0 -8 -75 -10 -58 20 -67 -7 -51 -3 -65 -45 -20 -21 -47 
0 0 -12 -66 19 -24 48 -12 13 6 19 -21 -3 19 10 -8 
0 0 5 -69 25 -28 31 -29 30 8 23 -29 -19 -17 5 -14 
0 0 -3 -69 39 -10 49 -29 60 10 37 -14 -17 -7 29 -9 
0 0 0 -57 28 -15 56 -28 39 5 39 -15 -21 4 13 -1 
0 0 2 -52 32 0 58 -10 35 22 46 -5 -7 21 19 26 
0 0 21 -48 36 -5 29 -21 16 2 46 -7 -18 23 36 10 
0 0 4 -64 24 -31 22 -36 8 -5 27 -20 -16 21 40 -18 
0 0 -2 -69 15 -39 35 -40 17 27 13 -27 8 11 31 -18 
0 0 23 -50 32 -7 59 -17 25 41 28 -9 19 20 57 9 
0 0 29 -32 52 27 67 21 16 25 52 21 21 41 78 24 
0 0 34 -25 49 35 55 28 23 34 41 34 24 51 57 22 
0 0 13 -27 48 51 69 35 65 69 34 47 43 50 43 39 
0 0 21 -22 34 40 73 28 37 29 38 36 25 20 33 43 
0 0 30 -16 45 63 84 62 27 35 62 59 54 40 54 57 
0 0 61 -12 43 48 65 52 40 64 56 45 59 52 61 44 
0 0 34 -32 44 55 79 56 60 94 60 45 62 67 71 38 
0 0 41 -27 37 57 63 50 24 57 49 39 43 53 44 20 
0 0 40 -20 61 75 72 73 45 75 57 63 80 65 47 48 
0 0 53 -26 48 28 56 36 31 60 48 36 60 44 37 48 
0 0 25 -38 44 43 72 48 32 51 46 45 56 48 50 48 
0 0 28 -26 33 44 57 47 35 25 29 35 40 27 49 30 
0 0 24 -33 40 37 55 45 66 30 34 36 43 31 64 42 
0 0 41 -31 45 30 46 30 55 23 46 32 31 29 53 40 
0 0 37 -17 56 70 79 67 54 46 62 61 54 32 55 54 
0 0 42 -9 41 75 84 79 31 49 58 68 43 21 39 67 
0 0 37 -31 28 43 65 46 25 30 52 42 13 13 28 60 
0 0 30 -44 36 21 59 27 33 20 65 19 14 -3 22 27 
0 0 31 -38 46 32 82 46 43 35 69 29 34 1 28 27 
0 0 24 -36 48 48 102 48 61 46 69 48 46 21 39 55 
0 0 25 -45 38 13 81 2 57 6 63 18 17 -2 33 41 
0 0 2 -62 45 -1 71 5 58 4 54 -2 7 -14 35 16 
0 0 17 -51 44 7 70 26 52 9 42 3 7 -8 35 13 
0 0 35 -31 58 55 106 70 71 34 80 56 52 23 48 64 
0 0 69 -19 53 45 100 58 37 25 91 48 36 11 27 70 
0 0 24 -43 47 34 92 53 37 27 69 39 22 9 25 50 
0 0 6 -52 22 15 65 35 39 -11 32 24 6 -6 9 20 
0 0 7 -45 42 54 84 68 72 9 50 54 40 18 30 51 
0 0 42 -30 53 43 78 54 62 6 59 44 22 2 35 55 
0 0 22 -33 55 48 93 64 58 20 68 61 31 13 44 56 
0 0 22 -29 39 50 81 61 29 29 59 54 40 16 28 46 
0 0 13 -36 48 61 86 65 51 40 48 48 43 24 45 55 
0 0 16 -40 36 22 60 31 46 -15 30 26 1 2 39 35 
0 0 4 -47 30 19 58 36 37 -17 45 37 7 4 32 31 
0 0 12 -34 35 46 72 60 38 24 62 57 30 4 18 42 
0 0 22 -21 40 63 101 82 48 41 66 82 36 9 17 62 
0 0 32 -23 28 50 96 81 24 26 69 81 26 2 9 63 
0 0 39 -26 20 48 78 72 20 22 63 67 25 -6 -2 63 
0 0 16 -20 26 80 86 79 52 56 53 92 36 10 4 72 
0 0 20 -13 20 65 76 64 39 37 42 93 28 9 10 64 
0 0 30 -13 27 52 67 59 26 5 54 79 48 11 12 68 
0 0 50 -9 14 50 55 46 1 -14 49 60 26 5 0 53 
0 0 32 -10 28 83 85 72 7 43 62 84 39 29 30 62 
0 0 45 -9 31 39 69 50 11 38 47 53 34 8 24 47 
0 0 27 -23 30 23 60 46 48 15 31 41 21 -3 14 47 
0 0 30 -36 3 17 41 20 20 -11 19 21 -21 -19 -2 23 
0 0 4 -53 9 33 56 31 4 10 35 33 11 -3 9 23 
0 0 16 -39 10 12 37 21 -14 -15 23 28 8 -17 -9 17 
0 0 11 -28 29 48 53 57 24 10 32 56 19 3 2 35 
0 0 12 -29 17 45 47 44 12 25 29 37 18 3 -7 14 
0 0 -14 -51 0 22 33 28 -8 19 8 19 20 6 6 1 
0 0 19 -35 9 25 16 34 -10 9 14 33 13 20 17 13 
0 0 45 -19 41 67 48 65 32 40 49 65 46 42 25 33 
0 0 19 -36 13 35 46 32 21 24 27 33 20 4 -5 -1 
0 0 -2 -44 -2 9 51 22 17 -2 10 14 4 -6 -13 0 
0 0 23 -22 30 50 71 58 27 12 35 43 50 27 9 35 
0 0 33 -32 21 43 56 46 -5 21 35 35 36 19 17 23 
0 0 7 -49 3 18 46 42 -2 44 42 31 6 2 10 14 
0 0 20 -33 7 38 50 57 9 45 38 44 25 10 -8 24 
0 0 15 -37 6 54 48 57 -3 32 17 54 64 17 -9 24 
0 0 23 -47 -8 5 26 20 -14 -1 1 27 14 -20 -12 -3 
0 0 11 -42 24 35 49 45 34 18 17 52 6 1 10 12 
0 0 18 -34 6 29 23 21 0 -10 -14 32 11 -4 -3 -7 
0 0 3 -45 -15 5 28 19 -32 -7 -3 25 23 -19 -3 -6 
0 0 35 -38 -20 -14 34 17 -50 -10 23 17 -19 -43 -21 -7 
0 0 11 -50 0 15 43 30 -8 1 10 34 -24 -23 -14 -3 
0 0 7 -47 3 2 24 15 3 -24 -15 19 -21 -24 -8 -18 
0 0 3 -42 11 25 44 46 2 -5 11 32 10 -11 16 -1 
0 0 9 -48 -18 3 16 18 -40 -38 -9 7 -21 -37 -15 -25 
0 0 -26 -69 -17 -13 10 5 -17 -45 -21 10 -38 -31 -12 -37 
0 0 -20 -62 -6 -6 11 15 -5 -33 0 19 -34 -31 -11 -35 
0 0 1 -49 -5 5 29 23 -17 -26 8 23 1 -41 -20 -12 
0 0 5 -52 -18 -39 16 -20 -42 -44 -10 -1 -12 -56 -22 -24 
0 0 -12 -64 -12 -45 10 -18 -29 -25 -3 -1 -40 -41 3 -38 
0 0 -24 -73 -8 -9 15 30 -16 1 3 12 -24 -45 -10 -34 
0 0 -19 -77 -28 -15 14 33 -46 -36 -23 -1 -13 -59 -41 -37 
0 0 -10 -70 -23 -6 25 28 -52 -48 -16 14 -12 -40 -21 -26 
0 0 11 -56 -15 11 32 30 -12 -26 4 30 -22 -40 -11 -9 
0 0 -10 -56 -3 28 44 61 27 17 14 49 3 -21 -19 16 
0 0 -2 -51 -11 -5 16 36 -26 -11 -7 31 -17 -19 -30 0 
0 0 2 -51 1 8 23 39 -38 -25 8 50 -2 -19 -1 4 
0 0 12 -55 -14 -4 0 20 -30 -34 1 28 -19 -44 -9 -17 
1 0 -17 -62 -5 7 9 29 1 7 -2 30 -12 -16 -1 -13 
1 0 13 -51 -9 -13 -1 4 -41 -9 -8 25 -27 -22 -6 -15 
0 0 3 -61 -8 -11 -4 10 -40 -19 -6 30 -12 -29 1 -5 
0 0 0 -69 -17 -25 -14 -5 -22 -43 -20 2 -29 -48 -19 -17 
0 0 -8 -68 3 6 46 29 18 -14 -2 35 -1 -17 -4 9 
0 0 12 -55 -5 5 45 38 -37 3 -1 41 10 -14 -3 8 
0 0 -17 -73 -20 -8 12 27 -66 10 -10 11 -7 -17 5 -9 
0 0 -29 -81 -28 -34 -4 0 -33 -35 -19 -24 -41 -37 -16 -33 
0 0 -20 -76 -20 -21 -3 8 -7 -53 -25 -11 -19 -40 -27 -29 
0 0 -2 -69 -21 -17 -30 7 -41 -36 -37 1 -22 -52 -32 -18 
0 0 8 -65 -8 -8 -2 22 -32 -8 -13 19 -38 -31 -17 4 
0 0 8 -60 5 21 43 42 -17 9 22 34 -9 3 -8 9 
0 0 7 -67 -1 17 23 27 -32 -8 1 18 6 -20 -10 -8 
0 0 -5 -61 12 7 15 38 -2 0 -10 30 9 -39 1 6 
0 0 14 -43 10 5 20 50 -14 14 -4 36 13 -27 -15 13 
0 0 5 -49 -1 36 29 63 -39 30 8 43 35 -2 -5 24 
0 0 13 -47 -6 15 14 39 -23 0 1 23 3 -19 13 10 
0 0 0 -43 19 25 30 58 32 13 15 43 8 -6 24 13 
0 0 13 -46 -6 17 -1 35 -15 -19 -15 19 -12 -23 -19 -8 
0 0 3 -52 -8 35 4 49 -42 -6 -10 40 20 -10 -1 7 
0 0 31 -38 1 24 9 41 -46 11 12 47 14 -10 18 2 
0 0 17 -47 10 30 23 42 -8 18 5 43 -3 -9 15 5 
0 0 10 -52 -16 0 -18 14 -28 -33 -34 2 -32 -44 -12 -14 
0 0 -2 -44 2 29 13 53 -26 3 -1 38 -3 -20 31 10 
0 0 23 -29 14 43 45 66 -26 28 28 57 2 -8 41 26 
0 0 10 -44 1 21 37 42 -11 5 -4 36 8 -27 -6 19 
0 0 0 -57 -22 -24 -12 -2 -32 -36 -45 -1 -17 -63 -43 -24 
0 0 -5 -59 -13 -12 -3 14 -51 -19 -15 14 -23 -47 -6 -20 
0 0 8 -50 -12 -4 28 30 -71 -14 18 32 -14 -37 -7 7 
0 0 10 -56 -19 -12 18 7 -48 -34 -13 18 -34 -51 -38 -4 
0 0 -1 -66 -6 -6 -3 -11 -25 -10 -27 3 -51 -49 -22 -30 
0 0 12 -60 4 -8 31 -2 -56 6 15 9 -18 -37 1 -15 
0 0 10 -62 4 -18 81 3 -45 -25 31 21 -10 -39 -8 9 
0 0 1 -74 -14 -43 65 -29 -8 -63 -9 -5 -79 -71 -39 -4 
0 0 -13 -78 -12 -30 89 -12 1 -29 -1 13 -51 -65 -28 22 
0 0 21 -61 -1 -46 125 -21 -36 -31 22 26 -26 -51 -4 52 
0 0 22 -54 24 -25 180 -17 -14 -22 58 56 -41 -33 19 93 
0 0 40 -43 3 -26 262 -36 -30 -34 65 54 -61 -64 -20 104 
0 0 15 -58 -1 -25 398 -30 -17 -28 55 69 -22 -61 -23 118 
0 0 24 -64 7 -44 449 -56 4 -49 44 58 -58 -54 -6 111 
0 0 31 -50 22 -11 485 -40 10 -25 78 92 -59 -24 9 142 
0 0 62 -28 2 -30 479 -58 -39 -34 67 85 -53 -47 -30 133 
0 0 43 -33 18 -24 494 -40 2 -14 59 91 -32 -37 -10 131 
0 0 33 -42 17 -24 480 -54 12 -37 56 75 -61 -39 19 105 
0 0 22 -45 16 -22 485 -64 6 -48 51 70 -64 -45 29 93 
0 0 40 -39 1 -56 463 -84 -12 -49 32 44 -64 -71 -18 73 
0 0 36 -40 -2 -44 477 -64 -26 -26 42 55 -46 -46 -27 91 
0 0 35 -32 14 -19 503 -45 -30 -19 64 78 -43 -25 9 124 
0 0 55 -11 38 -9 511 -33 24 -7 73 89 -33 -13 36 139 
0 0 61 -5 30 -10 496 -35 29 13 69 87 -17 -2 7 119 
0 0 42 -27 7 -24 481 -57 -28 -6 57 66 -41 -17 1 95 
0 0 10 -56 11 -34 484 -58 -31 -27 65 61 -62 -32 36 89 
0 0 24 -49 11 -43 480 -62 6 -32 57 56 -75 -34 25 78 
0 0 37 -24 29 2 494 -29 55 9 58 88 -33 -5 9 105 
0 0 68 -1 26 9 485 -20 12 -2 63 93 -17 -21 2 122 
0 0 61 -4 28 2 496 -5 -10 -12 85 108 -6 -33 24 141 
0 0 80 7 29 -19 480 -26 14 -24 74 98 -31 -39 4 141 
0 0 70 19 59 28 500 6 72 18 92 131 2 2 1 168 
0 0 92 32 57 39 509 16 36 15 118 137 7 -9 -3 160 
0 0 74 18 50 45 523 31 31 18 127 147 6 -16 23 164 
0 0 74 11 38 13 483 0 30 -9 95 122 -32 -21 14 148 
0 0 63 8 50 24 487 6 33 -1 95 128 -27 0 15 151 
0 0 62 -2 29 -9 449 -27 -14 -18 78 89 -41 -35 7 113 
0 0 38 -25 25 -25 418 -38 -5 -6 59 64 -20 -36 15 95 
0 0 40 -33 16 -29 393 -48 10 -32 36 47 -32 -36 -16 74 
0 0 22 -42 2 -24 394 -37 6 -54 23 49 -43 -44 -25 56 
0 0 6 -47 -4 -29 382 -34 -16 -28 13 35 -20 -53 -10 39 
0 0 16 -38 5 -17 379 -26 -15 9 17 27 3 -34 4 54 
0 0 30 -33 3 -3 379 -19 -18 -2 43 42 -16 -34 -10 73 
0 0 53 -18 9 12 393 -1 -3 -6 70 73 -3 -29 -7 87 
0 0 56 -4 26 36 414 30 9 35 74 98 41 8 11 99 
0 0 32 -12 -5 5 376 2 -31 15 35 63 0 -7 -6 70 
0 0 -12 -38 -12 -3 338 -7 -10 2 19 41 -13 -36 -4 45 
0 0 4 -39 -7 -11 313 -22 6 1 -2 15 -13 -51 -3 23 
0 0 -27 -68 -11 -23 301 -39 -17 11 -18 1 -20 -35 -2 11 
0 0 -37 -87 -32 -62 235 -88 -45 -22 -19 -39 -54 -61 -25 -24 
0 0 -39 -82 -5 -48 193 -69 2 -7 8 -34 -22 -57 -6 -17 
0 0 -18 -71 -4 -74 143 -77 -21 -34 -8 -49 -32 -62 -22 -26 
0 0 -39 -76 2 -48 151 -51 -4 -28 -14 -24 -13 -38 -20 -2 
0 0 -11 -57 -13 -33 126 -50 -13 -23 -12 -14 -14 -52 -21 5 
0 0 -9 -54 -15 -27 106 -34 -28 -1 9 -1 -23 -51 -5 10 
0 0 -8 -65 -24 -61 66 -58 -46 -37 0 -33 -54 -65 -21 -19 
0 0 -25 -69 -12 -49 59 -50 -20 -30 -16 -17 -31 -49 -10 -17 
0 0 -14 -50 -2 -32 47 -33 -20 -2 -8 21 -39 -48 -6 -3 
0 0 6 -38 13 -9 57 -9 8 11 33 43 -41 -36 3 20 
0 0 15 -53 -6 -33 27 -44 -5 -23 23 -6 -22 -40 -3 -2 
0 0 -17 -81 -36 -74 -17 -83 -50 -41 -27 -54 -30 -62 -14 -38 
0 0 -41 -84 -28 -84 -31 -97 -35 -23 -32 -62 -65 -83 -27 -48 
0 0 -13 -60 5 -67 -9 -86 26 -19 -1 -50 -51 -69 -21 -21 
0 0 3 -50 28 -31 28 -30 31 -12 32 -9 2 -37 -2 19 
0 0 4 -53 -2 -26 12 -10 -37 -15 24 8 -25 -49 -19 20 
0 0 -27 -68 -24 -21 -17 -6 -36 -15 8 19 -46 -68 -32 18 
0 0 -5 -58 -25 -41 -35 -16 -4 -55 -11 9 -55 -92 -41 16 
0 0 4 -52 -3 -6 -9 20 18 -47 10 42 -28 -67 -17 40 
0 0 11 -56 -21 -12 -54 -7 -25 -45 3 8 -38 -59 -19 19 
0 0 -21 -76 -27 -32 -86 -25 -21 -11 -18 -22 -29 -50 -14 -2 
0 0 -5 -71 -42 -67 -105 -54 -57 -30 -39 -37 -58 -75 -34 -29 
0 0 -2 -68 -26 -39 -80 -36 -57 -26 -15 -4 -35 -59 -9 1 
0 0 14 -63 -22 -48 -95 -45 -46 -32 -11 -11 -39 -65 -10 8 
0 0 1 -72 -19 -48 -99 -41 -34 -24 -12 -12 -55 -62 -6 5 
0 0 12 -64 -16 -43 -107 -42 -43 -35 -8 -20 -60 -61 6 2 
0 0 13 -56 6 -23 -89 -17 0 -24 10 -7 -12 -44 3 17 
0 0 -2 -73 -13 -51 -118 -41 0 -39 6 -28 -24 -62 -39 -15 
0 0 -32 -106 -42 -100 -180 -97 -48 -62 -31 -74 -99 -81 -32 -61 
0 0 -34 -104 -43 -118 -220 -120 -79 -67 -58 -91 -127 -84 -17 -75 
0 0 -16 -79 -44 -95 -215 -94 -68 -45 -54 -65 -68 -64 -26 -58 
0 0 -19 -73 -44 -67 -206 -71 -60 -9 -49 -40 -30 -39 -17 -38 
0 0 -7 -63 -31 -60 -202 -75 -60 -20 -60 -24 -58 -37 -1 -27 
0 0 16 -43 -22 -43 -190 -62 -54 -43 -43 4 -56 -46 -9 -6 
0 0 50 -8 -16 -14 -163 -25 -42 -14 -9 33 -20 -29 3 34 
0 0 34 1 17 35 -118 37 -5 47 17 80 5 7 51 81 
0 0 24 -14 1 8 -150 8 -27 2 -6 51 -33 -32 28 45 
0 0 2 -37 -14 -15 -170 -14 -23 -29 -10 24 -22 -54 -10 17 
0 0 22 -34 -15 -29 -163 -21 -25 -29 5 11 -27 -51 -30 19 
0 0 -1 -47 0 -7 -143 -3 -13 13 24 26 -18 -31 -11 30 
0 0 1 -49 -11 -21 -188 -33 -30 3 -6 -4 -35 -53 -18 -5 
0 0 9 -41 13 6 -170 -9 1 10 -9 17 -3 -31 1 13 
0 0 41 -25 8 -2 -148 -4 -14 1 1 27 -8 -32 -5 22 
0 0 9 -35 -4 7 -136 13 -33 24 19 33 3 -27 0 18 
0 0 2 -37 -17 -5 -179 -6 -45 3 -13 7 6 -34 -1 -10 
0 0 8 -37 -7 -14 -185 -11 -7 -30 -39 2 -2 -31 11 -13 
0 0 8 -37 -7 -24 -177 -19 -3 -38 -21 -4 -24 -51 -9 -16 
0 0 -4 -41 -10 -5 -176 -24 -30 -6 8 -7 -16 -44 -13 -24 
0 0 -8 -49 -18 -9 -201 -31 -49 -8 -6 -22 -20 -36 -4 -47 
0 0 -18 -57 -34 -23 -210 -9 -39 -28 -32 -24 -35 -52 -23 -52 
0 0 -35 -68 -42 -5 -200 22 -26 -18 -29 -4 -11 -64 -56 -43 
0 0 -31 -71 -41 -3 -201 8 -28 -7 -33 -7 3 -55 -49 -48 
0 0 -39 -76 -32 -12 -207 -7 -34 -10 -34 -21 -13 -49 -27 -52 
0 0 -28 -67 -39 -20 -214 -12 -53 -38 -35 -32 -27 -73 -45 -49 
1 0 -40 -70 -24 -7 -187 8 -37 -12 -20 -12 1 -56 -25 -31 
1 0 -39 -79 -18 -39 -205 -22 -31 -9 -40 -44 -20 -51 -12 -56 
1 0 -58 -100 -17 -47 -224 -23 -1 -22 -54 -63 -28 -61 -24 -67 
0 0 -39 -98 -43 -62 -242 -34 -31 -54 -55 -71 -49 -94 -55 -75 
0 0 -52 -99 -42 -44 -218 -16 -49 -18 -39 -40 -33 -75 -35 -55 
0 0 -53 -93 -36 -59 -226 -24 -33 -31 -50 -45 -48 -72 -30 -59 
0 0 -62 -101 -15 -42 -217 -11 14 -41 -47 -32 -34 -60 -23 -50 
0 0 -36 -94 -21 -37 -226 -24 -25 -37 -37 -35 -41 -66 -30 -54 
0 0 -50 -100 -35 -34 -225 -16 -64 -14 -31 -35 -51 -59 -21 -47 
0 0 -52 -94 -40 -50 -237 -19 -52 -33 -51 -44 -59 -61 -23 -55 
0 0 -28 -70 -8 -15 -218 7 13 -8 -46 -15 -6 -34 -9 -36 
0 0 -3 -51 -17 -3 -234 2 -17 14 -37 -14 1 -38 -15 -32 
0 0 -26 -59 -40 -16 -262 -14 -60 -12 -49 -25 -40 -52 -17 -37 
0 0 -36 -53 -16 10 -253 8 -24 -26 -47 -1 -22 -39 -4 -15 
0 0 1 -31 4 29 -226 32 2 1 -28 23 19 -16 -1 8 
0 0 12 -30 -10 21 -223 26 -37 20 -15 25 16 -16 -10 9 
0 0 9 -31 -24 12 -234 16 -64 -14 -7 20 -7 -36 -3 13 
0 0 0 -35 -11 19 -232 30 -38 -31 -6 39 6 -40 19 27 
0 0 13 -37 -17 -15 -253 -1 -31 -38 -43 20 -22 -50 -4 8 
0 0 5 -48 -7 -20 -245 -13 -3 -28 -34 3 -58 -49 -13 9 
0 0 19 -43 -6 -23 -251 -22 -16 -55 -7 -14 -77 -60 -11 11 
0 0 13 -48 12 -12 -239 -1 -23 -34 7 4 -18 -32 14 22 
0 0 41 -32 21 -18 -230 -4 -21 -3 7 1 -8 -10 26 17 
0 0 23 -35 16 0 -219 7 6 1 7 4 -29 -2 29 20 
0 0 -1 -59 -25 -28 -273 -23 -35 -59 -39 -37 -48 -45 -8 -18 
0 0 -31 -85 -28 -31 -301 -28 -55 -45 -58 -51 -6 -43 -4 -40 
0 0 -12 -68 -29 -42 -298 -37 -62 -31 -48 -53 -34 -38 -9 -46 
0 0 -14 -59 -17 -13 -234 6 -23 -16 -18 -11 -41 -20 -9 -9 
0 0 -3 -62 -9 -6 -225 14 -1 -21 -16 -16 -17 -32 -10 -13 
0 0 -6 -63 5 -2 -227 2 12 3 -20 -31 12 -17 12 -20 
0 0 -2 -58 0 -13 -198 -9 -9 4 -7 -26 -5 -9 13 -8 
0 0 5 -62 1 -13 -173 -4 -11 -6 16 -10 -23 -24 14 7 
0 0 -12 -66 0 -15 -202 -15 5 -12 11 -20 -21 -51 3 -7 
0 0 -23 -66 -6 -17 -204 -17 9 -28 -2 -29 -4 -50 -8 -5 
0 0 -15 -78 -1 -17 -182 -7 6 -18 8 -20 7 -29 -4 6 
1 0 -8 -80 -7 -43 -209 -30 -3 -8 2 -41 -28 -27 -5 -17 
1 0 -28 -76 -6 -37 -218 -23 -1 -13 -2 -31 -35 -27 3 -9 
1 0 6 -58 -1 -24 -204 -8 -8 -30 -1 -2 -32 -31 4 16 
0 0 17 -58 13 1 -186 7 13 9 14 20 -15 -11 22 30 
0 0 20 -49 -3 -16 -212 -15 -6 -1 17 -2 -33 -21 13 13 
0 0 1 -61 -3 -22 -221 -14 -12 -25 17 -7 -12 -19 12 10 
0 0 7 -78 -21 -59 -258 -56 -25 -51 -31 -47 -25 -35 7 -31 
0 0 -20 -90 -25 -61 -263 -57 -13 -28 -52 -53 -32 -41 24 -48 
0 0 -11 -69 -17 -54 -261 -41 -30 -26 -31 -46 -39 -48 9 -46 
0 0 -22 -68 10 -15 -223 -2 -1 -3 0 -10 -5 -8 11 -18 
0 0 -5 -66 0 -13 -219 -8 -5 -8 -8 -11 -14 -6 4 -16 
0 0 19 -48 10 5 -211 8 5 10 3 12 -1 -1 16 2 
0 0 37 -27 23 3 -231 3 20 3 6 10 14 3 15 -4 
0 0 3 -53 7 -10 -248 -13 5 -11 -14 -13 7 9 19 -25 
0 0 -10 -73 -23 -30 -266 -33 -54 -20 -24 -22 -21 -7 9 -46 
0 0 5 -65 -16 -32 -259 -38 -44 -13 -17 -15 -21 -7 6 -39 
0 0 -1 -61 -1 -22 -238 -27 -1 -3 -13 -18 -20 -1 3 -28 
0 0 -5 -67 -9 -27 -231 -34 -9 -15 -20 -24 -41 -13 3 -33 
0 0 6 -60 -4 -20 -218 -27 -12 -10 -8 -1 -20 -16 18 -21 
0 0 20 -39 2 -7 -183 4 -1 -4 13 22 8 -10 19 9 
1 0 7 -44 9 4 -152 22 3 14 25 34 14 4 16 22 
0 0 28 -42 6 -19 -167 8 -7 -3 6 20 -8 -14 1 6 
0 0 26 -41 16 5 -127 76 21 -20 19 63 1 -18 5 46 
0 0 44 -25 17 17 -83 121 11 -47 48 100 -13 -19 -4 88 
0 0 48 -25 23 21 -68 113 -7 -14 63 113 -13 2 6 100 
0 0 69 -18 11 7 -100 95 -27 -17 34 97 -34 -6 5 90 
0 0 53 -18 30 46 -88 151 19 -33 39 134 -5 10 22 123 
0 0 63 -14 27 41 -91 139 19 -51 44 130 6 -9 -2 117 
0 0 38 -25 24 34 -78 123 8 4 49 127 29 -10 3 110 
0 0 30 -31 15 8 -104 97 -10 8 39 96 17 -2 17 91 
0 0 26 -44 16 4 -119 90 10 -23 22 73 1 -2 26 74 
0 0 35 -41 9 -1 -137 75 6 -40 -1 62 -32 -41 8 47 
0 0 18 -42 12 7 -158 73 1 -9 4 57 -35 -25 10 32 
0 0 6 -49 9 9 -183 70 -8 10 15 39 1 4 10 11 
0 0 11 -53 8 18 -172 80 5 18 9 37 32 4 12 -2 
0 0 6 -51 14 39 -171 88 28 13 8 41 40 9 18 -4 
0 0 -4 -54 12 31 -199 66 24 -11 13 25 32 25 13 -9 
0 0 -25 -67 16 17 -210 55 12 11 14 17 34 36 29 -17 
0 0 -20 -68 8 1 -221 48 2 29 -9 -2 13 29 47 -35 
0 0 -16 -68 3 9 -215 62 1 35 -12 0 16 23 36 -35 
0 0 -1 -62 -1 -8 -228 41 -26 7 -22 -7 5 -10 10 -46 
0 0 -11 -65 20 4 -221 37 8 0 -8 6 -4 -24 32 -30 
0 0 21 -42 28 13 -214 38 35 -21 10 14 -14 -33 34 -11 
0 0 11 -40 28 20 -214 59 19 -5 12 28 7 -4 40 -11 
1 0 2 -51 5 -29 -263 13 -42 -24 -21 -14 -28 -1 34 -58 
1 0 -15 -68 15 -16 -235 15 -4 -7 2 1 -4 9 32 -35 
1 0 -8 -66 1 -5 -217 21 17 -14 11 1 3 -20 -23 -21 
1 0 -29 -72 -8 -5 -228 19 9 -12 -17 -19 -9 -5 -25 -41 
1 0 -20 -62 -8 -30 -265 -17 -19 -17 -43 -36 -39 30 19 -72 
1 0 -21 -63 3 -16 -260 -3 -6 -1 -33 -17 -21 23 45 -66 
1 0 -4 -48 10 1 -236 25 6 14 -10 -7 15 -27 5 -46 
1 0 9 -35 18 2 -208 33 17 34 5 2 32 -7 -6 -33 
2 0 4 -34 6 -4 -220 29 8 36 -6 2 24 23 21 -50 
2 0 0 -30 13 13 -222 49 11 31 -14 18 24 14 47 -40 
2 0 -4 -37 13 14 -210 50 16 27 -16 28 21 2 26 -23 
2 0 -13 -52 -15 -10 -216 27 5 13 -19 5 1 0 -26 -45 
3 -1 -13 -41 5 15 -186 57 33 32 21 21 31 12 -18 -31 
3 -1 21 -20 32 34 -152 79 44 48 45 44 54 24 23 3 
3 -1 -1 -51 8 20 -169 58 5 38 25 29 30 22 21 -14 
3 -1 -21 -70 -35 -22 -226 19 -41 -1 -5 -15 -13 -20 -12 -67 
3 0 -31 -80 -17 -27 -226 17 -5 4 -13 -18 -8 -28 3 -65 
3 0 -11 -79 -1 -52 -244 -21 0 -10 -41 -38 -8 -23 4 -63 
3 1 -37 -92 -4 -41 -204 18 9 -15 3 -34 2 -14 -3 -64 
4 2 36 -33 22 58 -140 80 -85 -15 77 44 -69 -23 -2 17 
4 3 103 9 57 123 -216 63 -241 19 40 127 -130 8 33 117 
4 4 41 -35 24 -26 -380 -20 -276 -23 -111 39 -137 -5 18 12 
4 4 -32 -66 14 -73 -312 14 -257 -32 -173 26 -23 5 32 -45 
5 3 9 -41 -65 -26 -121 76 -228 -16 -183 61 47 11 34 -9 
5 2 -41 -89 -152 -59 117 228 51 10 -157 -7 80 1 6 -69 
6 0 -76 -141 -111 -103 416 529 182 3 -65 -81 128 -23 -15 -160 
7 -1 35 -93 -2 -17 724 928 -1 13 28 -14 212 2 18 -90 
7 -2 121 -53 15 20 923 1301 -23 12 50 -3 255 17 24 -61 
7 -2 88 -79 23 7 1089 1662 181 0 61 -50 268 12 15 -116 
8 -2 81 -91 46 43 1182 1991 173 0 93 -25 287 3 13 -105 
8 -3 117 -80 16 63 1175 2225 65 -9 137 -5 275 -8 -10 -87 
8 -4 94 -90 4 78 1113 2331 56 -10 173 -12 266 -3 -4 -104 
8 -4 82 -106 -2 73 990 2313 81 -12 135 -46 261 -12 4 -140 
8 -4 88 -103 28 107 932 2295 168 17 134 -30 279 -2 6 -126 
8 -4 131 -76 29 98 860 2206 138 -13 159 -26 240 -18 -4 -116 
8 -4 111 -93 -5 64 756 2075 95 -37 142 -47 201 -36 -8 -140 
8 -4 116 -94 -14 52 674 1937 113 -37 122 -68 199 -39 -26 -157 
8 -4 111 -87 25 99 674 1839 147 4 165 -31 265 2 -6 -110 
7 -4 125 -78 15 70 598 1660 120 -2 168 -45 230 -11 -12 -113 
7 -5 110 -90 16 52 510 1489 161 -3 159 -52 191 -18 -5 -117 
7 -5 100 -92 7 56 435 1332 182 -30 143 -52 177 -41 -21 -124 
7 -5 74 -101 -11 73 372 1177 156 -32 104 -40 166 -45 -29 -124 
7 -4 106 -80 -6 66 319 989 125 -25 106 -24 145 -30 -14 -102 
7 -4 133 -60 17 83 298 850 151 -1 155 17 164 -3 15 -53 
6 -3 125 -60 -8 69 217 707 137 -5 123 8 145 -19 2 -69 
6 -3 89 -77 -26 42 124 545 130 -20 59 -13 110 -24 -18 -94 
6 -3 96 -68 4 50 73 430 192 -15 66 13 103 -3 -19 -64 
6 -4 131 -31 33 97 52 376 229 32 107 68 114 30 12 -17 
6 -4 105 -35 11 100 -13 277 174 46 77 67 116 22 13 -35 
6 -4 68 -66 -14 49 -81 144 158 5 23 22 97 -8 -23 -70 
6 -4 64 -68 -8 49 -95 88 178 11 48 23 94 -1 -11 -56 
6 -5 76 -46 -16 66 -135 50 128 31 58 29 89 12 22 -55 
6 -4 9 -72 -22 58 -192 -4 156 19 1 6 64 1 9 -95 
5 -5 -10 -76 -20 40 -211 -40 201 -5 -23 -26 50 -22 -21 -124 
5 -5 1 -67 -6 68 -185 -31 139 33 37 1 86 3 10 -98 
5 -5 17 -64 -26 36 -215 -95 93 1 29 -16 30 -13 3 -105 
5 -4 -8 -72 -19 37 -201 -114 202 -14 10 -10 32 -18 -14 -98 
5 -4 -2 -57 -15 54 -196 -112 231 6 4 3 92 -22 -31 -106 
5 -4 -7 -53 3 77 -175 -93 205 35 12 37 124 -9 1 -85 
5 -4 17 -28 6 75 -166 -105 194 17 23 49 80 -12 7 -60 
5 -4 13 -19 23 112 -141 -90 237 51 47 77 103 26 26 -37 
5 -4 15 -21 26 100 -153 -115 223 50 44 62 116 31 40 -54 
6 -3 11 -24 19 77 -160 -127 221 30 29 44 107 21 45 -52 
6 -2 16 -25 1 59 -175 -141 218 16 11 26 84 6 27 -62 
6 -1 -15 -48 -8 54 -190 -151 207 20 -3 13 71 1 12 -85 
6 0 -33 -66 -20 55 -214 -149 174 26 -1 7 62 -3 -16 -97 
6 1 -13 -57 -13 66 -215 -146 168 53 6 13 70 18 -13 -81 
6 2 -12 -58 2 57 -212 -162 185 57 -9 5 89 28 12 -74 
7 3 -26 -60 -7 38 -226 -175 158 29 -21 -4 81 11 24 -84 
7 3 -39 -66 -20 39 -239 -179 139 36 -23 -1 68 11 27 -91 
7 3 -15 -55 -22 21 -248 -209 143 36 -41 -15 56 22 30 -98 
8 4 -24 -53 3 23 -241 -209 148 41 -34 -8 57 32 61 -91 
8 4 -19 -49 5 5 -264 -232 131 26 -40 -26 15 5 56 -108 
8 4 -33 -63 -7 -1 -268 -238 156 29 -56 -32 16 5 22 -113 
8 4 -25 -56 -31 -10 -286 -251 113 -9 -65 -46 -7 -9 -16 -122 
8 4 -39 -58 -12 23 -282 -239 65 -6 -34 -31 -34 -4 14 -115 
9 5 -29 -56 -5 14 -289 -247 73 3 -42 -37 -26 -3 24 -116 
8 5 -57 -78 -10 0 -282 -245 115 11 -66 -40 23 7 20 -113 
8 5 -60 -85 -19 -22 -321 -269 113 2 -94 -67 16 -7 12 -146 
8 5 -50 -77 8 22 -294 -223 146 33 -80 -27 42 14 36 -121 
8 5 -15 -46 7 40 -243 -206 114 28 -40 8 65 18 31 -71 
7 5 -21 -47 -1 13 -245 -232 110 25 -42 -8 71 14 28 -65 
7 5 -12 -45 19 16 -264 -212 170 54 -56 -5 88 25 44 -75 
7 5 -9 -33 24 75 -238 -158 160 69 -27 32 97 39 54 -50 
6 6 -35 -47 -17 69 -256 -189 91 19 -45 5 28 5 14 -64 
6 6 -68 -81 -31 10 -296 -236 104 -17 -91 -41 -18 -19 -7 -112 
5 6 -66 -84 -14 12 -290 -222 97 -1 -57 -26 20 -1 12 -113 
4 7 -29 -42 -13 48 -278 -196 44 25 -22 5 85 22 24 -76 
4 7 -40 -43 -5 64 -278 -177 98 39 -54 17 75 15 12 -62 
3 7 -36 -50 -6 60 -262 -176 150 33 -66 15 17 2 -4 -68 
2 8 -10 -18 8 103 -205 -126 125 78 -12 65 99 51 38 -23 
2 9 32 24 13 124 -180 -91 101 89 -4 101 154 72 57 16 
1 11 7 5 28 131 -161 -90 163 61 -16 108 102 54 51 19 
1 11 22 17 29 119 -141 -114 169 25 -4 98 65 28 42 11 
0 12 34 28 33 133 -84 -81 156 75 28 135 140 56 53 47 
0 12 24 5 6 89 -109 -101 164 67 -20 99 112 44 51 11 
0 11 -14 -23 8 87 -105 -95 198 50 -42 74 90 48 84 -21 
0 11 12 -2 30 107 -54 -71 192 55 -4 87 131 55 63 -6 
0 12 -1 -18 24 93 -45 -86 206 60 -17 70 126 43 20 -18 
0 12 -20 -35 -17 49 -104 -118 198 25 -81 11 98 12 9 -80 
0 12 -16 -21 -8 79 -91 -60 176 38 -72 32 157 40 34 -68 
-1 13 -3 -6 5 92 -79 -50 143 63 -42 47 170 55 36 -53 
-1 14 -33 -32 -23 47 -111 -122 148 47 -72 -4 128 22 32 -91 
-1 15 -67 -74 -56 -7 -160 -187 157 2 -120 -72 94 -25 5 -148 
-1 15 -74 -88 -31 -19 -176 -207 183 -25 -125 -102 70 -17 15 -171 
-1 15 -51 -58 11 33 -139 -169 202 11 -78 -63 99 45 83 -130 
-1 15 -18 -33 -7 62 -135 -143 171 56 -65 -35 141 60 63 -111 
-1 13 -34 -55 -19 42 -180 -167 190 57 -105 -52 141 38 16 -151 
0 12 -48 -75 -20 -9 -223 -237 192 5 -138 -108 81 19 44 -202 
0 12 -47 -65 -11 35 -203 -207 183 19 -96 -91 94 35 78 -182 
0 10 -31 -44 -41 56 -229 -176 173 11 -100 -72 112 4 -11 -187 
1 9 -54 -62 -50 18 -236 -215 191 -6 -121 -85 98 -16 -53 -194 
1 8 -40 -65 -44 -36 -238 -286 145 -7 -108 -125 63 -15 4 -195 
1 7 -28 -50 2 22 -201 -228 182 44 -65 -74 136 48 84 -151 
1 6 -15 -31 13 55 -191 -200 241 27 -77 -40 132 64 51 -131 
1 6 -58 -74 -38 9 -214 -262 194 -14 -104 -77 35 -6 -17 -152 
2 5 -51 -80 -72 -27 -237 -283 112 -18 -90 -90 56 -61 -38 -166 
2 5 -51 -71 -45 13 -217 -224 149 9 -69 -42 139 -18 -4 -143 
2 4 -69 -81 -47 8 -248 -251 171 -14 -106 -69 60 -13 8 -164 
2 4 -73 -83 -38 6 -255 -269 175 6 -106 -71 68 -9 25 -159 
2 3 -47 -52 -32 27 -223 -236 185 14 -62 -25 167 9 -5 -129 
2 3 -66 -58 -57 28 -233 -227 179 -29 -78 -26 141 -3 -41 -146 
2 2 -89 -80 -85 -7 -294 -267 128 -29 -125 -71 93 -24 -23 -186 
3 2 -70 -66 -69 0 -290 -262 109 25 -99 -65 141 -2 -6 -164 
3 1 -76 -68 -36 31 -231 -224 169 24 -61 -41 145 1 -25 -133 
3 1 -73 -72 -17 14 -202 -247 230 -2 -68 -56 93 -7 -9 -135 
4 1 -42 -28 10 59 -183 -215 243 71 -37 -4 166 64 59 -87 
4 0 -21 5 -22 94 -206 -165 146 81 -18 28 199 68 39 -68 
4 0 -83 -55 -51 58 -233 -188 135 20 -55 -17 144 2 -18 -118 
4 -1 -95 -84 -40 -20 -245 -274 209 -18 -101 -79 125 -12 -23 -160 
4 -1 -95 -74 -39 -15 -253 -265 178 15 -99 -70 160 33 3 -146 
4 -2 -75 -57 -69 8 -273 -243 92 -1 -86 -64 106 4 -37 -151 
4 -2 -84 -60 -27 26 -192 -227 189 -3 -48 -35 85 -13 -30 -111 
4 -2 -75 -46 -18 -6 -164 -228 225 -4 -60 -24 99 -11 -11 -80 
4 -3 -78 -48 -44 2 -178 -173 163 10 -69 10 132 4 -20 -58 
3 -3 -48 -31 -24 24 -138 -149 167 -4 -28 43 130 4 -32 -24 
3 -3 -37 -15 19 54 -45 -129 229 7 25 89 150 26 16 42 
3 -3 -41 -11 -19 43 -70 -123 193 2 -5 93 151 8 24 39 
3 -3 -48 -22 -34 30 -82 -127 188 -1 -26 95 148 -4 -2 32 
2 -3 -40 -23 -12 14 -37 -155 212 -7 -4 91 154 3 -3 52 
2 -3 -40 -19 -15 38 -17 -135 191 4 9 102 204 18 27 73 
2 -3 -48 -27 -42 57 -33 -107 143 10 9 113 215 -2 0 69 
1 -3 -60 -46 -62 16 -69 -153 150 -36 -23 69 121 -48 -57 28 
1 -3 -54 -40 -27 31 -56 -139 209 -26 -18 64 117 -25 -29 30 
0 -3 -27 -19 -13 50 -28 -94 177 6 8 87 180 12 8 56 
0 -3 -57 -35 -29 28 -47 -103 150 3 -17 81 168 3 3 42 
0 -3 -52 -20 -22 15 -70 -124 199 -13 -43 57 132 -2 6 21 
-1 -3 -43 -3 4 39 -12 -96 240 12 -6 74 183 25 20 46 
-1 -3 -35 -2 -31 18 -30 -109 163 -31 -15 65 167 -3 -16 28 
-1 -3 -44 -1 -36 56 -55 -63 134 -28 -12 94 181 12 -10 37 
-1 -2 -8 26 -14 61 -25 -49 166 1 18 104 216 39 0 65 
-2 -2 -31 7 2 34 -4 -73 214 13 6 89 231 40 16 64 
-2 -2 -41 4 -6 28 -37 -85 203 -13 -28 73 208 24 5 33 
-2 -2 -42 15 1 63 7 -43 199 18 8 108 249 48 -6 57 
-2 -1 -31 22 -19 40 -5 -61 152 34 7 92 268 39 -21 55 
-2 -1 -36 16 -19 44 -36 -52 133 33 -24 82 255 42 14 48 
-2 -1 -19 24 -6 38 -12 -57 153 -10 -13 79 219 35 12 52 
-2 0 -19 23 7 34 22 -63 173 -10 4 81 241 37 -6 55 
-3 0 -21 23 3 48 15 -41 136 22 8 83 276 36 -2 51 
-3 0 -7 27 9 52 34 -22 138 26 32 93 243 50 11 69 
