Gyro(x) Gyro(y) F3 FC5 AF3 F7 T7 P7 O1 O2 P8 T8 F8 AF4 FC6 F4
2044 2037 2129.6988 2124.7569 2129.4387 2125.5372 2124.4968 2123.7165 2126.0574 2126.3175 2127.618 2129.6988 2128.6584 2147.9058 2158.3098 2444.1597 
2044 2038 2128.9185 2125.7973 2128.3983 2125.017 2124.2367 2125.5372 2128.1382 2126.0574 2126.8377 2128.1382 2131.7796 2155.7088 2159.6103 2446.2405 
2044 2037 2134.1205 2124.4968 2127.618 2125.2771 2123.7165 2124.7569 2125.017 2125.7973 2127.8781 2130.219 2138.2821 2153.8881 2157.2694 2441.5587 
2045 2037 2131.5195 2125.5372 2127.3579 2125.7973 2127.3579 2125.7973 2126.8377 2126.3175 2128.1382 2131.7796 2131.7796 2142.7038 2155.4487 2431.935 
2045 2036 2131.5195 2124.7569 2126.3175 2125.017 2127.3579 2126.8377 2125.017 2126.8377 2126.8377 2129.4387 2131.7796 2145.825 2160.9108 2437.137 
2045 2037 2127.0978 2125.017 2125.7973 2124.7569 2127.0978 2128.3983 2125.7973 2126.3175 2127.8781 2128.3983 2130.9993 2143.224 2159.0901 2431.935 
2045 2038 2120.3352 2127.618 2125.7973 2125.5372 2127.8781 2127.8781 2126.0574 2124.2367 2128.6584 2129.6988 2121.3756 2141.6634 2154.4083 2430.3744 
2044 2038 2120.0751 2128.3983 2126.3175 2125.017 2128.3983 2126.5776 2123.4564 2124.4968 2127.3579 2130.4791 2118.2544 2144.0043 2153.8881 2430.6345 
2044 2038 2122.6761 2127.8781 2126.5776 2124.2367 2127.8781 2126.0574 2125.5372 2127.618 2126.8377 2129.4387 2120.8554 2137.2417 2150.2467 2420.2305 
2044 2038 2124.2367 2125.2771 2126.5776 2127.0978 2123.9766 2122.9362 2125.017 2126.5776 2127.8781 2129.1786 2125.7973 2141.6634 2151.2871 2420.7507 
2044 2038 2123.7165 2127.3579 2124.7569 2126.5776 2124.7569 2123.1963 2122.416 2126.3175 2127.8781 2129.4387 2125.7973 2148.426 2152.8477 2423.6118 
2043 2038 2129.1786 2127.0978 2126.5776 2125.7973 2124.7569 2122.1559 2118.7746 2127.618 2127.8781 2128.9185 2131.5195 2151.2871 2154.1482 2432.4552 
2045 2036 2125.017 2128.6584 2128.3983 2126.3175 2124.7569 2123.9766 2123.1963 2129.4387 2128.3983 2128.1382 2125.017 2136.7215 2151.027 2427.5133 
2046 2037 2126.8377 2126.3175 2129.1786 2128.1382 2121.3756 2122.416 2122.1559 2126.8377 2128.3983 2130.7392 2128.3983 2146.3452 2156.229 2428.5537 
2044 2038 2126.5776 2127.3579 2128.1382 2126.8377 2123.9766 2126.5776 2127.0978 2126.8377 2127.8781 2131.7796 2127.618 2141.1432 2152.3275 2425.1724 
2045 2038 2131.2594 2125.5372 2128.9185 2126.8377 2123.7165 2126.5776 2127.618 2126.8377 2127.618 2129.4387 2129.9589 2132.2998 2152.3275 2436.3567 
2043 2038 2127.0978 2127.3579 2126.0574 2124.2367 2128.1382 2128.1382 2130.4791 2128.1382 2127.618 2128.3983 2127.3579 2131.5195 2153.628 2436.3567 
2043 2037 2132.0397 2126.3175 2125.7973 2123.9766 2127.8781 2128.1382 2127.8781 2125.7973 2128.3983 2130.7392 2136.7215 2147.9058 2158.0497 2435.5764 
2043 2038 2127.8781 2128.1382 2126.5776 2124.2367 2127.618 2129.9589 2129.4387 2125.5372 2127.8781 2130.219 2128.9185 2139.3225 2155.9689 2425.4325 
2044 2036 2125.2771 2126.5776 2127.0978 2125.7973 2126.3175 2126.0574 2123.9766 2125.5372 2128.1382 2128.6584 2123.9766 2142.4437 2160.6507 2435.8365 
2044 2038 2120.8554 2128.9185 2127.618 2126.0574 2128.6584 2126.8377 2125.2771 2127.618 2127.8781 2129.1786 2122.1559 2145.5649 2157.0093 2430.3744 
2043 2038 2123.7165 2128.3983 2129.9589 2127.3579 2124.2367 2125.7973 2124.2367 2126.3175 2127.0978 2130.4791 2124.4968 2147.9058 2152.8477 2426.2128 
2042 2038 2124.2367 2127.3579 2128.1382 2126.8377 2122.6761 2124.7569 2123.1963 2126.3175 2128.3983 2130.219 2122.9362 2144.5245 2151.2871 2424.132 
2045 2037 2127.0978 2126.8377 2126.3175 2125.5372 2124.4968 2124.2367 2121.6357 2127.3579 2130.219 2130.219 2126.0574 2145.5649 2152.3275 2426.4729 
2044 2037 2125.2771 2127.0978 2127.8781 2125.017 2125.2771 2125.7973 2123.9766 2127.8781 2128.9185 2130.4791 2126.5776 2140.8831 2151.2871 2422.0512 
2044 2037 2122.9362 2126.8377 2126.8377 2124.7569 2123.7165 2124.2367 2123.9766 2128.6584 2126.5776 2129.1786 2126.3175 2144.7846 2151.5472 2425.4325 
2045 2036 2127.0978 2127.0978 2125.2771 2126.5776 2123.9766 2123.1963 2122.6761 2128.6584 2127.618 2128.3983 2129.6988 2145.825 2151.8073 2430.3744 
2043 2037 2127.618 2127.3579 2126.8377 2126.3175 2125.7973 2125.5372 2127.3579 2128.3983 2128.3983 2129.6988 2126.5776 2138.8023 2152.0674 2431.935 
2044 2037 2128.1382 2123.9766 2129.1786 2126.0574 2123.1963 2122.1559 2126.3175 2127.8781 2128.1382 2130.9993 2129.1786 2144.7846 2158.5699 2440.7784 
2045 2039 2128.3983 2126.3175 2127.0978 2124.4968 2125.2771 2123.9766 2126.5776 2127.8781 2128.1382 2130.9993 2132.2998 2147.1255 2157.0093 2436.6168 
2044 2036 2133.6003 2125.2771 2126.8377 2125.017 2125.7973 2127.3579 2125.5372 2125.5372 2128.1382 2130.9993 2136.9816 2152.5876 2155.7088 2435.0562 
2044 2035 2128.1382 2125.7973 2126.3175 2124.7569 2128.3983 2128.6584 2128.6584 2125.7973 2128.1382 2129.4387 2129.6988 2143.4841 2156.229 2432.7153 
2044 2037 2129.4387 2125.5372 2126.5776 2125.017 2127.8781 2124.7569 2125.017 2125.2771 2128.1382 2129.4387 2132.82 2147.9058 2161.431 2437.137 
2045 2037 2122.9362 2130.219 2125.7973 2123.7165 2129.4387 2128.1382 2126.8377 2126.0574 2126.8377 2129.6988 2125.2771 2145.825 2153.8881 2426.733 
2043 2036 2121.6357 2128.6584 2126.8377 2124.7569 2125.5372 2126.8377 2122.416 2125.017 2126.5776 2129.9589 2122.416 2150.5068 2153.628 2432.1951 
2044 2036 2119.0347 2129.6988 2125.5372 2125.7973 2127.618 2127.0978 2124.2367 2126.5776 2127.8781 2129.6988 2119.0347 2140.8831 2150.7669 2425.6926 
2044 2038 2123.4564 2128.6584 2127.0978 2128.3983 2126.8377 2124.4968 2123.9766 2125.017 2128.1382 2129.6988 2123.9766 2144.0043 2150.5068 2424.6522 
2045 2038 2121.3756 2129.1786 2127.618 2127.0978 2126.0574 2124.7569 2125.017 2125.5372 2127.0978 2129.1786 2122.1559 2142.4437 2148.1659 2420.4906 
2043 2035 2129.6988 2124.2367 2125.7973 2126.8377 2125.2771 2123.9766 2122.6761 2128.1382 2129.1786 2131.5195 2130.9993 2141.4033 2151.8073 2430.3744 
2045 2038 2127.618 2125.5372 2126.5776 2127.0978 2121.3756 2121.8958 2121.6357 2129.1786 2128.3983 2130.7392 2129.1786 2145.3048 2157.0093 2432.9754 
2043 2037 2126.5776 2126.0574 2127.618 2126.0574 2122.1559 2123.7165 2122.9362 2128.3983 2127.8781 2129.9589 2128.1382 2151.2871 2158.3098 2436.6168 
2042 2037 2129.6988 2124.4968 2128.6584 2126.3175 2124.4968 2125.5372 2126.8377 2126.8377 2127.0978 2129.1786 2127.8781 2144.5245 2154.9285 2439.738 
2042 2037 2127.8781 2124.7569 2127.8781 2127.0978 2125.2771 2126.3175 2127.8781 2126.5776 2127.0978 2128.6584 2127.3579 2135.6811 2154.4083 2437.3971 
2043 2037 2127.618 2126.3175 2125.017 2124.4968 2127.3579 2129.4387 2128.6584 2127.0978 2128.6584 2130.219 2132.5599 2145.5649 2156.229 2436.3567 
2045 2038 2130.219 2125.7973 2125.017 2122.9362 2129.1786 2127.8781 2129.4387 2125.7973 2128.9185 2131.2594 2136.9816 2154.9285 2157.2694 2433.7557 
2044 2038 2124.2367 2128.1382 2125.2771 2123.7165 2128.6584 2124.4968 2127.0978 2125.2771 2127.0978 2130.219 2125.017 2142.1836 2157.2694 2430.1143 
2044 2037 2122.9362 2127.3579 2125.7973 2125.7973 2125.2771 2123.7165 2121.1155 2125.7973 2126.8377 2130.4791 2123.4564 2142.7038 2160.6507 2435.3163 
2044 2037 2121.3756 2128.9185 2126.0574 2125.7973 2126.3175 2126.5776 2125.2771 2126.3175 2127.8781 2130.4791 2121.8958 2143.224 2154.9285 2427.7734 
2044 2038 2125.2771 2127.8781 2127.8781 2126.8377 2123.7165 2122.6761 2123.7165 2125.2771 2127.8781 2130.4791 2123.7165 2147.6457 2154.6684 2430.1143 
2044 2039 2124.2367 2128.6584 2126.3175 2125.5372 2126.5776 2124.7569 2123.1963 2127.618 2127.0978 2129.9589 2121.3756 2142.7038 2151.027 2424.9123 
2044 2038 2127.618 2125.5372 2126.5776 2126.0574 2126.0574 2124.2367 2121.6357 2127.618 2127.0978 2130.7392 2127.618 2146.3452 2152.3275 2425.9527 
2045 2036 2123.1963 2128.3983 2127.0978 2126.0574 2125.7973 2124.7569 2126.3175 2128.9185 2127.0978 2130.219 2123.9766 2139.0624 2150.5068 2420.2305 
2045 2036 2128.3983 2127.618 2127.3579 2126.5776 2123.1963 2124.2367 2122.1559 2129.1786 2127.3579 2130.4791 2129.6988 2146.0851 2153.628 2431.6749 
2045 2038 2127.0978 2126.8377 2125.7973 2125.5372 2126.0574 2125.7973 2125.017 2130.219 2127.618 2129.6988 2127.0978 2141.4033 2150.5068 2431.4148 
2045 2038 2129.1786 2123.4564 2128.9185 2127.618 2122.6761 2122.1559 2124.7569 2128.3983 2127.3579 2128.6584 2129.1786 2144.7846 2155.7088 2439.4779 
2044 2038 2128.3983 2126.3175 2128.9185 2127.618 2123.1963 2125.7973 2127.3579 2127.8781 2127.0978 2129.4387 2130.9993 2146.0851 2157.0093 2437.9173 
2043 2035 2134.1205 2126.3175 2126.5776 2125.5372 2125.7973 2126.8377 2126.3175 2125.2771 2127.618 2131.2594 2137.7619 2152.5876 2156.4891 2436.6168 
2045 2038 2130.7392 2126.5776 2125.5372 2125.2771 2128.9185 2125.2771 2127.3579 2124.7569 2127.8781 2129.9589 2132.82 2147.1255 2155.1886 2432.9754 
2045 2036 2129.4387 2126.3175 2126.5776 2125.7973 2127.8781 2124.2367 2124.4968 2125.5372 2127.3579 2128.1382 2132.5599 2147.3856 2160.1305 2438.1774 
2045 2037 2127.0978 2127.0978 2126.8377 2124.4968 2128.3983 2125.5372 2125.017 2126.8377 2127.0978 2129.6988 2130.219 2146.6053 2158.3098 2429.5941 
2044 2037 2122.416 2128.3983 2126.0574 2123.7165 2128.1382 2125.017 2125.5372 2126.3175 2128.1382 2129.4387 2120.0751 2145.3048 2153.628 2426.4729 
2044 2037 2120.0751 2127.8781 2125.5372 2125.017 2127.8781 2125.2771 2123.4564 2125.5372 2128.6584 2127.8781 2117.9943 2143.7442 2152.8477 2430.1143 
2043 2038 2120.5953 2128.9185 2126.3175 2126.3175 2128.1382 2126.3175 2125.2771 2126.5776 2128.1382 2129.6988 2121.1155 2140.3629 2149.4664 2424.6522 
2044 2037 2122.9362 2128.9185 2128.1382 2128.1382 2123.9766 2124.2367 2124.7569 2126.5776 2127.618 2131.7796 2124.4968 2143.4841 2149.4664 2422.0512 
2045 2038 2123.9766 2128.9185 2126.0574 2126.5776 2123.4564 2125.2771 2121.8958 2127.8781 2127.8781 2130.219 2124.4968 2143.4841 2149.7265 2424.9123 
2044 2038 2130.7392 2124.7569 2125.7973 2125.7973 2122.9362 2123.1963 2119.0347 2126.5776 2127.8781 2130.219 2132.5599 2145.825 2153.1078 2433.4956 
2046 2038 2128.3983 2126.5776 2127.618 2126.5776 2123.1963 2123.7165 2124.4968 2127.3579 2127.0978 2130.219 2129.9589 2141.1432 2154.1482 2430.8946 
2046 2039 2130.7392 2125.2771 2128.6584 2128.1382 2121.1155 2121.8958 2122.9362 2127.618 2127.0978 2129.6988 2135.1609 2159.0901 2161.6911 2444.6799 
2044 2038 2129.1786 2125.5372 2126.5776 2124.4968 2125.7973 2123.7165 2127.618 2129.1786 2127.618 2129.6988 2133.0801 2156.4891 2157.5295 2443.3794 
2045 2038 2132.82 2124.4968 2127.8781 2125.7973 2124.4968 2123.4564 2127.8781 2128.3983 2127.8781 2129.1786 2131.7796 2145.0447 2156.229 2441.5587 
2045 2037 2127.0978 2127.0978 2126.5776 2126.0574 2126.5776 2128.6584 2129.6988 2128.9185 2127.3579 2127.8781 2125.5372 2137.5018 2154.4083 2436.6168 
2045 2037 2130.4791 2125.017 2125.2771 2124.2367 2128.1382 2127.618 2126.8377 2125.7973 2128.1382 2130.4791 2133.6003 2154.4083 2157.7896 2440.7784 
2045 2038 2126.3175 2127.8781 2125.5372 2123.9766 2130.7392 2126.5776 2129.6988 2124.7569 2127.618 2130.9993 2128.6584 2149.7265 2156.229 2429.5941 
2046 2038 2124.4968 2127.0978 2127.3579 2126.5776 2126.3175 2124.2367 2125.017 2125.2771 2127.0978 2128.9185 2125.017 2145.5649 2159.3502 2436.3567 
2043 2037 2120.5953 2127.618 2126.3175 2125.017 2125.017 2124.2367 2122.9362 2127.0978 2127.0978 2129.1786 2122.1559 2142.4437 2155.4487 2432.7153 
2044 2038 2123.9766 2127.3579 2126.8377 2125.017 2124.4968 2122.1559 2121.6357 2124.4968 2127.0978 2130.9993 2123.1963 2147.3856 2154.4083 2429.5941 
2044 2037 2123.7165 2128.3983 2127.0978 2126.8377 2126.5776 2124.7569 2122.6761 2124.4968 2127.0978 2131.2594 2121.6357 2144.5245 2154.4083 2426.4729 
2045 2038 2125.5372 2127.0978 2125.7973 2125.7973 2126.5776 2125.017 2121.3756 2126.5776 2127.0978 2129.9589 2124.7569 2143.4841 2152.8477 2425.4325 
2043 2038 2124.4968 2126.3175 2126.5776 2125.017 2125.5372 2123.9766 2124.2367 2126.8377 2127.0978 2128.9185 2125.2771 2143.4841 2150.7669 2421.7911 
2044 2037 2125.017 2127.0978 2127.3579 2125.2771 2124.4968 2125.2771 2125.5372 2128.3983 2128.1382 2128.9185 2126.0574 2145.0447 2152.5876 2425.9527 
2043 2037 2128.9185 2127.0978 2126.0574 2125.5372 2123.4564 2125.5372 2122.416 2129.1786 2127.618 2129.9589 2130.219 2144.5245 2154.1482 2431.1547 
2043 2038 2127.3579 2127.618 2126.3175 2126.0574 2123.1963 2124.2367 2125.5372 2126.8377 2126.5776 2129.6988 2127.618 2139.8427 2154.1482 2433.7557 
2044 2038 2128.1382 2125.2771 2128.6584 2126.5776 2123.1963 2122.1559 2125.5372 2125.2771 2127.3579 2128.9185 2129.9589 2147.1255 2159.0901 2442.5991 
2044 2037 2130.9993 2125.5372 2127.3579 2124.2367 2127.3579 2127.0978 2126.0574 2126.5776 2127.3579 2129.6988 2131.5195 2150.5068 2157.2694 2435.8365 
2044 2038 2134.9008 2123.9766 2127.0978 2125.7973 2126.5776 2126.8377 2126.0574 2123.9766 2127.3579 2130.7392 2135.421 2153.3679 2156.7492 2433.4956 
2044 2037 2127.0978 2126.0574 2126.3175 2125.017 2127.0978 2125.7973 2129.6988 2125.7973 2127.8781 2129.4387 2129.1786 2142.7038 2156.229 2434.0158 
2044 2038 2129.4387 2125.017 2126.0574 2124.4968 2126.5776 2125.017 2123.9766 2127.0978 2127.3579 2129.9589 2132.5599 2149.9866 2160.9108 2438.9577 
2045 2037 2122.6761 2128.9185 2125.2771 2125.017 2129.1786 2129.1786 2125.5372 2126.5776 2126.3175 2130.9993 2124.7569 2147.9058 2155.1886 2425.6926 
2044 2038 2121.1155 2128.9185 2127.618 2125.7973 2126.8377 2125.2771 2122.6761 2124.7569 2127.3579 2129.4387 2122.9362 2148.426 2155.1886 2431.4148 
2045 2037 2119.2948 2130.9993 2126.8377 2124.4968 2128.6584 2126.5776 2123.4564 2127.618 2127.8781 2128.1382 2118.5145 2139.0624 2150.5068 2424.6522 
2044 2036 2124.2367 2129.4387 2126.8377 2125.7973 2126.0574 2125.7973 2123.1963 2126.0574 2128.1382 2130.9993 2122.9362 2145.5649 2150.7669 2424.132 
2045 2037 2122.416 2129.1786 2126.5776 2125.5372 2124.7569 2125.2771 2125.5372 2126.5776 2127.8781 2131.2594 2122.9362 2144.0043 2151.2871 2422.3113 
2043 2037 2129.1786 2125.017 2127.618 2125.7973 2122.416 2122.6761 2120.0751 2127.0978 2127.3579 2128.6584 2129.6988 2145.825 2154.6684 2429.334 
2044 2038 2128.3983 2125.017 2127.0978 2127.3579 2125.017 2124.7569 2123.1963 2127.3579 2127.0978 2128.1382 2127.3579 2139.0624 2151.5472 2425.9527 
2044 2037 2128.3983 2125.2771 2127.618 2128.3983 2123.1963 2123.7165 2123.4564 2127.618 2127.618 2129.4387 2128.6584 2147.9058 2156.4891 2435.8365 
2043 2038 2128.3983 2126.0574 2127.8781 2126.0574 2122.9362 2122.9362 2122.6761 2128.9185 2127.8781 2128.9185 2131.5195 2155.7088 2158.83 2442.8592 
2045 2037 2129.9589 2125.5372 2128.1382 2125.2771 2125.2771 2123.1963 2126.0574 2127.8781 2127.8781 2128.6584 2130.7392 2147.9058 2154.9285 2442.339 
2044 2038 2128.9185 2125.7973 2127.618 2126.0574 2127.3579 2126.3175 2128.6584 2126.5776 2126.8377 2129.9589 2127.0978 2139.5826 2153.8881 2440.5183 
2045 2037 2128.9185 2127.3579 2124.7569 2124.7569 2128.9185 2128.9185 2127.8781 2126.5776 2126.5776 2129.1786 2129.1786 2147.1255 2155.7088 2438.6976 
2045 2037 2129.4387 2127.3579 2124.7569 2125.017 2130.219 2126.8377 2127.3579 2124.4968 2127.618 2128.1382 2133.6003 2154.4083 2157.0093 2432.9754 
2043 2037 2123.7165 2128.3983 2125.5372 2125.017 2130.4791 2127.0978 2126.8377 2125.017 2127.0978 2129.1786 2123.9766 2143.224 2157.0093 2431.935 
2044 2037 2124.7569 2126.0574 2126.0574 2125.2771 2125.2771 2126.3175 2120.8554 2125.7973 2126.5776 2129.9589 2123.1963 2142.1836 2159.0901 2438.4375 
2044 2037 2122.9362 2128.9185 2125.017 2125.017 2125.2771 2126.3175 2124.7569 2125.2771 2127.3579 2129.9589 2121.3756 2141.6634 2154.1482 2427.2532 
2043 2036 2124.7569 2128.1382 2127.0978 2127.3579 2124.4968 2123.7165 2123.7165 2124.2367 2127.3579 2130.9993 2124.7569 2147.9058 2156.229 2427.7734 
2045 2037 2122.9362 2128.6584 2126.5776 2126.5776 2125.2771 2125.017 2121.1155 2127.0978 2126.0574 2129.6988 2121.6357 2140.623 2151.8073 2423.0916 
2045 2038 2127.3579 2126.3175 2127.3579 2126.3175 2123.9766 2123.9766 2118.7746 2126.0574 2126.8377 2129.9589 2126.3175 2144.7846 2151.027 2424.9123 
2042 2038 2123.4564 2128.1382 2128.1382 2126.3175 2126.3175 2127.3579 2126.0574 2127.8781 2128.1382 2130.9993 2123.4564 2141.6634 2149.9866 2421.531 
2044 2038 2128.1382 2126.0574 2127.8781 2126.8377 2123.4564 2123.9766 2122.9362 2129.6988 2127.0978 2128.9185 2130.219 2146.6053 2154.1482 2431.6749 
2043 2038 2126.8377 2127.618 2125.7973 2125.5372 2125.2771 2125.2771 2125.2771 2128.9185 2126.0574 2127.8781 2128.1382 2138.5422 2152.8477 2430.1143 
2043 2038 2128.9185 2126.5776 2127.618 2126.8377 2124.2367 2125.5372 2125.2771 2126.0574 2126.8377 2130.7392 2129.6988 2145.5649 2160.1305 2441.8188 
2044 2036 2129.1786 2126.3175 2128.1382 2127.3579 2126.0574 2125.5372 2126.5776 2127.618 2127.8781 2130.219 2130.4791 2150.2467 2160.1305 2441.8188 
2044 2036 2135.9412 2124.4968 2128.1382 2126.3175 2126.0574 2124.7569 2125.7973 2126.0574 2128.1382 2128.9185 2135.421 2154.1482 2156.7492 2438.4375 
2045 2037 2130.7392 2126.0574 2127.3579 2125.5372 2126.0574 2128.1382 2128.9185 2124.7569 2127.618 2130.219 2130.7392 2146.0851 2155.4487 2433.2355 
2044 2037 2127.8781 2126.5776 2126.8377 2126.5776 2126.0574 2127.8781 2126.0574 2125.5372 2127.0978 2130.9993 2132.0397 2146.3452 2160.9108 2439.9981 
2045 2036 2126.8377 2127.618 2125.5372 2125.7973 2128.9185 2127.8781 2124.7569 2126.5776 2127.0978 2130.7392 2129.9589 2145.5649 2159.3502 2430.3744 
2044 2037 2123.4564 2128.9185 2125.5372 2125.017 2127.0978 2127.0978 2125.7973 2125.5372 2127.618 2131.2594 2120.8554 2144.5245 2153.8881 2425.6926 
2044 2037 2121.1155 2128.6584 2126.0574 2126.0574 2125.2771 2123.9766 2124.4968 2124.7569 2127.8781 2129.9589 2120.0751 2144.5245 2152.5876 2430.6345 
2045 2037 2120.0751 2129.1786 2125.7973 2125.5372 2127.3579 2125.017 2124.2367 2125.2771 2127.8781 2129.4387 2121.1155 2140.1028 2150.2467 2424.6522 
2044 2036 2122.1559 2128.1382 2128.1382 2125.7973 2124.2367 2125.5372 2123.7165 2124.7569 2127.618 2130.7392 2122.416 2143.4841 2150.7669 2421.2709 
2044 2037 2125.017 2128.3983 2127.8781 2125.5372 2122.9362 2124.7569 2123.1963 2126.5776 2126.5776 2130.219 2125.2771 2145.0447 2151.8073 2423.3517 
2043 2036 2130.9993 2125.5372 2126.8377 2126.3175 2123.7165 2124.2367 2120.0751 2126.0574 2126.8377 2129.9589 2134.3806 2147.9058 2154.6684 2432.1951 
2044 2038 2125.2771 2127.618 2126.8377 2126.3175 2124.7569 2124.7569 2123.9766 2126.3175 2127.618 2128.6584 2127.0978 2140.3629 2153.1078 2429.5941 
2044 2039 2127.8781 2126.8377 2127.8781 2127.618 2121.3756 2121.1155 2121.8958 2125.7973 2128.3983 2127.8781 2129.9589 2150.7669 2158.3098 2438.1774 
2044 2038 2127.8781 2127.618 2126.8377 2125.7973 2125.017 2126.0574 2126.0574 2127.3579 2128.3983 2128.6584 2128.6584 2146.3452 2153.628 2435.3163 
2045 2037 2130.4791 2126.5776 2128.6584 2126.5776 2123.9766 2125.2771 2126.3175 2125.7973 2128.3983 2131.2594 2128.1382 2139.8427 2152.8477 2440.5183 
2044 2038 2125.017 2129.6988 2127.0978 2126.5776 2127.0978 2125.5372 2130.4791 2126.8377 2128.6584 2130.4791 2124.4968 2135.1609 2153.3679 2437.3971 
2045 2037 2129.6988 2125.5372 2124.4968 2125.5372 2128.6584 2128.3983 2128.3983 2126.0574 2128.1382 2128.9185 2135.421 2154.4083 2158.0497 2438.4375 
2044 2036 2125.5372 2126.0574 2124.4968 2124.4968 2128.9185 2131.7796 2129.6988 2125.017 2127.618 2128.3983 2129.1786 2151.2871 2155.7088 2429.334 
2044 2037 2123.9766 2126.5776 2127.3579 2125.5372 2125.017 2125.017 2123.9766 2124.4968 2127.8781 2129.6988 2124.2367 2143.224 2159.6103 2437.9173 
2044 2038 2121.3756 2128.1382 2126.3175 2124.7569 2126.3175 2125.5372 2123.9766 2127.3579 2127.3579 2129.9589 2123.1963 2139.0624 2156.229 2431.1547 
2045 2038 2124.4968 2127.618 2126.8377 2125.2771 2125.017 2126.5776 2123.7165 2125.7973 2126.8377 2129.1786 2125.5372 2148.1659 2153.628 2428.5537 
2044 2037 2123.1963 2129.1786 2128.1382 2125.7973 2125.2771 2125.017 2124.7569 2125.7973 2128.6584 2128.6584 2122.9362 2144.7846 2152.8477 2426.733 
2044 2038 2125.7973 2128.6584 2128.3983 2126.3175 2125.5372 2123.1963 2122.416 2126.5776 2129.6988 2130.219 2124.4968 2141.6634 2152.0674 2426.2128 
2044 2038 2126.3175 2129.1786 2128.3983 2126.8377 2126.3175 2125.7973 2123.1963 2126.8377 2127.8781 2130.7392 2124.7569 2141.9235 2150.7669 2422.5714 
2044 2037 2126.3175 2129.4387 2127.618 2126.0574 2125.017 2126.5776 2124.4968 2129.4387 2126.5776 2128.9185 2126.0574 2145.5649 2152.5876 2426.2128 
2044 2038 2128.3983 2125.7973 2127.0978 2126.3175 2123.7165 2123.9766 2123.7165 2129.6988 2127.0978 2129.1786 2130.7392 2146.3452 2153.8881 2432.4552 
2046 2037 2127.8781 2126.0574 2127.3579 2126.8377 2124.7569 2124.7569 2126.3175 2127.0978 2127.3579 2129.1786 2128.9185 2141.4033 2154.4083 2435.3163 
2045 2037 2130.219 2125.7973 2128.3983 2127.0978 2123.7165 2124.7569 2125.5372 2126.3175 2127.618 2128.6584 2130.9993 2151.027 2160.3906 2444.6799 
2045 2037 2130.219 2127.0978 2126.8377 2124.7569 2125.2771 2126.5776 2126.8377 2128.3983 2127.8781 2129.9589 2131.5195 2153.3679 2157.5295 2439.9981 
2044 2038 2133.3402 2124.4968 2127.8781 2125.2771 2124.7569 2125.7973 2125.7973 2126.0574 2127.618 2131.5195 2135.6811 2152.5876 2155.4487 2438.4375 
2044 2036 2128.1382 2126.3175 2127.0978 2124.2367 2128.3983 2127.0978 2127.8781 2126.5776 2127.618 2128.9185 2130.9993 2142.7038 2155.9689 2437.3971 
2044 2036 2130.7392 2124.4968 2126.0574 2124.4968 2128.3983 2125.5372 2122.9362 2127.0978 2128.3983 2129.4387 2134.6407 2148.9462 2160.9108 2439.2178 
2044 2038 2123.4564 2126.8377 2125.017 2125.017 2129.6988 2128.9185 2125.7973 2127.0978 2127.3579 2131.2594 2125.2771 2144.2644 2154.1482 2424.9123 
2044 2039 2122.1559 2127.618 2126.8377 2125.7973 2126.3175 2126.0574 2124.4968 2124.7569 2126.5776 2129.4387 2122.6761 2146.8654 2154.6684 2431.6749 
2045 2037 2118.7746 2129.9589 2126.0574 2124.7569 2129.1786 2127.0978 2126.5776 2126.3175 2127.618 2127.618 2118.5145 2139.8427 2150.5068 2426.9931 
2043 2037 2121.8958 2127.3579 2127.618 2126.5776 2125.7973 2125.017 2124.2367 2125.2771 2128.9185 2130.219 2121.8958 2143.4841 2149.2063 2426.2128 
2046 2037 2120.8554 2127.618 2128.1382 2127.0978 2123.4564 2123.7165 2124.7569 2125.5372 2128.3983 2131.5195 2121.6357 2141.1432 2148.6861 2421.7911 
2044 2038 2129.1786 2125.017 2126.5776 2126.0574 2123.4564 2122.9362 2119.815 2126.3175 2127.8781 2130.219 2129.9589 2147.1255 2153.3679 2430.1143 
2045 2039 2128.1382 2126.0574 2126.0574 2125.5372 2126.0574 2125.5372 2122.416 2128.1382 2128.3983 2128.3983 2127.618 2142.4437 2151.5472 2428.5537 
2045 2038 2127.3579 2126.8377 2128.1382 2127.618 2122.1559 2120.8554 2122.416 2127.8781 2127.618 2129.1786 2128.1382 2148.1659 2155.1886 2434.7961 
2045 2037 2127.8781 2127.618 2127.8781 2127.618 2122.416 2122.1559 2122.9362 2127.8781 2127.0978 2130.9993 2132.5599 2154.1482 2157.2694 2438.4375 
2044 2036 2131.2594 2126.0574 2128.1382 2126.5776 2125.5372 2127.0978 2126.0574 2128.1382 2127.8781 2130.4791 2131.2594 2149.2063 2155.4487 2442.0789 
2044 2038 2128.6584 2126.5776 2128.6584 2126.5776 2125.5372 2125.017 2128.9185 2127.8781 2129.1786 2128.6584 2125.7973 2140.623 2155.4487 2443.1193 
2045 2037 2126.3175 2127.8781 2126.0574 2124.4968 2126.3175 2126.3175 2127.8781 2128.3983 2129.4387 2129.4387 2128.6584 2146.6053 2155.9689 2440.5183 
2044 2037 2128.6584 2126.3175 2125.5372 2123.7165 2127.618 2129.9589 2125.2771 2126.8377 2127.8781 2131.5195 2134.3806 2157.2694 2155.4487 2435.3163 
2045 2036 2125.7973 2126.8377 2125.2771 2124.4968 2127.618 2127.618 2125.2771 2125.7973 2126.8377 2130.4791 2126.3175 2146.3452 2157.0093 2432.1951 
2044 2037 2125.5372 2126.8377 2125.5372 2125.2771 2125.7973 2124.7569 2122.1559 2126.0574 2128.6584 2129.6988 2125.017 2142.4437 2161.9512 2435.8365 
2045 2037 2121.6357 2131.5195 2126.3175 2124.7569 2127.3579 2128.1382 2124.7569 2127.0978 2129.6988 2129.4387 2120.5953 2141.6634 2154.6684 2427.7734 
2044 2037 2125.2771 2129.1786 2128.1382 2127.3579 2123.7165 2122.9362 2121.8958 2125.2771 2128.9185 2130.219 2123.7165 2148.9462 2153.1078 2431.6749 
2045 2037 2125.017 2128.3983 2126.3175 2125.7973 2124.4968 2123.1963 2121.8958 2126.3175 2128.9185 2130.4791 2122.416 2140.1028 2151.5472 2426.2128 
2044 2037 2127.3579 2127.3579 2127.618 2125.7973 2124.2367 2124.7569 2121.6357 2125.017 2128.6584 2130.4791 2125.7973 2141.9235 2152.8477 2426.733 
2044 2037 2121.8958 2129.9589 2128.1382 2126.3175 2125.7973 2126.0574 2127.3579 2127.0978 2127.3579 2128.9185 2121.1155 2140.8831 2148.6861 2422.0512 
2044 2038 2127.8781 2127.8781 2126.5776 2125.7973 2124.7569 2124.4968 2122.1559 2128.9185 2127.618 2128.9185 2130.219 2150.2467 2152.8477 2432.4552 
2043 2037 2126.5776 2129.1786 2125.5372 2124.7569 2128.1382 2126.8377 2123.9766 2128.9185 2127.618 2129.6988 2128.3983 2140.8831 2152.0674 2431.935 
2045 2036 2127.0978 2126.5776 2127.8781 2127.8781 2123.4564 2121.8958 2125.7973 2125.5372 2127.8781 2129.4387 2126.8377 2144.0043 2157.5295 2441.8188 
2043 2037 2127.3579 2126.0574 2126.5776 2126.8377 2124.2367 2124.7569 2128.3983 2126.3175 2129.1786 2128.9185 2127.8781 2149.9866 2157.7896 2440.2582 
2044 2036 2130.4791 2127.3579 2127.3579 2123.7165 2127.0978 2124.7569 2127.0978 2125.2771 2127.0978 2130.219 2131.7796 2147.6457 2156.4891 2434.7961 
2043 2037 2128.6584 2126.0574 2126.3175 2124.2367 2126.5776 2127.618 2124.4968 2127.0978 2126.8377 2128.3983 2132.0397 2147.1255 2159.8704 2438.4375 
2042 2036 2128.1382 2125.2771 2125.2771 2125.2771 2128.9185 2129.6988 2123.7165 2127.0978 2127.8781 2128.9185 2132.0397 2148.1659 2158.3098 2429.5941 
2044 2037 2123.1963 2127.618 2125.7973 2125.2771 2128.1382 2126.3175 2124.2367 2125.5372 2128.1382 2130.9993 2123.4564 2147.1255 2154.9285 2428.2936 
2045 2038 2120.5953 2128.9185 2126.8377 2124.2367 2126.8377 2126.8377 2123.9766 2124.7569 2127.8781 2130.219 2120.5953 2145.825 2154.6684 2432.4552 
2045 2039 2122.6761 2129.4387 2126.5776 2124.4968 2128.1382 2126.5776 2126.0574 2126.3175 2126.8377 2129.6988 2121.6357 2141.4033 2152.0674 2425.6926 
2044 2038 2125.7973 2128.3983 2126.8377 2127.3579 2125.5372 2121.8958 2124.2367 2126.0574 2128.3983 2130.219 2123.7165 2142.9639 2151.5472 2422.8315 
2045 2037 2124.4968 2128.1382 2126.3175 2126.8377 2124.7569 2125.7973 2121.8958 2126.5776 2129.9589 2129.6988 2124.2367 2143.224 2149.4664 2424.132 
2045 2038 2129.6988 2123.9766 2127.8781 2127.0978 2124.7569 2123.7165 2119.0347 2127.0978 2129.6988 2130.7392 2132.2998 2148.9462 2151.8073 2432.4552 
2043 2037 2127.3579 2126.3175 2127.8781 2127.0978 2125.017 2122.416 2124.2367 2128.3983 2129.1786 2129.9589 2128.1382 2143.7442 2154.9285 2431.1547 
2045 2036 2130.4791 2126.5776 2127.8781 2127.3579 2121.3756 2123.4564 2121.8958 2126.3175 2128.3983 2129.4387 2131.7796 2155.1886 2161.9512 2441.2986 
2044 2036 2127.618 2127.618 2127.3579 2125.5372 2125.2771 2127.0978 2125.5372 2126.8377 2126.5776 2129.1786 2129.4387 2149.2063 2155.9689 2438.9577 
2045 2035 2129.1786 2124.7569 2128.9185 2127.0978 2124.2367 2125.017 2125.7973 2126.5776 2127.0978 2129.9589 2128.6584 2140.3629 2154.9285 2442.339 
2045 2037 2124.4968 2126.5776 2126.0574 2126.3175 2126.8377 2128.9185 2129.4387 2127.3579 2128.1382 2130.219 2122.416 2135.6811 2154.1482 2437.137 
2045 2037 2128.9185 2124.7569 2123.7165 2125.2771 2128.1382 2126.5776 2128.1382 2126.0574 2127.8781 2131.7796 2131.7796 2155.9689 2157.5295 2437.9173 
2046 2037 2125.2771 2127.0978 2124.4968 2124.4968 2129.4387 2125.7973 2129.9589 2126.3175 2127.3579 2130.9993 2128.3983 2150.2467 2155.4487 2429.334 
2045 2038 2125.017 2126.8377 2126.8377 2125.5372 2125.7973 2126.3175 2124.2367 2124.7569 2127.618 2128.3983 2125.2771 2142.4437 2160.3906 2437.137 
2044 2037 2121.6357 2128.1382 2125.2771 2124.7569 2127.8781 2127.8781 2124.7569 2126.5776 2127.3579 2128.3983 2121.8958 2140.3629 2157.2694 2430.3744 
2044 2037 2124.7569 2126.0574 2125.7973 2125.7973 2125.5372 2123.9766 2124.7569 2126.8377 2128.1382 2130.4791 2125.5372 2148.9462 2154.4083 2427.2532 
2044 2036 2125.7973 2126.5776 2127.8781 2126.8377 2123.9766 2124.2367 2123.1963 2126.8377 2127.3579 2130.7392 2127.0978 2144.5245 2152.5876 2424.9123 
2044 2037 2126.8377 2127.0978 2127.8781 2125.7973 2125.017 2125.7973 2120.8554 2126.5776 2127.3579 2129.4387 2127.0978 2141.9235 2151.5472 2424.9123 
2044 2037 2123.9766 2127.0978 2126.8377 2125.2771 2124.7569 2126.5776 2124.7569 2126.0574 2128.1382 2129.4387 2123.9766 2142.4437 2150.7669 2422.5714 
2042 2038 2125.017 2126.8377 2126.8377 2125.017 2122.9362 2125.2771 2125.7973 2128.3983 2127.8781 2129.1786 2126.3175 2146.0851 2152.5876 2426.4729 
2045 2037 2129.1786 2125.7973 2127.618 2125.7973 2125.017 2126.0574 2123.7165 2129.6988 2128.1382 2128.9185 2132.5599 2145.825 2154.6684 2433.2355 
2045 2036 2126.5776 2127.8781 2127.618 2126.3175 2127.0978 2128.3983 2127.0978 2128.1382 2129.1786 2129.6988 2126.8377 2139.8427 2154.6684 2436.8769 
2044 2038 2127.0978 2126.8377 2128.3983 2127.8781 2123.4564 2122.9362 2126.5776 2125.7973 2128.9185 2130.219 2127.3579 2149.9866 2158.3098 2446.7607 
2044 2038 2130.219 2126.5776 2127.3579 2125.7973 2126.0574 2125.017 2128.1382 2127.3579 2127.3579 2130.4791 2130.9993 2153.3679 2156.4891 2441.2986 
2045 2037 2135.6811 2124.2367 2127.3579 2125.017 2126.8377 2128.6584 2126.5776 2125.7973 2128.3983 2131.2594 2135.6811 2151.5472 2155.9689 2437.3971 
2043 2038 2128.1382 2127.618 2126.0574 2125.2771 2128.1382 2128.6584 2127.8781 2126.0574 2129.6988 2130.4791 2130.219 2141.6634 2155.1886 2435.3163 
2046 2038 2129.9589 2126.8377 2127.0978 2126.0574 2127.8781 2126.0574 2125.017 2126.3175 2128.9185 2130.7392 2135.9412 2151.027 2160.1305 2438.1774 
2044 2039 2124.4968 2128.9185 2126.0574 2125.017 2129.6988 2130.219 2128.6584 2127.618 2127.618 2130.7392 2126.3175 2145.5649 2154.6684 2424.3921 
2045 2037 2121.8958 2127.8781 2125.7973 2126.5776 2125.7973 2125.2771 2123.9766 2125.7973 2128.1382 2129.9589 2120.5953 2145.825 2154.9285 2432.1951 
2046 2037 2119.0347 2129.4387 2125.7973 2126.5776 2127.3579 2125.2771 2123.9766 2126.5776 2128.3983 2129.1786 2117.4741 2140.3629 2151.2871 2428.0335 
2045 2037 2125.2771 2128.3983 2126.8377 2127.3579 2125.5372 2125.5372 2124.7569 2126.0574 2128.1382 2129.6988 2123.9766 2145.5649 2151.2871 2425.4325 
2045 2037 2122.416 2128.9185 2125.7973 2126.5776 2124.4968 2125.5372 2127.3579 2127.8781 2127.618 2128.9185 2122.6761 2141.4033 2150.2467 2420.7507 
2045 2037 2127.3579 2125.5372 2126.0574 2125.5372 2124.2367 2123.7165 2120.5953 2127.618 2127.618 2129.9589 2129.1786 2146.6053 2152.8477 2431.4148 
2045 2037 2127.618 2126.8377 2126.3175 2125.5372 2126.3175 2126.5776 2121.6357 2128.3983 2127.618 2130.9993 2128.6584 2143.7442 2151.5472 2429.8542 
2044 2038 2127.618 2127.3579 2127.3579 2127.618 2121.8958 2123.7165 2122.6761 2128.9185 2128.1382 2128.9185 2129.4387 2147.9058 2156.7492 2433.2355 
2044 2037 2126.5776 2127.3579 2127.8781 2127.0978 2122.416 2123.4564 2124.2367 2128.9185 2127.618 2128.1382 2130.9993 2151.8073 2158.3098 2437.6572 
2045 2038 2128.9185 2126.0574 2127.8781 2125.7973 2126.0574 2126.0574 2125.2771 2127.3579 2128.1382 2130.4791 2129.4387 2145.3048 2155.4487 2443.1193 
2046 2038 2127.3579 2126.0574 2128.1382 2127.3579 2126.5776 2125.7973 2126.8377 2126.8377 2129.1786 2130.4791 2125.7973 2135.9412 2155.7088 2441.2986 
2045 2037 2126.3175 2127.3579 2125.7973 2125.5372 2128.6584 2126.3175 2128.1382 2126.8377 2128.1382 2129.9589 2129.6988 2144.2644 2156.4891 2436.8769 
2045 2036 2129.6988 2126.8377 2124.4968 2123.7165 2130.4791 2127.0978 2128.3983 2125.017 2128.1382 2131.5195 2135.1609 2156.4891 2156.229 2434.0158 
2044 2038 2124.7569 2127.3579 2125.017 2125.2771 2128.6584 2127.618 2128.1382 2126.0574 2129.4387 2130.219 2124.7569 2145.3048 2157.5295 2432.1951 
2044 2036 2123.1963 2125.7973 2127.0978 2126.8377 2125.017 2124.7569 2122.6761 2126.3175 2129.4387 2128.1382 2123.4564 2141.9235 2161.6911 2435.5764 
2044 2037 2121.3756 2128.3983 2126.5776 2125.017 2128.3983 2125.017 2125.5372 2125.7973 2127.618 2129.4387 2123.4564 2142.7038 2153.8881 2426.4729 
2043 2037 2126.5776 2127.618 2127.618 2126.8377 2126.0574 2122.9362 2124.4968 2125.017 2127.8781 2130.9993 2127.3579 2149.2063 2154.4083 2429.8542 
2043 2038 2124.4968 2128.6584 2126.5776 2127.0978 2125.017 2125.5372 2125.2771 2127.618 2128.6584 2129.4387 2122.416 2141.1432 2153.1078 2425.4325 
2044 2037 2126.5776 2126.8377 2127.0978 2126.8377 2124.2367 2125.7973 2122.416 2126.5776 2127.8781 2130.9993 2125.2771 2145.0447 2152.5876 2428.0335 
2044 2038 2122.9362 2129.6988 2127.3579 2125.5372 2126.8377 2127.0978 2125.5372 2127.0978 2126.8377 2130.9993 2124.2367 2143.224 2149.7265 2423.8719 
2045 2036 2128.1382 2127.0978 2127.0978 2125.5372 2123.4564 2123.4564 2123.1963 2128.9185 2126.8377 2129.1786 2131.2594 2149.2063 2154.1482 2432.7153 
2045 2037 2127.0978 2127.3579 2126.3175 2125.7973 2125.7973 2126.3175 2127.618 2129.6988 2128.1382 2129.6988 2127.0978 2140.1028 2152.3275 2431.4148 
2043 2038 2128.9185 2126.5776 2128.1382 2127.8781 2124.4968 2124.4968 2125.7973 2125.7973 2128.6584 2129.9589 2129.6988 2146.8654 2157.7896 2442.8592 
2045 2037 2126.3175 2127.3579 2126.8377 2125.7973 2125.5372 2124.7569 2125.7973 2125.2771 2127.3579 2127.8781 2130.9993 2152.0674 2159.0901 2441.2986 
2045 2039 2131.7796 2125.2771 2125.7973 2124.7569 2126.0574 2126.3175 2126.5776 2125.5372 2126.8377 2128.6584 2134.3806 2156.7492 2158.3098 2439.9981 
2044 2039 2130.219 2126.8377 2126.0574 2125.7973 2127.8781 2128.3983 2129.1786 2126.3175 2126.8377 2130.7392 2129.9589 2146.6053 2156.229 2436.6168 
2045 2038 2130.4791 2126.8377 2126.0574 2126.3175 2126.3175 2125.2771 2125.2771 2126.5776 2127.3579 2131.2594 2132.2998 2145.0447 2160.1305 2437.9173 
2044 2038 2127.8781 2126.0574 2125.7973 2125.7973 2127.3579 2126.5776 2125.5372 2126.8377 2127.0978 2130.7392 2130.7392 2148.9462 2158.0497 2428.5537 
2044 2038 2122.6761 2127.3579 2126.3175 2125.2771 2128.3983 2128.3983 2126.3175 2127.0978 2127.0978 2129.4387 2122.6761 2149.7265 2155.1886 2430.6345 
2045 2037 2119.815 2128.1382 2126.8377 2124.7569 2128.1382 2125.5372 2123.9766 2127.618 2128.1382 2128.6584 2120.5953 2143.4841 2154.4083 2433.4956 
2044 2038 2120.0751 2129.4387 2126.8377 2124.7569 2128.3983 2127.0978 2125.017 2127.3579 2128.1382 2130.219 2120.5953 2138.022 2149.7265 2423.0916 
2045 2038 2123.4564 2128.6584 2128.6584 2126.0574 2124.2367 2126.5776 2123.4564 2125.017 2127.8781 2130.219 2125.017 2145.5649 2149.9866 2423.3517 
2045 2037 2125.2771 2128.9185 2127.618 2125.5372 2123.4564 2122.1559 2122.1559 2127.0978 2128.9185 2128.1382 2126.8377 2145.825 2151.5472 2425.6926 
2047 2038 2130.9993 2126.8377 2127.3579 2126.5776 2123.9766 2122.6761 2120.0751 2128.3983 2129.4387 2130.7392 2131.5195 2147.6457 2153.8881 2431.1547 
2043 2038 2126.3175 2127.0978 2126.8377 2126.5776 2125.017 2128.3983 2124.4968 2128.6584 2127.618 2132.2998 2126.0574 2142.1836 2152.0674 2428.0335 
2043 2038 2127.8781 2124.2367 2127.8781 2126.5776 2120.5953 2121.6357 2121.6357 2128.1382 2126.8377 2130.4791 2133.6003 2152.3275 2158.3098 2437.6572 
2044 2038 2126.0574 2127.618 2127.0978 2124.7569 2125.017 2123.7165 2127.0978 2128.6584 2127.3579 2128.6584 2131.2594 2146.6053 2154.6684 2436.6168 
2042 2038 2128.1382 2126.8377 2128.3983 2126.0574 2126.0574 2127.0978 2128.3983 2124.7569 2128.1382 2129.4387 2127.3579 2140.8831 2154.9285 2441.5587 
2045 2037 2123.4564 2127.3579 2126.8377 2125.7973 2128.6584 2126.8377 2130.7392 2125.7973 2127.8781 2129.1786 2123.7165 2137.5018 2155.1886 2436.8769 
2044 2038 2128.9185 2125.017 2126.5776 2124.4968 2128.9185 2124.7569 2127.8781 2126.5776 2127.618 2129.1786 2135.421 2155.7088 2158.5699 2438.9577 
2044 2038 2124.7569 2127.8781 2126.3175 2123.7165 2130.4791 2129.1786 2128.6584 2127.0978 2127.3579 2129.6988 2129.9589 2149.4664 2155.4487 2430.3744 
2044 2038 2123.7165 2127.0978 2126.0574 2126.0574 2127.3579 2123.4564 2123.7165 2126.0574 2127.3579 2129.4387 2125.7973 2143.224 2159.6103 2437.137 
2044 2038 2121.6357 2127.8781 2126.3175 2126.0574 2128.9185 2123.7165 2125.5372 2126.5776 2127.618 2128.3983 2122.1559 2139.8427 2156.4891 2429.8542 
2044 2038 2123.9766 2128.1382 2128.1382 2125.5372 2126.3175 2125.5372 2123.9766 2125.2771 2127.3579 2129.4387 2124.4968 2146.0851 2153.3679 2428.0335 
2044 2037 2122.416 2129.4387 2126.8377 2125.2771 2123.9766 2125.017 2121.8958 2126.0574 2126.8377 2131.2594 2125.5372 2143.7442 2152.3275 2427.5133 
2045 2039 2125.017 2128.3983 2126.5776 2125.7973 2124.4968 2124.4968 2120.8554 2126.0574 2127.618 2130.219 2126.8377 2143.224 2152.3275 2426.4729 
2045 2039 2124.2367 2127.3579 2129.6988 2126.5776 2126.3175 2126.5776 2124.7569 2127.3579 2128.9185 2127.8781 2124.4968 2142.9639 2151.8073 2420.7507 
2043 2038 2125.5372 2127.0978 2128.6584 2126.3175 2125.5372 2125.5372 2124.4968 2130.219 2128.9185 2128.3983 2127.3579 2146.6053 2152.5876 2426.2128 
2044 2037 2128.9185 2125.2771 2126.0574 2125.5372 2125.7973 2124.2367 2121.8958 2128.3983 2127.8781 2130.219 2132.5599 2146.6053 2152.5876 2434.0158 
2044 2037 2126.5776 2126.3175 2127.0978 2126.0574 2127.3579 2125.2771 2126.0574 2125.7973 2127.3579 2129.1786 2126.0574 2140.1028 2153.1078 2434.7961 
2044 2037 2127.8781 2126.0574 2128.9185 2128.3983 2123.9766 2124.2367 2126.5776 2126.5776 2128.3983 2127.3579 2128.6584 2150.5068 2160.1305 2443.1193 
2044 2038 2130.9993 2126.8377 2127.0978 2126.5776 2125.017 2126.5776 2127.3579 2127.8781 2127.8781 2128.3983 2133.0801 2152.8477 2157.2694 2439.738 
2046 2039 2135.421 2125.017 2127.618 2125.2771 2126.5776 2125.2771 2125.2771 2125.2771 2127.0978 2131.2594 2135.421 2151.027 2155.7088 2438.1774 
2044 2037 2128.3983 2127.618 2126.5776 2124.7569 2129.4387 2127.618 2127.8781 2126.5776 2127.618 2130.219 2128.6584 2142.7038 2157.2694 2436.6168 
2044 2037 2130.4791 2126.0574 2126.0574 2125.2771 2126.8377 2127.3579 2124.7569 2126.8377 2127.8781 2129.1786 2135.421 2150.2467 2162.7315 2439.2178 
2044 2036 2123.4564 2129.4387 2125.7973 2123.7165 2128.9185 2127.8781 2126.8377 2127.0978 2126.5776 2129.9589 2125.5372 2144.0043 2154.6684 2425.1724 
2043 2036 2121.3756 2129.1786 2126.8377 2125.2771 2127.0978 2124.7569 2122.6761 2126.0574 2126.8377 2130.4791 2120.5953 2146.8654 2154.1482 2432.4552 
2043 2037 2117.7342 2130.219 2124.7569 2125.2771 2128.1382 2127.0978 2124.7569 2127.618 2127.0978 2129.1786 2119.0347 2139.5826 2150.7669 2425.4325 
2044 2038 2122.6761 2128.1382 2125.5372 2127.0978 2125.017 2123.9766 2123.4564 2126.8377 2126.8377 2130.219 2124.7569 2144.2644 2149.7265 2422.8315 
2045 2037 2122.1559 2128.9185 2127.3579 2127.8781 2124.7569 2123.4564 2123.7165 2128.1382 2127.618 2130.7392 2123.9766 2144.2644 2148.426 2420.2305 
2045 2038 2128.9185 2125.2771 2127.0978 2126.8377 2123.7165 2121.8958 2119.0347 2127.8781 2128.1382 2128.9185 2132.0397 2148.6861 2152.5876 2430.3744 
2045 2037 2128.9185 2124.2367 2125.7973 2125.5372 2125.5372 2123.7165 2122.6761 2127.8781 2127.618 2127.8781 2130.7392 2141.4033 2152.0674 2430.3744 
2045 2037 2128.9185 2125.7973 2127.618 2128.1382 2122.416 2123.4564 2123.1963 2126.5776 2127.3579 2130.4791 2128.9185 2146.3452 2157.2694 2436.0966 
2045 2038 2127.0978 2127.618 2128.3983 2127.618 2122.9362 2125.017 2123.9766 2125.7973 2127.0978 2131.2594 2129.9589 2151.2871 2158.83 2437.137 
2044 2038 2127.618 2126.3175 2127.3579 2124.4968 2126.0574 2125.7973 2126.5776 2126.5776 2127.618 2129.6988 2129.4387 2144.5245 2155.1886 2439.2178 
2044 2038 2127.3579 2126.3175 2126.8377 2125.5372 2127.8781 2126.5776 2127.8781 2127.3579 2127.8781 2129.6988 2126.5776 2135.6811 2154.1482 2440.7784 
2045 2038 2126.3175 2127.8781 2125.5372 2124.2367 2129.6988 2129.1786 2128.6584 2125.017 2127.8781 2129.9589 2129.1786 2143.224 2156.229 2437.6572 
2045 2038 2126.8377 2126.3175 2124.4968 2123.1963 2129.9589 2127.8781 2127.3579 2123.7165 2128.1382 2130.219 2132.82 2154.4083 2157.0093 2430.1143 
2045 2038 2124.2367 2127.0978 2123.9766 2125.5372 2128.9185 2126.0574 2126.3175 2125.7973 2127.3579 2130.219 2125.2771 2144.7846 2156.229 2429.334 
2044 2036 2125.7973 2126.5776 2125.7973 2127.3579 2125.7973 2125.017 2122.9362 2125.7973 2127.0978 2129.9589 2125.5372 2142.4437 2159.3502 2437.3971 
2044 2037 2121.6357 2128.9185 2126.8377 2124.7569 2126.5776 2125.7973 2125.5372 2126.0574 2127.3579 2128.9185 2120.5953 2141.4033 2154.1482 2427.5133 
2046 2037 2124.2367 2127.3579 2127.3579 2126.5776 2123.1963 2122.1559 2121.8958 2124.7569 2128.1382 2130.219 2123.4564 2147.6457 2155.1886 2428.2936 
2045 2036 2124.7569 2128.6584 2126.3175 2126.8377 2124.7569 2125.017 2122.6761 2126.3175 2128.3983 2130.9993 2125.2771 2142.1836 2152.5876 2425.6926 
2045 2037 2128.6584 2127.3579 2127.618 2126.3175 2124.7569 2125.017 2122.1559 2125.2771 2127.3579 2131.5195 2129.9589 2146.0851 2151.8073 2427.5133 
2045 2038 2123.1963 2130.219 2126.8377 2125.7973 2126.0574 2126.3175 2125.5372 2126.5776 2125.5372 2129.9589 2122.6761 2141.6634 2149.4664 2422.0512 
2044 2037 2127.8781 2127.3579 2126.0574 2126.8377 2123.9766 2124.7569 2121.8958 2127.8781 2126.3175 2129.9589 2128.9185 2149.2063 2154.6684 2434.7961 
2043 2036 2126.5776 2126.5776 2125.017 2125.2771 2126.0574 2125.5372 2126.0574 2128.3983 2127.8781 2130.9993 2128.6584 2141.1432 2152.3275 2432.7153 
2044 2037 2128.9185 2125.017 2127.8781 2126.8377 2122.9362 2122.416 2125.7973 2125.7973 2127.618 2129.9589 2129.4387 2146.3452 2156.229 2439.2178 
2044 2037 2128.1382 2127.0978 2127.3579 2125.7973 2124.4968 2126.8377 2127.3579 2127.618 2127.618 2128.9185 2128.6584 2151.5472 2158.3098 2440.7784 
2045 2037 2133.3402 2125.2771 2126.0574 2123.7165 2126.5776 2127.618 2127.0978 2127.3579 2128.3983 2130.7392 2135.1609 2154.9285 2158.0497 2439.9981 
2044 2037 2129.1786 2126.0574 2125.7973 2124.7569 2128.6584 2126.5776 2128.9185 2125.7973 2127.618 2130.219 2131.7796 2144.0043 2154.6684 2432.9754 
2043 2037 2129.4387 2126.0574 2127.0978 2125.2771 2127.3579 2126.3175 2124.4968 2126.5776 2126.8377 2128.9185 2130.9993 2146.8654 2159.6103 2439.738 
2043 2038 2128.3983 2126.3175 2127.618 2124.4968 2127.0978 2128.1382 2125.017 2128.1382 2127.618 2130.219 2129.4387 2149.4664 2159.8704 2431.935 
2044 2037 2122.6761 2128.6584 2125.7973 2125.5372 2126.5776 2126.0574 2126.5776 2126.0574 2127.618 2130.7392 2122.9362 2145.0447 2154.6684 2425.9527 
2045 2037 2120.5953 2129.6988 2125.017 2126.0574 2126.8377 2123.7165 2123.9766 2125.7973 2127.0978 2129.1786 2120.8554 2142.7038 2153.628 2429.8542 
2044 2039 2122.9362 2129.6988 2126.3175 2124.7569 2126.8377 2125.7973 2124.4968 2127.0978 2127.3579 2128.9185 2120.8554 2141.6634 2150.5068 2425.9527 
2044 2038 2125.7973 2127.8781 2128.3983 2126.8377 2123.4564 2123.7165 2124.2367 2124.7569 2127.8781 2129.1786 2123.7165 2146.0851 2150.2467 2423.6118 
2044 2038 2124.7569 2128.6584 2126.3175 2126.8377 2123.9766 2123.1963 2122.9362 2126.3175 2127.8781 2129.1786 2125.017 2145.3048 2152.0674 2425.4325 
2044 2038 2129.9589 2126.5776 2126.0574 2125.2771 2123.9766 2124.2367 2120.5953 2127.3579 2127.3579 2129.9589 2134.1205 2149.7265 2154.6684 2434.0158 
2044 2037 2127.0978 2127.3579 2126.8377 2125.017 2124.7569 2125.7973 2125.5372 2127.3579 2126.5776 2129.6988 2129.9589 2144.2644 2153.1078 2431.1547 
