907.749 939.7413 1065.3696 926.4762 999.3042 934.0191 920.4939 991.7613 940.2615 990.7209 1119.7305 1151.7228 994.1022 981.8775 
908.5293 943.9029 1065.1095 925.6959 1003.986 938.1807 923.0949 992.5416 940.2615 991.7613 1117.9098 1150.4223 992.0214 979.0164 
911.6505 943.6428 1065.1095 928.557 1006.0668 939.7413 923.0949 992.0214 941.562 994.3623 1121.8113 1155.8844 997.7436 984.9987 
911.9106 943.9029 1064.5893 929.0772 1008.1476 942.3423 927.5166 993.3219 943.9029 995.1426 1123.3719 1161.6066 1000.0845 992.8017 
916.0722 944.4231 1065.6297 930.3777 1007.6274 941.3019 925.956 995.4027 945.7236 996.183 1126.233 1165.7682 1002.9456 1000.3446 
916.3323 948.8448 1065.1095 932.1984 1010.4885 943.6428 926.4762 998.0037 947.0241 998.0037 1124.1522 1163.1672 1004.7663 1001.6451 
915.552 949.1049 1067.1903 934.0191 1010.2284 945.2034 926.7363 996.4431 949.365 998.784 1125.9729 1162.647 1006.0668 1002.4254 
915.552 951.7059 1068.7509 934.7994 1012.0491 946.764 930.6378 996.7032 949.6251 999.0441 1125.4527 1157.445 1002.6855 1000.3446 
918.153 955.6074 1068.2307 937.4004 1013.0895 947.2842 932.7186 998.5239 949.6251 1000.8648 1124.1522 1153.8036 1002.6855 995.9229 
920.754 956.6478 1069.2711 939.7413 1014.6501 950.4054 934.2792 999.0441 953.5266 1002.6855 1127.5335 1160.8263 1005.5466 997.7436 
920.754 956.3877 1070.8317 939.2211 1016.2107 951.1857 935.3196 1001.6451 956.9079 1001.9052 1128.5739 1160.046 1006.0668 992.2815 
919.4535 957.168 1072.6524 941.0418 1015.6905 949.365 936.6201 1005.5466 956.1276 1001.9052 1129.0941 1160.046 1005.8067 993.0618 
919.7136 959.5089 1072.3923 942.8625 1016.2107 952.7463 938.1807 1006.587 957.168 1004.5062 1127.7936 1163.1672 1006.0668 995.6628 
925.956 957.168 1073.6928 945.2034 1014.6501 952.7463 938.1807 1006.0668 958.7286 1007.1072 1132.4754 1173.051 1009.4481 1002.4254 
927.5166 958.7286 1072.3923 945.4635 1015.4304 953.5266 941.8221 1008.1476 957.4281 1006.587 1130.6547 1168.3692 1009.188 999.0441 
931.6782 958.9887 1074.213 948.8448 1016.7309 955.8675 942.6024 1008.1476 959.2488 1007.1072 1134.036 1170.9702 1011.5289 1004.2461 
934.7994 961.8498 1074.9933 947.8044 1023.7536 961.8498 950.9256 1009.9683 963.4104 1008.9279 1136.637 1174.8717 1012.8294 1005.8067 
942.3423 960.5493 1075.5135 948.0645 1022.9733 959.769 952.7463 1009.188 964.1907 1009.4481 1147.8213 1186.3161 1020.6324 1012.8294 
940.5216 964.971 1074.213 950.4054 1024.2738 961.5897 953.2665 1011.2688 963.4104 1008.9279 1144.7001 1180.3338 1021.1526 1009.4481 
941.0418 966.5316 1077.0741 954.567 1025.5743 963.4104 950.9256 1012.8294 966.7917 1011.789 1144.9602 1182.9348 1025.3142 1015.9506 
939.4812 968.8725 1077.0741 954.8271 1027.395 964.7109 953.5266 1014.6501 968.8725 1013.8698 1142.0991 1183.455 1025.3142 1021.1526 
938.961 968.6124 1077.5943 957.168 1024.2738 963.1503 950.6655 1012.0491 969.3927 1015.1703 1140.2784 1181.8944 1023.2334 1022.4531 
938.1807 972.5139 1077.8544 956.1276 1028.1753 969.3927 953.5266 1012.8294 971.2134 1015.9506 1137.4173 1175.9121 1017.5112 1017.2511 
946.2438 972.5139 1080.1953 957.4281 1027.9152 968.3523 953.5266 1013.8698 973.2942 1017.7713 1143.1395 1182.9348 1022.7132 1018.2915 
947.5443 975.6351 1080.7155 961.8498 1029.2157 967.0518 960.0291 1015.4304 973.5543 1018.8117 1143.3996 1187.8767 1026.3546 1021.6728 
949.6251 975.8952 1082.2761 963.9306 1029.996 970.4331 962.8902 1019.0718 973.8144 1020.8925 1147.3011 1188.3969 1029.2157 1024.0137 
952.7463 976.1553 1084.3569 963.6705 1031.2965 973.0341 964.1907 1021.4127 974.5947 1020.8925 1150.9425 1189.1772 1030.5162 1024.794 
954.3069 976.9356 1084.8771 964.7109 1031.8167 970.9533 965.4912 1021.4127 976.6755 1019.8521 1151.7228 1192.8186 1032.597 1023.2334 
954.0468 977.4558 1084.8771 964.971 1033.1172 972.774 969.1326 1022.4531 979.7967 1021.9329 1154.3238 1193.859 1032.8571 1024.0137 
953.7867 980.0568 1085.1372 965.2311 1035.4581 977.7159 971.9937 1023.7536 980.577 1024.2738 1154.0637 1188.3969 1030.2561 1022.4531 
956.9079 980.0568 1086.4377 969.6528 1035.7182 978.2361 972.774 1023.4935 980.0568 1024.2738 1158.2253 1197.5004 1033.6374 1028.9556 
958.9887 980.577 1085.6574 970.173 1037.5389 979.2765 973.2942 1024.794 982.1376 1024.2738 1159.2657 1201.4019 1036.4985 1030.2561 
963.4104 979.5366 1086.9579 970.173 1038.5793 977.976 971.7336 1025.0541 984.9987 1026.8748 1161.3465 1203.4827 1039.0995 1035.4581 
961.8498 984.4785 1086.9579 970.6932 1041.7005 978.4962 975.1149 1026.6147 984.2184 1027.6551 1155.6243 1199.5812 1038.5793 1034.9379 
964.971 984.7386 1089.5589 974.5947 1039.6197 981.0972 971.7336 1027.395 984.9987 1029.4758 1160.046 1207.3842 1043.5212 1041.7005 
965.7513 987.5997 1089.819 973.5543 1041.7005 986.8194 973.5543 1028.4354 988.38 1031.5566 1157.1849 1201.4019 1040.6601 1037.0187 
968.6124 989.4204 1090.8594 974.3346 1041.4404 983.4381 973.8144 1027.6551 989.9406 1032.597 1159.7859 1204.5231 1043.001 1039.6197 
968.3523 993.0618 1089.819 976.6755 1043.7813 985.779 976.6755 1032.3369 989.4204 1031.5566 1157.1849 1204.0029 1041.9606 1037.0187 
972.2538 991.7613 1093.2003 982.3977 1041.7005 988.1199 977.4558 1033.6374 992.2815 1033.3773 1158.7455 1206.6039 1042.4808 1041.4404 
970.4331 994.6224 1094.7609 982.9179 1043.001 989.1603 983.4381 1035.4581 993.8421 1035.198 1157.7051 1204.7832 1040.4 1041.4404 
972.774 992.5416 1096.0614 982.6578 1042.7409 986.5593 980.0568 1037.2788 992.5416 1034.6778 1165.248 1210.5054 1044.0414 1043.7813 
972.5139 992.5416 1096.0614 984.4785 1043.7813 989.6805 983.4381 1039.0995 995.1426 1035.7182 1165.248 1209.2049 1042.4808 1044.5616 
973.8144 994.1022 1098.4023 989.6805 1041.9606 990.2007 988.38 1037.2788 998.5239 1039.0995 1165.248 1210.7655 1044.5616 1047.6828 
975.1149 997.7436 1098.1422 989.4204 1045.0818 992.2815 990.981 1038.8394 997.7436 1039.3596 1167.5889 1212.066 1047.1626 1045.602 
978.2361 995.6628 1097.3619 987.0795 1048.4631 994.8825 991.2411 1041.1803 998.5239 1039.0995 1171.4904 1213.1064 1046.6424 1043.001 
978.4962 995.1426 1098.4023 988.9002 1050.5439 997.7436 994.8825 1041.1803 1000.3446 1040.1399 1170.1899 1216.7478 1045.602 1048.4631 
977.976 999.0441 1098.4023 989.9406 1052.8848 1000.0845 995.1426 1041.4404 999.5643 1041.1803 1167.5889 1218.3084 1049.7636 1050.2838 
981.3573 1000.8648 1097.622 990.7209 1054.1853 1000.6047 993.582 1042.2207 1002.1653 1042.4808 1170.7101 1221.4296 1053.6651 1054.1853 
983.178 1002.6855 1097.3619 992.0214 1056.006 1001.9052 994.3623 1043.7813 1005.2865 1044.3015 1169.9298 1220.1291 1053.6651 1055.4858 
986.2992 1002.6855 1100.4831 994.6224 1056.006 1001.1249 993.0618 1044.0414 1004.5062 1047.1626 1173.3111 1225.3311 1057.5666 1062.2484 
986.8194 1006.3269 1102.0437 995.9229 1056.7863 1002.1653 994.8825 1044.3015 1005.5466 1048.203 1172.0106 1223.2503 1056.7863 1059.3873 
989.4204 1007.1072 1103.6043 999.3042 1054.9656 1002.4254 995.4027 1044.8217 1009.9683 1048.4631 1174.0914 1227.9321 1056.5262 1061.9883 
987.8598 1009.188 1103.3442 999.5643 1057.3065 1006.587 996.9633 1048.4631 1008.4077 1048.4631 1169.9298 1223.7705 1053.6651 1058.3469 
990.7209 1007.3673 1106.2053 1001.9052 1055.2257 1005.0264 996.183 1048.7232 1007.1072 1049.5035 1173.8313 1226.6316 1056.5262 1063.0287 
988.38 1009.4481 1105.9452 1002.4254 1056.006 1005.0264 1000.3446 1050.5439 1011.0087 1050.2838 1172.7909 1223.2503 1053.9252 1058.3469 
990.7209 1008.6678 1106.4654 1004.7663 1056.7863 1005.2865 999.8244 1051.3242 1013.6097 1052.3646 1175.9121 1226.3715 1057.0464 1059.9075 
989.1603 1011.789 1106.2053 1005.8067 1062.2484 1010.7486 1005.5466 1053.1449 1013.3496 1052.6247 1172.0106 1220.9094 1055.7459 1058.3469 
993.0618 1011.2688 1108.026 1007.6274 1060.6878 1009.7082 1006.0668 1052.8848 1016.2107 1053.1449 1178.253 1228.7124 1059.3873 1064.0691 
995.9229 1012.8294 1106.9856 1007.3673 1063.5489 1012.3092 1009.7082 1054.7055 1018.0314 1054.4454 1180.854 1234.1745 1059.6474 1064.0691 
1000.8648 1011.5289 1107.7659 1008.4077 1065.1095 1014.9102 1009.7082 1053.9252 1017.7713 1055.7459 1183.455 1237.5558 1061.4681 1067.4504 
998.784 1013.8698 1109.0664 1008.1476 1067.1903 1015.1703 1011.789 1055.4858 1019.0718 1056.7863 1181.3742 1235.7351 1061.4681 1070.3115 
1001.1249 1013.6097 1108.8063 1009.188 1066.9302 1014.6501 1009.188 1057.0464 1021.6728 1058.607 1183.9752 1241.1972 1066.9302 1073.6928 
1004.2461 1015.9506 1108.8063 1011.0087 1067.4504 1018.8117 1010.2284 1056.7863 1022.193 1059.9075 1184.2353 1241.7174 1069.2711 1074.7332 
1005.0264 1020.1122 1111.1472 1013.0895 1067.1903 1018.8117 1009.9683 1055.4858 1022.7132 1061.208 1181.1141 1236.5154 1068.4908 1073.4327 
1004.2461 1022.4531 1113.228 1015.6905 1068.4908 1018.2915 1009.9683 1058.8671 1023.7536 1062.5085 1181.3742 1237.2957 1068.2307 1074.4731 
1004.2461 1023.7536 1112.4477 1016.2107 1068.4908 1021.9329 1011.5289 1060.9479 1024.0137 1063.5489 1182.9348 1238.8563 1070.0514 1072.6524 
1006.3269 1024.794 1113.7482 1017.2511 1068.7509 1022.9733 1012.3092 1060.6878 1026.6147 1063.809 1186.056 1243.5381 1070.8317 1077.5943 
1006.0668 1026.8748 1116.0891 1017.7713 1072.6524 1022.4531 1013.8698 1063.809 1028.6955 1063.0287 1183.1949 1239.6366 1068.2307 1075.2534 
1008.9279 1024.0137 1119.7305 1021.9329 1070.8317 1022.9733 1015.4304 1065.1095 1028.4354 1063.809 1187.8767 1242.7578 1072.6524 1078.1145 
1008.4077 1025.5743 1118.9502 1023.4935 1070.0514 1024.5339 1020.6324 1065.6297 1029.2157 1064.8494 1188.1368 1242.7578 1072.1322 1075.7736 
1011.789 1025.5743 1117.9098 1024.2738 1071.3519 1022.4531 1019.0718 1066.41 1032.0768 1065.8898 1191.258 1247.4396 1072.6524 1079.9352 
1011.0087 1028.1753 1117.9098 1023.7536 1075.2534 1028.1753 1022.9733 1069.7913 1032.3369 1067.4504 1187.8767 1240.4169 1069.7913 1076.814 
1013.6097 1027.9152 1121.031 1027.395 1072.9125 1030.7763 1025.0541 1069.5312 1032.8571 1070.5716 1192.8186 1246.1391 1073.1726 1081.4958 
1012.5693 1029.7359 1119.7305 1026.3546 1077.8544 1032.8571 1028.4354 1071.3519 1035.7182 1071.0918 1191.258 1246.6593 1071.0918 1077.3342 
1017.2511 1027.6551 1119.9906 1026.6147 1079.415 1033.6374 1026.8748 1070.8317 1038.8394 1071.0918 1195.9398 1251.3411 1072.6524 1082.2761 
1017.2511 1031.8167 1119.7305 1028.6955 1083.0564 1038.0591 1030.7763 1072.3923 1039.3596 1072.1322 1195.4196 1252.6416 1073.4327 1083.3165 
1020.8925 1032.597 1120.7709 1030.2561 1083.0564 1034.9379 1028.1753 1073.1726 1040.4 1074.4731 1198.0206 1261.7451 1080.1953 1088.2584 
1021.6728 1034.1576 1121.2911 1029.2157 1083.5766 1035.7182 1027.9152 1073.1726 1041.1803 1075.5135 1195.9398 1258.1037 1083.0564 1092.9402 
1024.0137 1035.198 1122.5916 1032.8571 1082.016 1037.2788 1026.6147 1071.8721 1041.1803 1076.0337 1195.1595 1255.7628 1084.617 1097.622 
1021.6728 1038.0591 1124.1522 1035.9783 1084.3569 1038.5793 1027.9152 1074.9933 1042.2207 1076.814 1193.0787 1257.0633 1082.2761 1094.7609 
1024.2738 1039.0995 1126.7532 1036.7586 1085.1372 1037.0187 1027.9152 1075.5135 1044.8217 1078.1145 1196.46 1259.1441 1084.617 1094.7609 
1027.1349 1039.3596 1127.0133 1037.799 1085.9175 1037.2788 1031.5566 1076.5539 1045.602 1079.6751 1198.2807 1258.6239 1084.8771 1097.8821 
1026.0945 1039.8798 1127.0133 1038.5793 1085.9175 1038.8394 1033.1172 1080.1953 1045.0818 1080.4554 1195.9398 1255.2426 1082.7963 1093.2003 
1025.3142 1043.5212 1129.8744 1040.1399 1086.6978 1041.7005 1035.9783 1082.2761 1047.6828 1080.4554 1196.7201 1258.3638 1082.5362 1093.7205 
1025.5743 1045.3419 1130.1345 1041.9606 1087.4781 1043.7813 1039.6197 1082.7963 1048.9833 1080.1953 1199.8413 1260.7047 1083.0564 1093.9806 
1028.6955 1041.1803 1129.3542 1043.2611 1086.6978 1043.5212 1039.6197 1083.5766 1048.4631 1082.2761 1205.5635 1265.1264 1086.1776 1098.9225 
1030.7763 1042.4808 1129.8744 1041.7005 1089.2988 1046.6424 1043.5212 1084.3569 1050.0237 1083.8367 1204.0029 1262.7855 1086.4377 1099.4427 
1035.9783 1043.2611 1133.5158 1045.0818 1091.3796 1048.7232 1045.8621 1083.5766 1053.405 1085.3973 1207.6443 1271.1087 1089.819 1105.425 
1035.198 1045.8621 1131.435 1045.0818 1095.021 1053.1449 1046.3823 1085.3973 1054.7055 1087.9983 1205.8236 1271.1087 1088.7786 1099.9629 
1038.8394 1046.1222 1131.1749 1046.9025 1094.5008 1051.0641 1041.1803 1084.8771 1056.2661 1088.7786 1211.0256 1275.7905 1092.1599 1105.9452 
1038.0591 1049.5035 1131.435 1047.1626 1098.1422 1055.4858 1045.0818 1086.9579 1056.2661 1086.9579 1206.3438 1272.6693 1092.6801 1106.7255 
1039.8798 1047.4227 1133.2557 1048.203 1098.1422 1057.5666 1046.1222 1088.2584 1056.7863 1089.5589 1207.1241 1276.3107 1097.3619 1109.8467 
1043.5212 1054.7055 1136.3769 1052.8848 1099.4427 1055.2257 1043.5212 1088.7786 1059.6474 1090.3392 1210.5054 1275.0102 1097.8821 1115.3088 
1039.3596 1055.4858 1136.1168 1053.405 1102.0437 1060.4277 1047.4227 1090.0791 1059.3873 1091.6397 1207.6443 1274.2299 1095.021 1113.4881 
1040.1399 1053.6651 1137.6774 1054.4454 1100.223 1058.0868 1047.6828 1089.2988 1062.7686 1095.021 1208.1645 1275.0102 1096.0614 1114.2684 
1042.7409 1055.7459 1139.7582 1055.7459 1098.6624 1056.2661 1048.7232 1091.8998 1064.8494 1095.5412 1209.465 1274.49 1096.5816 1116.0891 
1046.6424 1056.006 1141.3188 1058.0868 1098.1422 1059.9075 1047.9429 1094.7609 1063.5489 1096.8417 1212.8463 1276.8309 1099.9629 1116.8694 
1043.5212 1059.1272 1140.7986 1059.3873 1101.5235 1061.7282 1053.1449 1096.8417 1065.8898 1098.1422 1209.7251 1275.2703 1098.4023 1114.5285 
1041.9606 1060.4277 1141.839 1060.4277 1100.7432 1058.607 1055.4858 1097.622 1068.7509 1097.8821 1210.2453 1275.5304 1098.4023 1112.7078 
1044.8217 1060.4277 1143.1395 1061.208 1102.0437 1061.7282 1057.5666 1098.4023 1067.9706 1098.6624 1214.667 1278.6516 1098.9225 1112.9679 
1048.4631 1060.4277 1142.6193 1061.4681 1105.9452 1066.1499 1059.6474 1098.6624 1068.7509 1099.4427 1214.4069 1278.1314 1098.9225 1113.228 
1050.5439 1060.6878 1142.0991 1062.7686 1108.2861 1068.2307 1061.7282 1099.7028 1072.3923 1100.4831 1216.7478 1282.8132 1101.0033 1118.1699 
1053.1449 1062.7686 1141.3188 1062.5085 1110.3669 1070.8317 1063.809 1100.4831 1073.4327 1102.0437 1219.0887 1285.1541 1101.7836 1114.2684 
1060.4277 1062.2484 1144.44 1065.3696 1109.8467 1071.0918 1062.7686 1099.7028 1073.1726 1103.8644 1223.2503 1293.9975 1107.5058 1122.0714 
1059.3873 1065.1095 1143.9198 1066.41 1111.4073 1071.8721 1063.2888 1101.2634 1074.4731 1103.8644 1217.0079 1291.6566 1110.1068 1128.834 
1058.0868 1066.41 1145.4804 1069.011 1111.9275 1071.0918 1061.9883 1101.5235 1075.7736 1104.9048 1219.0887 1292.9571 1111.4073 1133.5158 
1057.3065 1070.5716 1147.041 1069.011 1113.4881 1073.6928 1064.8494 1103.3442 1077.0741 1106.7255 1218.0483 1287.7551 1107.5058 1127.0133 
1062.5085 1068.4908 1149.1218 1070.5716 1109.3265 1070.8317 1061.7282 1103.8644 1079.1549 1108.2861 1223.2503 1292.4369 1110.627 1134.2961 
1060.4277 1070.3115 1147.5612 1070.0514 1111.6674 1074.9933 1062.7686 1106.4654 1079.6751 1108.2861 1220.1291 1287.2349 1109.0664 1128.834 
1061.208 1072.1322 1149.3819 1072.6524 1113.4881 1076.814 1063.2888 1107.2457 1080.9756 1108.8063 1221.4296 1290.096 1111.1472 1128.834 
1059.1272 1076.0337 1149.642 1074.7332 1116.3492 1078.3746 1070.0514 1111.1472 1082.016 1108.5462 1219.0887 1288.5354 1109.0664 1128.834 
1064.3292 1072.3923 1151.7228 1077.5943 1114.5285 1076.0337 1069.5312 1112.1876 1081.4958 1110.1068 1225.071 1293.4773 1112.7078 1134.036 
1064.8494 1072.9125 1153.8036 1077.5943 1117.6497 1078.3746 1072.1322 1112.9679 1082.016 1111.6674 1224.5508 1293.7374 1113.4881 1132.4754 
1066.9302 1073.4327 1155.6243 1079.1549 1117.6497 1079.6751 1074.213 1112.7078 1084.8771 1113.4881 1227.672 1301.2803 1117.1295 1136.8971 
1066.6701 1074.9933 1153.5435 1079.6751 1119.2103 1083.0564 1078.1145 1113.4881 1086.4377 1114.0083 1228.4523 1301.0202 1114.5285 1135.3365 
1069.2711 1074.4731 1154.844 1079.9352 1119.4704 1083.5766 1076.5539 1112.9679 1087.9983 1115.3088 1228.9725 1299.7197 1114.2684 1135.0764 
1070.3115 1077.3342 1156.4046 1081.4958 1122.5916 1085.1372 1078.1145 1114.5285 1090.0791 1116.6093 1229.7528 1303.3611 1116.6093 1138.4577 
1072.3923 1078.8948 1155.1041 1081.7559 1125.4527 1087.7382 1080.1953 1116.0891 1091.1195 1117.6497 1232.0937 1307.5227 1118.6901 1137.9375 
1072.9125 1079.6751 1155.8844 1080.4554 1126.4931 1089.5589 1080.7155 1116.0891 1091.1195 1119.2103 1232.0937 1307.0025 1119.4704 1139.7582 
1072.3923 1082.7963 1157.1849 1081.2357 1125.7128 1089.0387 1080.4554 1117.9098 1090.5993 1119.9906 1227.672 1304.9217 1121.8113 1143.3996 
