2042 2036 2131.7796 2130.4791 2131.2594 2130.9993 2126.3175 2127.8781 2124.7569 2132.0397 2133.0801 2134.1205 2135.6811 2146.0851 2159.3502 2424.3921 
2044 2038 2131.7796 2130.4791 2129.6988 2130.7392 2129.6988 2130.7392 2129.4387 2131.7796 2131.5195 2133.8604 2136.2013 2135.6811 2158.3098 2424.3921 
2044 2039 2128.3983 2132.82 2132.82 2132.5599 2129.1786 2130.4791 2130.9993 2129.6988 2132.2998 2135.9412 2127.618 2141.4033 2160.9108 2434.536 
2045 2038 2129.4387 2132.82 2130.7392 2130.4791 2131.2594 2132.82 2133.8604 2130.7392 2132.82 2135.421 2128.3983 2134.3806 2157.5295 2431.6749 
2043 2037 2129.4387 2131.2594 2130.7392 2128.9185 2132.5599 2130.4791 2131.7796 2132.0397 2132.0397 2135.1609 2130.7392 2130.219 2153.8881 2429.0739 
2044 2039 2128.1382 2131.5195 2129.9589 2127.8781 2134.6407 2130.7392 2130.7392 2132.82 2131.2594 2135.421 2130.7392 2140.8831 2157.7896 2432.4552 
2044 2038 2131.2594 2130.9993 2129.6988 2130.4791 2132.82 2130.7392 2132.2998 2130.9993 2131.7796 2135.6811 2135.421 2146.6053 2164.8123 2434.0158 
2043 2038 2129.1786 2134.1205 2128.6584 2130.7392 2132.2998 2129.9589 2133.0801 2130.219 2132.5599 2135.421 2127.0978 2135.6811 2159.8704 2425.1724 
2042 2036 2129.9589 2133.6003 2130.219 2131.2594 2132.2998 2128.3983 2125.2771 2128.9185 2132.2998 2136.2013 2125.5372 2146.0851 2159.3502 2428.5537 
2042 2038 2129.1786 2133.6003 2130.219 2128.9185 2134.6407 2130.219 2127.8781 2129.6988 2130.9993 2135.6811 2126.5776 2143.224 2158.3098 2419.9704 
2045 2038 2132.2998 2129.4387 2133.0801 2131.2594 2128.9185 2127.8781 2128.3983 2128.3983 2131.5195 2135.421 2136.7215 2139.5826 2159.3502 2419.7103 
2043 2037 2129.1786 2130.7392 2132.0397 2131.7796 2129.9589 2129.6988 2129.9589 2130.9993 2131.5195 2135.1609 2132.5599 2137.2417 2155.4487 2417.6295 
2044 2037 2134.3806 2128.6584 2130.4791 2132.0397 2130.9993 2128.3983 2126.8377 2132.5599 2131.2594 2135.6811 2135.6811 2143.4841 2160.1305 2425.6926 
2043 2038 2131.7796 2132.0397 2129.9589 2129.6988 2131.7796 2130.219 2130.4791 2133.8604 2130.7392 2134.6407 2128.6584 2129.4387 2158.3098 2418.93 
2042 2038 2130.4791 2131.2594 2133.0801 2130.9993 2128.6584 2129.6988 2128.3983 2131.2594 2130.9993 2134.9008 2130.4791 2137.7619 2161.6911 2427.2532 
2042 2038 2128.1382 2131.2594 2130.9993 2129.9589 2132.5599 2132.82 2132.5599 2131.5195 2131.7796 2134.3806 2129.9589 2145.3048 2159.8704 2431.935 
2043 2037 2135.421 2129.1786 2129.6988 2129.6988 2130.9993 2130.4791 2134.1205 2132.5599 2132.2998 2133.0801 2135.6811 2145.0447 2160.9108 2441.2986 
2043 2039 2134.3806 2131.5195 2130.219 2129.1786 2131.2594 2130.7392 2134.6407 2134.3806 2131.5195 2132.82 2131.5195 2127.3579 2159.3502 2425.6926 
2043 2038 2132.0397 2130.7392 2131.2594 2129.1786 2132.2998 2131.7796 2128.6584 2130.219 2132.82 2135.6811 2134.9008 2141.4033 2161.6911 2426.733 
2043 2038 2129.9589 2130.219 2129.1786 2129.9589 2132.5599 2130.4791 2127.618 2127.3579 2134.6407 2136.4614 2135.421 2159.3502 2159.6103 2432.9754 
2042 2038 2130.219 2132.2998 2128.3983 2130.9993 2130.4791 2128.3983 2126.5776 2129.4387 2132.2998 2135.6811 2128.3983 2151.8073 2159.6103 2431.4148 
2044 2037 2127.8781 2133.6003 2129.6988 2131.5195 2130.4791 2130.7392 2127.0978 2131.7796 2130.219 2135.421 2124.4968 2139.5826 2160.1305 2419.9704 
2043 2038 2127.0978 2132.82 2131.2594 2130.4791 2129.4387 2130.9993 2129.6988 2130.4791 2131.2594 2135.421 2126.0574 2144.2644 2157.0093 2420.4906 
2044 2038 2128.6584 2131.7796 2132.2998 2130.7392 2129.1786 2127.0978 2129.4387 2129.1786 2131.7796 2134.6407 2128.3983 2144.2644 2155.4487 2421.2709 
2041 2037 2128.9185 2132.82 2131.7796 2129.9589 2130.7392 2129.4387 2128.3983 2133.0801 2131.5195 2134.1205 2127.8781 2139.5826 2154.6684 2418.6699 
2044 2039 2132.0397 2129.9589 2134.1205 2131.5195 2127.8781 2129.9589 2125.017 2134.3806 2132.2998 2135.1609 2134.6407 2145.5649 2157.5295 2428.0335 
2042 2037 2131.5195 2130.4791 2132.2998 2131.2594 2128.1382 2129.6988 2128.9185 2133.8604 2131.5195 2134.6407 2131.7796 2141.4033 2157.2694 2429.0739 
2042 2038 2136.9816 2128.9185 2131.2594 2132.82 2127.8781 2128.3983 2127.618 2133.6003 2132.2998 2133.6003 2138.2821 2152.0674 2162.2113 2435.8365 
2042 2038 2135.1609 2130.7392 2130.9993 2129.6988 2130.4791 2130.9993 2130.219 2133.6003 2133.8604 2134.1205 2136.2013 2146.6053 2159.3502 2432.1951 
2043 2038 2134.6407 2128.6584 2133.6003 2129.1786 2129.6988 2128.1382 2129.6988 2129.6988 2132.82 2135.6811 2136.4614 2142.9639 2161.6911 2442.5991 
2044 2037 2130.219 2130.9993 2130.7392 2128.6584 2132.2998 2131.2594 2133.6003 2131.5195 2131.5195 2134.6407 2129.4387 2135.421 2159.8704 2436.3567 
2044 2038 2133.6003 2130.219 2129.9589 2130.219 2130.9993 2132.2998 2132.2998 2130.4791 2132.5599 2135.1609 2135.421 2145.0447 2160.9108 2430.1143 
2045 2038 2128.1382 2133.3402 2128.9185 2128.1382 2133.3402 2131.7796 2135.1609 2128.9185 2131.7796 2135.421 2129.4387 2142.1836 2157.2694 2422.8315 
2044 2038 2128.3983 2132.2998 2129.9589 2129.6988 2132.0397 2129.1786 2130.219 2129.1786 2132.2998 2134.3806 2130.4791 2146.0851 2163.2517 2433.7557 
2045 2038 2128.3983 2132.82 2130.4791 2131.2594 2132.0397 2132.2998 2130.219 2131.2594 2134.3806 2133.6003 2128.1382 2141.9235 2160.9108 2424.9123 
2043 2038 2132.0397 2129.9589 2130.7392 2132.0397 2128.6584 2129.1786 2128.6584 2129.4387 2133.3402 2136.4614 2128.6584 2147.1255 2157.7896 2423.8719 
2042 2038 2128.3983 2130.9993 2129.4387 2130.4791 2129.6988 2127.0978 2128.6584 2130.219 2131.5195 2137.5018 2125.017 2144.2644 2156.229 2421.531 
2042 2038 2129.1786 2131.5195 2132.0397 2130.219 2128.6584 2128.6584 2127.0978 2130.7392 2133.3402 2135.1609 2129.6988 2143.7442 2157.0093 2425.6926 
2041 2037 2131.7796 2130.4791 2133.6003 2131.2594 2128.1382 2129.6988 2129.9589 2131.2594 2134.1205 2133.3402 2133.3402 2144.5245 2154.9285 2428.2936 
2041 2037 2134.3806 2129.6988 2129.6988 2131.2594 2128.9185 2128.9185 2128.9185 2133.6003 2132.2998 2133.6003 2134.6407 2145.5649 2157.0093 2430.6345 
2043 2038 2132.2998 2130.9993 2129.1786 2129.4387 2131.2594 2131.5195 2127.8781 2132.82 2130.9993 2134.1205 2136.7215 2141.1432 2158.3098 2429.8542 
2041 2037 2129.4387 2132.0397 2131.2594 2127.0978 2131.5195 2134.1205 2132.5599 2131.7796 2132.82 2132.82 2133.6003 2138.2821 2158.0497 2433.7557 
2043 2038 2132.0397 2129.4387 2131.2594 2129.9589 2129.9589 2130.219 2133.6003 2132.2998 2135.421 2133.0801 2135.6811 2146.8654 2163.2517 2440.7784 
2043 2038 2134.3806 2130.219 2127.8781 2129.6988 2132.5599 2130.4791 2133.0801 2132.2998 2133.6003 2134.3806 2136.9816 2146.8654 2161.9512 2434.2759 
2044 2038 2136.2013 2130.219 2129.6988 2128.3983 2131.7796 2131.7796 2131.5195 2129.1786 2130.9993 2134.9008 2139.0624 2146.3452 2160.1305 2431.1547 
2041 2038 2130.7392 2132.0397 2130.219 2127.0978 2131.7796 2131.7796 2133.6003 2129.9589 2132.2998 2134.1205 2130.7392 2138.2821 2160.6507 2426.733 
2041 2038 2132.2998 2129.4387 2131.2594 2130.9993 2130.4791 2128.3983 2128.3983 2130.4791 2134.1205 2134.9008 2135.1609 2144.2644 2165.8527 2429.5941 
2044 2037 2129.1786 2133.3402 2129.9589 2129.9589 2133.3402 2130.219 2129.4387 2130.9993 2132.0397 2135.1609 2128.6584 2141.1432 2159.3502 2422.3113 
2043 2038 2129.9589 2133.6003 2130.7392 2129.9589 2130.9993 2127.8781 2127.3579 2129.1786 2131.5195 2134.9008 2128.6584 2146.6053 2159.8704 2427.7734 
2043 2038 2126.5776 2133.8604 2130.7392 2129.4387 2130.4791 2129.6988 2130.219 2131.2594 2131.5195 2134.9008 2126.0574 2138.8023 2155.7088 2416.8492 
2044 2038 2128.6584 2132.2998 2132.5599 2130.4791 2127.8781 2129.9589 2128.3983 2131.5195 2130.9993 2135.9412 2128.9185 2144.0043 2154.1482 2422.8315 
2042 2039 2129.1786 2134.1205 2132.5599 2129.6988 2130.219 2131.2594 2129.6988 2132.5599 2132.5599 2134.6407 2125.2771 2140.8831 2153.1078 2421.7911 
2042 2038 2135.6811 2128.9185 2134.6407 2131.2594 2128.3983 2128.3983 2127.618 2132.2998 2133.3402 2132.82 2135.1609 2139.3225 2159.6103 2419.9704 
2043 2037 2134.1205 2129.9589 2133.6003 2130.7392 2129.1786 2129.6988 2131.7796 2133.0801 2131.7796 2133.3402 2135.1609 2133.8604 2158.5699 2419.4502 
2043 2039 2134.3806 2130.219 2131.5195 2130.7392 2127.618 2128.3983 2129.9589 2132.2998 2131.7796 2135.421 2135.9412 2146.8654 2163.7719 2439.4779 
2043 2039 2132.82 2129.6988 2130.219 2130.4791 2128.9185 2128.9185 2128.9185 2132.82 2132.0397 2134.6407 2135.421 2150.5068 2165.3325 2438.6976 
2042 2038 2134.9008 2129.1786 2132.0397 2131.2594 2130.4791 2128.6584 2129.6988 2130.4791 2133.6003 2133.8604 2137.2417 2144.5245 2162.4714 2434.536 
2043 2039 2132.0397 2131.7796 2131.7796 2130.9993 2132.2998 2131.2594 2132.82 2128.9185 2134.9008 2133.8604 2133.3402 2139.8427 2159.0901 2435.5764 
2044 2039 2128.3983 2131.7796 2128.6584 2128.6584 2132.5599 2133.0801 2132.82 2129.1786 2133.3402 2134.9008 2130.7392 2141.9235 2160.9108 2434.2759 
2044 2038 2126.3175 2130.4791 2128.3983 2128.9185 2132.5599 2130.4791 2131.7796 2129.9589 2131.2594 2136.9816 2129.4387 2142.4437 2160.1305 2426.4729 
2043 2038 2125.7973 2132.82 2130.4791 2129.1786 2133.3402 2129.1786 2130.7392 2130.9993 2133.0801 2136.9816 2124.2367 2138.5422 2156.4891 2426.4729 
2045 2038 2129.1786 2132.2998 2133.0801 2129.9589 2131.2594 2129.9589 2126.5776 2129.9589 2133.3402 2135.6811 2128.1382 2142.4437 2158.3098 2430.1143 
2044 2037 2128.6584 2132.82 2133.0801 2130.219 2131.5195 2130.219 2128.9185 2130.7392 2132.0397 2135.421 2127.618 2141.9235 2155.9689 2421.531 
2044 2038 2129.9589 2129.9589 2134.1205 2132.82 2129.1786 2126.5776 2127.618 2130.219 2134.3806 2136.2013 2130.9993 2146.8654 2158.3098 2423.8719 
2043 2037 2128.1382 2130.7392 2132.2998 2130.7392 2129.4387 2128.6584 2126.0574 2130.7392 2134.9008 2134.9008 2127.3579 2141.1432 2156.4891 2420.4906 
2044 2038 2133.8604 2128.1382 2133.3402 2130.9993 2127.618 2128.6584 2123.7165 2129.6988 2132.2998 2135.1609 2133.8604 2145.0447 2158.83 2427.5133 
2043 2039 2132.2998 2129.9589 2132.5599 2131.5195 2129.6988 2130.9993 2132.0397 2132.5599 2131.7796 2134.6407 2132.82 2142.4437 2157.5295 2427.7734 
2045 2037 2133.8604 2128.9185 2132.2998 2132.5599 2127.618 2129.6988 2130.4791 2133.0801 2133.3402 2133.6003 2139.5826 2150.7669 2161.431 2436.0966 
2043 2039 2129.9589 2130.9993 2130.219 2127.8781 2131.7796 2131.5195 2132.5599 2132.5599 2132.0397 2133.8604 2134.6407 2144.5245 2158.5699 2431.4148 
2044 2039 2133.8604 2127.8781 2131.2594 2128.9185 2132.5599 2129.9589 2133.6003 2130.219 2133.0801 2136.4614 2137.5018 2148.1659 2163.2517 2445.2001 
2042 2039 2132.2998 2129.4387 2130.219 2131.2594 2132.82 2131.5195 2135.421 2130.7392 2134.9008 2136.2013 2134.9008 2144.0043 2163.7719 2441.8188 
2044 2038 2133.6003 2129.6988 2129.1786 2131.2594 2130.4791 2129.9589 2128.3983 2128.6584 2133.8604 2135.6811 2138.2821 2148.426 2162.9916 2431.6749 
2045 2037 2129.9589 2132.5599 2129.1786 2128.6584 2133.3402 2130.4791 2128.9185 2128.9185 2131.7796 2135.9412 2132.5599 2143.7442 2157.7896 2418.4098 
2044 2037 2129.9589 2132.5599 2131.5195 2129.1786 2131.5195 2129.4387 2128.1382 2130.219 2132.2998 2135.9412 2130.219 2143.224 2162.4714 2428.0335 
2043 2038 2127.8781 2132.2998 2132.82 2130.219 2129.6988 2129.6988 2128.1382 2130.9993 2132.82 2135.1609 2128.9185 2139.8427 2163.5118 2427.2532 
2043 2037 2127.3579 2132.2998 2130.9993 2129.4387 2130.219 2129.9589 2128.1382 2128.9185 2132.0397 2135.6811 2126.5776 2140.623 2158.0497 2421.2709 
2043 2038 2128.9185 2132.5599 2130.219 2129.9589 2129.9589 2130.219 2128.1382 2130.219 2131.7796 2135.9412 2125.2771 2141.6634 2155.4487 2418.93 
2042 2037 2130.219 2133.0801 2132.2998 2130.4791 2128.6584 2129.9589 2128.3983 2133.8604 2132.5599 2135.421 2127.3579 2141.4033 2156.229 2423.0916 
2043 2036 2130.219 2131.7796 2133.8604 2130.9993 2128.9185 2129.1786 2129.6988 2132.5599 2133.6003 2135.421 2132.2998 2144.0043 2157.5295 2427.7734 
2045 2037 2129.9589 2131.5195 2130.219 2129.6988 2130.219 2131.2594 2130.9993 2131.7796 2132.0397 2133.8604 2131.5195 2141.4033 2158.5699 2428.5537 
2044 2037 2136.7215 2127.0978 2129.9589 2130.7392 2128.1382 2130.219 2127.618 2132.2998 2130.9993 2132.82 2138.8023 2147.9058 2161.9512 2437.3971 
2044 2037 2135.9412 2127.618 2131.5195 2131.7796 2130.219 2130.4791 2132.5599 2133.0801 2132.5599 2133.8604 2137.7619 2145.3048 2159.6103 2436.8769 
2040 2038 2134.1205 2128.6584 2134.1205 2133.0801 2130.219 2128.1382 2132.2998 2129.9589 2133.8604 2135.421 2139.3225 2148.6861 2164.032 2440.2582 
2043 2038 2132.82 2131.2594 2130.9993 2129.4387 2131.7796 2130.7392 2130.9993 2129.6988 2133.3402 2135.6811 2136.4614 2144.5245 2162.4714 2435.0562 
2044 2038 2137.7619 2128.9185 2131.2594 2129.1786 2130.219 2129.6988 2127.8781 2129.4387 2133.8604 2136.4614 2141.4033 2149.7265 2161.9512 2436.0966 
2043 2037 2129.9589 2132.5599 2130.7392 2127.8781 2133.8604 2132.0397 2132.2998 2130.9993 2133.0801 2135.6811 2129.6988 2140.623 2157.2694 2425.4325 
2044 2037 2129.1786 2131.2594 2130.7392 2130.219 2133.3402 2131.2594 2128.3983 2129.9589 2132.82 2135.6811 2129.4387 2142.1836 2160.1305 2428.0335 
2043 2037 2127.3579 2132.5599 2129.9589 2130.9993 2134.1205 2132.2998 2130.219 2130.219 2132.82 2135.9412 2125.017 2136.4614 2155.7088 2418.93 
2043 2038 2128.9185 2132.0397 2131.7796 2131.5195 2130.219 2129.4387 2128.9185 2128.3983 2131.7796 2135.6811 2126.0574 2144.5245 2157.0093 2424.9123 
2043 2036 2127.618 2133.6003 2130.219 2129.6988 2129.1786 2130.4791 2128.1382 2129.1786 2130.7392 2134.3806 2123.7165 2142.9639 2155.9689 2422.0512 
2044 2037 2131.5195 2131.2594 2130.7392 2130.219 2127.618 2129.1786 2126.0574 2129.9589 2131.7796 2135.421 2130.219 2146.6053 2158.3098 2426.733 
2044 2038 2129.1786 2131.5195 2132.2998 2131.7796 2129.6988 2128.3983 2129.4387 2131.5195 2133.0801 2135.6811 2130.4791 2144.5245 2158.0497 2426.2128 
2045 2039 2132.82 2128.3983 2131.5195 2131.5195 2129.9589 2127.0978 2124.7569 2131.7796 2132.5599 2135.6811 2135.1609 2145.3048 2159.8704 2429.334 
2044 2039 2134.6407 2129.1786 2130.7392 2129.4387 2130.7392 2129.1786 2125.2771 2132.0397 2132.0397 2135.1609 2136.7215 2140.623 2159.0901 2431.4148 
2042 2037 2132.0397 2132.0397 2133.0801 2130.7392 2129.9589 2128.9185 2129.9589 2131.7796 2131.2594 2134.1205 2134.3806 2141.6634 2160.9108 2436.3567 
2042 2038 2129.9589 2131.5195 2133.0801 2132.5599 2129.4387 2129.9589 2130.219 2132.0397 2131.2594 2134.6407 2134.1205 2146.0851 2161.9512 2433.2355 
2043 2037 2132.82 2130.9993 2130.219 2129.6988 2131.7796 2133.8604 2132.2998 2133.0801 2133.0801 2136.2013 2132.5599 2142.9639 2159.3502 2432.1951 
2043 2038 2133.6003 2130.219 2131.5195 2128.6584 2132.0397 2132.2998 2134.3806 2132.0397 2134.3806 2136.2013 2133.8604 2144.2644 2160.6507 2438.9577 
2044 2038 2130.4791 2131.5195 2130.7392 2128.3983 2132.82 2130.7392 2133.3402 2131.7796 2133.8604 2134.9008 2132.82 2142.4437 2162.9916 2432.7153 
2042 2040 2132.82 2129.6988 2130.4791 2129.4387 2131.2594 2130.219 2128.9185 2131.5195 2133.0801 2135.6811 2136.4614 2144.2644 2165.8527 2424.6522 
2043 2038 2129.1786 2132.2998 2130.7392 2128.9185 2131.5195 2129.9589 2130.9993 2131.5195 2133.3402 2135.6811 2127.8781 2140.1028 2160.1305 2420.4906 
2043 2038 2130.7392 2130.9993 2132.5599 2130.7392 2129.4387 2125.5372 2126.3175 2129.1786 2134.9008 2135.6811 2128.3983 2148.426 2161.1709 2429.0739 
2043 2038 2129.6988 2134.3806 2130.7392 2129.4387 2130.9993 2129.9589 2127.8781 2130.4791 2134.3806 2135.421 2125.2771 2140.623 2156.229 2420.7507 
2045 2039 2131.7796 2133.0801 2132.2998 2132.0397 2127.8781 2128.6584 2128.3983 2129.6988 2133.0801 2135.6811 2131.7796 2142.7038 2155.4487 2426.2128 
2043 2040 2129.4387 2133.3402 2131.7796 2132.2998 2129.4387 2128.3983 2130.4791 2132.2998 2131.7796 2134.9008 2130.219 2140.623 2153.3679 2422.3113 
2044 2039 2134.3806 2131.7796 2132.5599 2130.9993 2129.9589 2130.4791 2127.0978 2133.3402 2133.3402 2134.9008 2133.8604 2146.0851 2158.0497 2427.7734 
2043 2038 2131.2594 2133.3402 2130.7392 2129.1786 2132.2998 2132.82 2131.7796 2133.6003 2133.3402 2134.3806 2130.4791 2138.8023 2157.0093 2427.2532 
2042 2038 2133.0801 2129.1786 2131.5195 2131.5195 2128.1382 2127.3579 2129.1786 2131.5195 2132.0397 2134.3806 2139.0624 2148.9462 2160.6507 2437.9173 
2044 2039 2133.6003 2129.4387 2131.5195 2130.9993 2129.1786 2128.9185 2129.6988 2132.0397 2133.0801 2135.421 2139.0624 2149.2063 2158.83 2433.4956 
2044 2039 2135.9412 2128.3983 2133.0801 2129.9589 2129.4387 2129.4387 2130.219 2131.2594 2133.8604 2135.421 2137.7619 2145.0447 2161.1709 2437.6572 
2044 2037 2132.2998 2128.9185 2132.5599 2129.4387 2130.9993 2131.2594 2132.2998 2131.5195 2132.82 2134.6407 2134.9008 2139.3225 2162.4714 2436.3567 
2045 2037 2134.6407 2129.6988 2130.4791 2129.4387 2131.5195 2132.5599 2129.9589 2129.6988 2133.3402 2135.9412 2139.5826 2145.0447 2163.5118 2434.0158 
2043 2039 2133.0801 2130.9993 2129.4387 2128.3983 2132.82 2130.9993 2130.4791 2127.3579 2133.3402 2136.2013 2135.421 2144.5245 2158.5699 2424.6522 
2042 2038 2128.6584 2131.5195 2129.1786 2127.3579 2131.7796 2129.4387 2129.9589 2128.9185 2132.5599 2134.6407 2125.7973 2141.4033 2158.0497 2423.6118 
2044 2038 2126.8377 2132.5599 2129.6988 2128.9185 2130.9993 2130.9993 2128.9185 2130.4791 2133.6003 2135.421 2126.5776 2142.7038 2160.1305 2424.6522 
2043 2037 2126.8377 2135.1609 2129.1786 2129.6988 2131.5195 2130.7392 2130.7392 2130.219 2133.6003 2136.2013 2125.7973 2141.1432 2155.1886 2421.7911 
2044 2039 2130.219 2133.6003 2129.4387 2130.9993 2128.3983 2126.5776 2127.618 2129.4387 2132.5599 2135.421 2127.3579 2144.5245 2154.1482 2424.3921 
2044 2037 2130.7392 2133.8604 2129.9589 2130.7392 2129.1786 2128.3983 2126.8377 2130.7392 2133.0801 2135.6811 2127.8781 2142.4437 2155.7088 2424.3921 
2044 2039 2133.0801 2130.4791 2133.0801 2132.5599 2129.1786 2128.3983 2127.618 2130.7392 2133.3402 2136.9816 2134.1205 2145.3048 2160.3906 2432.1951 
2041 2038 2130.7392 2130.7392 2131.7796 2130.219 2128.1382 2129.1786 2131.7796 2133.0801 2131.2594 2134.3806 2132.2998 2141.9235 2158.5699 2429.5941 
2042 2037 2134.3806 2128.9185 2131.7796 2131.2594 2125.5372 2127.618 2127.0978 2130.7392 2131.2594 2133.6003 2140.623 2149.7265 2161.9512 2435.0562 
2042 2037 2132.2998 2130.219 2131.5195 2132.0397 2130.9993 2131.2594 2129.6988 2130.4791 2131.5195 2135.1609 2135.6811 2142.9639 2159.6103 2434.2759 
2043 2038 2134.3806 2127.8781 2132.0397 2132.82 2130.4791 2130.4791 2130.4791 2131.7796 2132.0397 2135.421 2135.1609 2147.1255 2163.2517 2441.8188 
2042 2038 2130.7392 2130.219 2130.219 2128.3983 2131.5195 2131.2594 2134.6407 2133.0801 2133.3402 2133.3402 2130.9993 2144.2644 2160.9108 2433.4956 
2044 2037 2133.3402 2129.9589 2131.5195 2128.6584 2131.7796 2130.219 2131.5195 2129.1786 2133.0801 2133.8604 2136.9816 2149.4664 2160.6507 2435.8365 
2042 2037 2129.6988 2132.0397 2130.219 2129.9589 2134.1205 2131.2594 2132.0397 2128.6584 2131.7796 2134.6407 2131.7796 2142.4437 2158.83 2428.8138 
2044 2038 2129.1786 2130.4791 2129.1786 2130.4791 2131.5195 2127.8781 2129.4387 2129.1786 2132.82 2136.2013 2132.2998 2142.1836 2164.5522 2430.1143 
2043 2037 2126.5776 2131.2594 2128.9185 2128.9185 2131.7796 2129.9589 2130.7392 2130.9993 2133.6003 2136.4614 2128.3983 2138.022 2160.9108 2420.7507 
2042 2037 2130.7392 2130.219 2130.7392 2130.7392 2129.6988 2130.219 2126.3175 2129.6988 2132.82 2135.6811 2128.9185 2145.3048 2159.6103 2423.0916 
2043 2039 2129.9589 2131.7796 2130.9993 2131.2594 2129.1786 2128.1382 2124.7569 2128.9185 2131.7796 2135.9412 2127.618 2144.7846 2158.0497 2422.0512 
2044 2037 2128.3983 2132.5599 2132.0397 2129.1786 2129.9589 2129.1786 2130.4791 2129.9589 2132.0397 2135.1609 2129.6988 2143.224 2155.1886 2425.1724 
2045 2037 2131.5195 2132.0397 2132.0397 2130.4791 2129.6988 2129.1786 2131.2594 2131.5195 2130.7392 2133.6003 2132.2998 2144.5245 2157.7896 2427.7734 
2045 2038 2133.8604 2130.4791 2131.2594 2131.2594 2130.7392 2129.4387 2129.6988 2132.0397 2130.9993 2134.3806 2135.1609 2140.8831 2159.0901 2432.1951 
2044 2038 2130.9993 2131.5195 2130.219 2129.6988 2132.5599 2131.5195 2132.5599 2131.5195 2132.2998 2134.6407 2132.0397 2140.1028 2159.0901 2437.137 
2044 2038 2132.82 2128.9185 2132.2998 2131.5195 2129.9589 2128.1382 2131.5195 2131.2594 2132.82 2134.6407 2138.5422 2154.4083 2164.8123 2444.4198 
2043 2038 2135.1609 2128.9185 2131.5195 2130.9993 2130.7392 2128.9185 2132.0397 2131.7796 2132.2998 2134.1205 2139.0624 2150.5068 2161.6911 2436.3567 
2043 2038 2137.2417 2128.6584 2131.5195 2130.9993 2130.9993 2130.9993 2129.9589 2127.618 2132.82 2135.6811 2139.8427 2148.6861 2160.6507 2436.0966 
2043 2039 2130.7392 2132.5599 2129.1786 2128.3983 2132.82 2131.2594 2132.5599 2127.618 2132.82 2136.2013 2132.2998 2142.7038 2160.1305 2432.7153 
2044 2039 2132.2998 2129.9589 2129.9589 2130.219 2130.219 2126.8377 2130.4791 2130.4791 2133.0801 2136.7215 2135.9412 2145.825 2164.032 2435.0562 
2043 2039 2129.1786 2132.5599 2129.9589 2129.9589 2132.2998 2130.4791 2131.7796 2131.7796 2133.0801 2135.421 2126.8377 2138.2821 2157.5295 2421.7911 
2043 2038 2129.9589 2133.0801 2130.219 2130.219 2130.7392 2129.1786 2127.618 2128.3983 2132.2998 2134.6407 2127.618 2147.1255 2159.0901 2423.8719 
2043 2038 2127.0978 2135.6811 2129.1786 2128.9185 2131.5195 2130.9993 2130.4791 2131.7796 2131.2594 2133.6003 2125.017 2141.9235 2155.7088 2417.3694 
2042 2038 2129.4387 2132.82 2132.0397 2130.9993 2128.6584 2130.219 2129.4387 2132.5599 2132.5599 2133.8604 2128.6584 2144.5245 2155.9689 2425.6926 
2043 2039 2128.3983 2133.3402 2132.0397 2132.2998 2129.1786 2129.6988 2129.1786 2130.7392 2132.2998 2135.6811 2128.6584 2144.2644 2154.6684 2425.9527 
2044 2039 2134.9008 2129.9589 2130.9993 2132.2998 2129.1786 2129.9589 2124.4968 2128.9185 2130.7392 2136.4614 2136.7215 2146.8654 2158.0497 2431.4148 
2044 2038 2134.3806 2129.1786 2130.4791 2130.7392 2130.9993 2132.2998 2128.6584 2131.5195 2130.9993 2134.9008 2134.1205 2138.5422 2157.7896 2431.4148 
2044 2038 2133.0801 2128.9185 2131.5195 2132.5599 2127.8781 2128.1382 2129.9589 2132.82 2132.5599 2135.1609 2135.1609 2145.5649 2161.9512 2438.9577 
2045 2038 2132.2998 2130.219 2131.2594 2132.5599 2127.8781 2127.8781 2130.7392 2131.7796 2132.82 2135.421 2137.7619 2150.5068 2161.431 2436.6168 
2044 2037 2135.6811 2129.4387 2130.4791 2129.9589 2130.219 2129.1786 2131.5195 2129.6988 2133.3402 2134.1205 2136.4614 2145.825 2159.3502 2438.1774 
