2130.9993 2130.9993 2132.2998 2129.9589 2129.4387 2129.4387 2127.618 2131.2594 2133.8604 2135.6811 2132.2998 2139.3225 2156.7492 2434.7961 
2128.6584 2131.7796 2132.5599 2133.0801 2127.618 2128.1382 2127.3579 2131.7796 2132.82 2133.3402 2127.0978 2139.5826 2157.2694 2433.2355 
2132.5599 2129.1786 2130.9993 2132.82 2127.618 2128.3983 2127.3579 2131.2594 2133.0801 2133.0801 2132.82 2148.6861 2160.6507 2441.0385 
2132.82 2129.6988 2130.9993 2130.7392 2128.6584 2128.1382 2128.1382 2133.0801 2134.1205 2134.6407 2136.2013 2141.4033 2158.3098 2440.5183 
2132.0397 2130.4791 2132.5599 2131.2594 2127.8781 2127.0978 2127.618 2132.5599 2133.0801 2135.1609 2131.2594 2136.4614 2158.5699 2442.8592 
2131.5195 2129.9589 2131.5195 2131.5195 2129.1786 2130.9993 2132.2998 2131.5195 2132.0397 2134.3806 2129.4387 2139.5826 2160.3906 2445.9804 
2132.0397 2131.2594 2130.219 2129.6988 2130.7392 2132.2998 2133.3402 2130.9993 2131.7796 2134.6407 2132.2998 2137.2417 2159.3502 2441.8188 
2132.0397 2131.5195 2130.7392 2129.4387 2131.7796 2130.4791 2129.4387 2129.9589 2131.2594 2135.1609 2133.6003 2136.9816 2158.5699 2435.3163 
2131.2594 2130.9993 2127.8781 2128.6584 2132.2998 2133.3402 2129.6988 2130.7392 2131.5195 2134.1205 2131.2594 2135.1609 2159.6103 2438.4375 
2131.7796 2130.219 2128.1382 2130.7392 2129.6988 2130.9993 2128.6584 2130.219 2132.2998 2134.3806 2133.8604 2134.1205 2162.7315 2446.2405 
2127.618 2132.5599 2129.1786 2130.219 2129.6988 2128.1382 2128.6584 2128.9185 2132.5599 2134.6407 2127.3579 2127.3579 2159.6103 2438.6976 
2129.6988 2129.9589 2130.7392 2130.7392 2129.9589 2129.6988 2128.1382 2127.3579 2131.5195 2134.9008 2129.6988 2136.2013 2160.1305 2437.9173 
2129.4387 2131.5195 2127.8781 2128.6584 2132.2998 2132.5599 2131.5195 2130.219 2130.7392 2135.421 2127.3579 2133.3402 2155.4487 2432.7153 
2132.0397 2131.5195 2129.4387 2130.4791 2129.6988 2126.5776 2126.5776 2129.4387 2131.5195 2135.6811 2130.9993 2137.5018 2155.9689 2432.7153 
2129.4387 2132.5599 2130.219 2130.219 2130.7392 2127.618 2126.3175 2130.7392 2131.7796 2134.1205 2127.8781 2138.022 2155.4487 2428.5537 
2133.3402 2130.4791 2132.82 2132.0397 2128.6584 2128.6584 2124.4968 2132.82 2132.0397 2133.8604 2134.1205 2143.7442 2160.6507 2439.9981 
2130.219 2132.0397 2131.2594 2130.9993 2128.3983 2129.9589 2128.6584 2134.9008 2133.6003 2133.0801 2127.8781 2132.2998 2157.0093 2434.7961 
2132.0397 2129.4387 2130.7392 2131.5195 2127.8781 2129.9589 2129.4387 2130.7392 2133.8604 2133.0801 2131.2594 2142.7038 2160.3906 2442.0789 
2131.5195 2130.9993 2130.219 2130.9993 2131.2594 2130.4791 2131.7796 2130.219 2132.2998 2132.82 2132.82 2143.7442 2161.9512 2443.6395 
2134.3806 2131.2594 2132.0397 2131.5195 2130.4791 2128.1382 2129.4387 2130.4791 2132.5599 2133.6003 2133.6003 2136.7215 2160.1305 2441.5587 
2130.4791 2132.0397 2130.4791 2129.1786 2130.9993 2130.9993 2131.7796 2130.4791 2134.6407 2134.1205 2128.6584 2127.618 2154.6684 2431.6749 
2133.8604 2130.7392 2128.6584 2129.1786 2129.9589 2132.0397 2130.4791 2128.9185 2134.1205 2134.1205 2136.4614 2137.2417 2160.3906 2441.2986 
2133.6003 2132.0397 2128.6584 2130.4791 2130.219 2130.219 2130.4791 2130.219 2133.8604 2133.6003 2137.2417 2134.9008 2162.4714 2439.9981 
2129.4387 2131.7796 2129.1786 2129.1786 2130.7392 2130.219 2130.219 2131.2594 2134.1205 2134.3806 2128.1382 2131.5195 2160.6507 2440.5183 
2127.0978 2131.7796 2128.9185 2128.3983 2130.9993 2132.0397 2130.7392 2130.9993 2132.5599 2134.9008 2126.8377 2140.623 2160.6507 2443.6395 
2129.1786 2133.6003 2129.6988 2129.1786 2130.7392 2131.5195 2129.9589 2130.4791 2132.0397 2134.3806 2129.9589 2144.0043 2160.3906 2437.3971 
2130.219 2133.3402 2130.4791 2130.219 2132.0397 2129.4387 2128.1382 2128.9185 2132.5599 2134.6407 2128.6584 2138.5422 2157.7896 2430.1143 
2129.1786 2132.5599 2128.9185 2129.9589 2131.7796 2130.219 2128.3983 2130.9993 2130.7392 2134.3806 2126.3175 2138.2821 2153.8881 2432.1951 
2130.4791 2130.7392 2130.9993 2134.1205 2126.8377 2129.4387 2126.8377 2132.2998 2130.7392 2134.6407 2130.4791 2145.3048 2154.9285 2435.0562 
2129.1786 2132.82 2130.9993 2132.5599 2127.8781 2129.1786 2128.6584 2132.0397 2134.3806 2134.6407 2127.8781 2143.224 2156.4891 2432.9754 
2136.7215 2130.7392 2131.5195 2130.7392 2127.8781 2128.1382 2126.0574 2130.9993 2134.3806 2133.6003 2136.7215 2145.825 2163.2517 2442.8592 
2133.6003 2131.5195 2129.6988 2129.1786 2128.6584 2133.6003 2129.1786 2133.0801 2130.219 2132.5599 2132.82 2138.2821 2159.8704 2440.2582 
2132.0397 2129.4387 2131.5195 2132.5599 2127.618 2132.2998 2129.9589 2130.4791 2130.7392 2133.3402 2135.6811 2150.2467 2162.9916 2449.3617 
2130.219 2131.5195 2130.7392 2130.4791 2131.5195 2130.4791 2132.82 2131.7796 2133.6003 2133.6003 2133.3402 2147.6457 2161.6911 2447.541 
2134.3806 2130.219 2131.7796 2129.6988 2130.7392 2130.219 2129.6988 2131.5195 2133.3402 2134.6407 2136.4614 2148.1659 2161.6911 2449.6218 
2128.6584 2131.7796 2129.6988 2127.8781 2130.9993 2132.82 2131.7796 2131.5195 2130.7392 2135.6811 2129.6988 2139.0624 2157.0093 2442.8592 
2130.7392 2130.4791 2129.9589 2129.4387 2128.9185 2129.1786 2130.7392 2129.9589 2130.7392 2135.6811 2133.3402 2145.825 2161.6911 2449.3617 
2129.9589 2132.0397 2130.7392 2128.6584 2130.4791 2129.6988 2130.9993 2129.9589 2132.5599 2133.8604 2129.4387 2143.7442 2161.1709 2443.3794 
2128.9185 2131.5195 2130.7392 2128.9185 2130.9993 2130.9993 2126.5776 2129.1786 2132.0397 2133.3402 2128.9185 2144.0043 2160.3906 2444.1597 
2126.5776 2132.0397 2127.3579 2129.1786 2132.0397 2129.9589 2126.8377 2130.7392 2132.0397 2134.1205 2127.8781 2138.8023 2156.7492 2437.6572 
2130.4791 2131.2594 2129.4387 2132.2998 2128.3983 2128.1382 2128.1382 2130.219 2132.82 2134.3806 2128.1382 2143.224 2157.0093 2436.8769 
2128.9185 2131.7796 2132.5599 2132.82 2127.618 2129.1786 2129.1786 2130.4791 2133.3402 2134.3806 2127.618 2144.0043 2157.0093 2434.7961 
2129.1786 2130.9993 2130.9993 2130.219 2129.1786 2129.4387 2126.0574 2132.5599 2132.82 2134.9008 2130.219 2141.6634 2156.4891 2433.2355 
2132.2998 2130.4791 2130.4791 2130.219 2128.3983 2129.1786 2126.0574 2132.5599 2133.0801 2134.9008 2131.2594 2143.4841 2156.229 2432.9754 
2132.5599 2131.2594 2131.7796 2130.9993 2126.5776 2128.9185 2130.4791 2131.5195 2132.5599 2134.6407 2129.1786 2142.4437 2157.0093 2434.7961 
2134.1205 2128.6584 2133.6003 2132.0397 2126.8377 2127.0978 2130.4791 2130.219 2131.7796 2135.1609 2137.2417 2145.825 2160.3906 2441.0385 
2135.1609 2128.9185 2131.7796 2129.4387 2130.7392 2130.4791 2130.4791 2129.6988 2131.7796 2134.3806 2138.022 2145.5649 2160.1305 2443.6395 
2134.3806 2129.4387 2131.5195 2129.4387 2130.4791 2132.2998 2130.7392 2129.4387 2132.82 2133.6003 2136.9816 2148.6861 2162.4714 2451.9627 
2129.9589 2131.2594 2129.1786 2128.9185 2131.5195 2131.5195 2133.0801 2131.7796 2132.5599 2134.9008 2134.6407 2140.623 2161.431 2449.1016 
2136.2013 2128.3983 2131.2594 2131.5195 2129.4387 2129.4387 2128.1382 2129.9589 2132.0397 2135.6811 2141.9235 2146.0851 2164.032 2445.2001 
2131.2594 2129.4387 2129.4387 2128.3983 2131.2594 2132.2998 2128.9185 2130.219 2132.82 2133.6003 2131.7796 2139.8427 2160.6507 2437.137 
2129.1786 2128.1382 2128.3983 2128.1382 2130.219 2130.219 2128.6584 2130.219 2132.5599 2134.1205 2130.9993 2140.8831 2161.431 2446.7607 
2127.3579 2131.5195 2128.1382 2128.6584 2131.5195 2129.9589 2131.5195 2131.2594 2130.7392 2134.3806 2128.3983 2138.5422 2155.7088 2439.4779 
2129.1786 2132.2998 2130.219 2130.7392 2130.4791 2130.219 2127.618 2128.9185 2130.7392 2134.1205 2129.4387 2147.1255 2157.2694 2436.3567 
2125.017 2132.0397 2127.618 2128.9185 2131.7796 2131.7796 2128.3983 2129.9589 2131.2594 2134.6407 2124.4968 2139.3225 2156.229 2428.5537 
2129.6988 2129.1786 2129.6988 2131.2594 2128.6584 2129.9589 2126.5776 2130.219 2131.5195 2135.1609 2130.219 2142.4437 2157.2694 2436.6168 
2129.6988 2131.7796 2132.2998 2132.82 2126.5776 2128.6584 2127.618 2132.2998 2130.7392 2133.0801 2129.1786 2144.0043 2153.628 2435.5764 
2134.1205 2130.4791 2132.2998 2131.7796 2124.7569 2127.0978 2126.0574 2133.0801 2130.9993 2132.5599 2134.1205 2147.6457 2157.2694 2437.3971 
2134.9008 2128.6584 2130.219 2128.9185 2127.618 2129.6988 2127.8781 2132.82 2132.2998 2133.3402 2136.4614 2141.6634 2159.3502 2436.6168 
2133.6003 2129.1786 2131.2594 2129.4387 2129.6988 2128.3983 2128.1382 2131.7796 2133.3402 2133.3402 2135.421 2140.623 2161.6911 2441.5587 
2131.2594 2131.7796 2132.2998 2130.9993 2130.4791 2125.7973 2130.219 2132.5599 2132.2998 2133.8604 2134.6407 2143.7442 2161.6911 2444.6799 
2132.2998 2129.1786 2128.6584 2129.6988 2132.2998 2131.7796 2133.6003 2129.9589 2132.82 2134.3806 2133.8604 2146.6053 2159.6103 2450.142 
2128.6584 2130.4791 2127.8781 2129.1786 2132.5599 2130.219 2133.0801 2130.4791 2130.9993 2134.6407 2129.6988 2140.623 2160.3906 2446.2405 
2130.9993 2130.219 2129.4387 2130.7392 2130.9993 2129.1786 2130.7392 2129.9589 2130.4791 2135.421 2134.1205 2143.4841 2162.4714 2447.2809 
2129.4387 2131.5195 2127.8781 2128.9185 2131.5195 2130.7392 2130.4791 2128.9185 2132.82 2134.9008 2128.3983 2141.6634 2159.6103 2445.7203 
2129.9589 2129.9589 2129.4387 2129.1786 2129.9589 2127.618 2126.5776 2128.6584 2132.5599 2134.1205 2127.8781 2147.3856 2161.431 2447.2809 
2127.8781 2132.0397 2130.9993 2130.219 2130.7392 2129.4387 2127.8781 2132.2998 2130.9993 2134.3806 2125.7973 2142.4437 2158.3098 2436.0966 
2131.2594 2130.7392 2132.5599 2134.3806 2128.9185 2129.9589 2127.3579 2131.2594 2131.5195 2135.1609 2131.7796 2144.5245 2158.5699 2436.6168 
2128.1382 2132.2998 2130.4791 2129.6988 2130.4791 2129.9589 2129.1786 2132.2998 2131.2594 2132.2998 2126.5776 2138.5422 2154.4083 2430.1143 
2130.9993 2131.2594 2132.5599 2128.3983 2128.6584 2128.1382 2125.5372 2132.5599 2130.7392 2130.9993 2130.7392 2146.6053 2158.83 2437.137 
2128.3983 2132.2998 2132.2998 2129.6988 2129.9589 2130.7392 2129.1786 2133.6003 2132.0397 2133.3402 2128.9185 2140.8831 2159.0901 2434.2759 
2133.0801 2129.6988 2131.2594 2131.5195 2128.9185 2129.4387 2129.1786 2132.2998 2133.3402 2134.3806 2135.421 2145.0447 2161.9512 2438.1774 
2134.3806 2130.219 2130.4791 2128.6584 2130.219 2130.219 2132.0397 2133.0801 2132.0397 2132.82 2135.6811 2143.224 2158.5699 2437.9173 
2134.6407 2129.1786 2132.2998 2130.4791 2128.3983 2130.9993 2131.5195 2130.9993 2132.0397 2133.3402 2136.7215 2145.825 2160.3906 2450.142 
2129.9589 2129.9589 2130.9993 2130.4791 2129.6988 2132.2998 2130.9993 2131.7796 2132.5599 2133.8604 2132.2998 2141.6634 2161.1709 2449.6218 
2136.2013 2128.6584 2130.4791 2129.4387 2129.9589 2130.9993 2128.9185 2131.7796 2131.5195 2133.3402 2137.7619 2146.3452 2163.5118 2446.5006 
2136.2013 2128.9185 2130.7392 2129.4387 2130.7392 2130.219 2131.7796 2130.7392 2130.4791 2133.8604 2137.2417 2142.9639 2161.1709 2439.4779 
2130.4791 2130.4791 2129.9589 2128.6584 2130.7392 2130.219 2130.4791 2130.4791 2130.219 2134.9008 2131.5195 2138.022 2161.431 2442.5991 
2128.1382 2132.5599 2128.9185 2129.1786 2131.2594 2129.6988 2129.1786 2132.0397 2130.9993 2135.6811 2129.6988 2140.623 2161.431 2441.8188 
2128.3983 2132.5599 2129.1786 2129.1786 2132.0397 2129.6988 2130.219 2131.7796 2130.4791 2135.6811 2128.3983 2143.4841 2157.7896 2439.2178 
2126.0574 2130.9993 2131.2594 2129.4387 2131.2594 2129.1786 2129.1786 2130.4791 2130.9993 2134.9008 2128.6584 2143.4841 2157.0093 2437.137 
2125.7973 2133.0801 2132.0397 2129.4387 2130.9993 2129.9589 2128.1382 2132.0397 2133.0801 2135.1609 2127.0978 2139.5826 2155.4487 2431.935 
2131.2594 2131.5195 2133.8604 2133.6003 2126.8377 2126.0574 2126.0574 2131.2594 2132.82 2135.9412 2131.5195 2147.3856 2155.7088 2434.7961 
2131.5195 2130.4791 2131.2594 2132.5599 2126.5776 2126.0574 2126.3175 2132.82 2130.7392 2135.1609 2130.4791 2143.4841 2155.4487 2433.2355 
2135.6811 2129.1786 2131.5195 2132.0397 2127.3579 2127.618 2123.4564 2131.7796 2131.2594 2134.6407 2136.9816 2145.3048 2160.6507 2440.5183 
2132.5599 2131.5195 2131.7796 2130.4791 2129.1786 2129.4387 2127.0978 2132.2998 2131.2594 2132.82 2132.0397 2137.7619 2159.0901 2437.9173 
2132.82 2128.6584 2133.8604 2133.0801 2126.0574 2127.618 2127.0978 2132.2998 2130.4791 2132.82 2136.2013 2143.224 2161.431 2443.8996 
2130.219 2131.2594 2130.4791 2130.7392 2130.219 2129.6988 2132.82 2133.6003 2132.5599 2133.6003 2135.1609 2143.4841 2158.5699 2444.4198 
2134.3806 2132.0397 2130.219 2130.4791 2130.9993 2130.4791 2132.0397 2130.7392 2134.9008 2134.9008 2136.7215 2147.6457 2160.9108 2450.9223 
2129.9589 2133.0801 2129.6988 2128.3983 2130.9993 2130.7392 2131.7796 2132.2998 2134.6407 2134.3806 2129.4387 2137.7619 2158.3098 2444.1597 
2131.7796 2130.219 2129.4387 2128.3983 2130.7392 2127.3579 2129.6988 2131.5195 2133.0801 2134.3806 2137.2417 2145.825 2161.1709 2449.1016 
2130.219 2130.9993 2128.3983 2128.3983 2133.3402 2131.5195 2132.82 2130.219 2132.82 2134.1205 2135.1609 2146.8654 2159.8704 2443.6395 
2130.219 2130.4791 2130.9993 2130.7392 2130.4791 2130.7392 2128.3983 2129.4387 2132.82 2134.1205 2130.219 2148.1659 2162.7315 2447.8011 
2126.8377 2132.5599 2132.0397 2128.9185 2130.4791 2128.3983 2126.8377 2131.2594 2132.5599 2135.1609 2126.3175 2145.5649 2160.1305 2443.6395 
2128.1382 2132.5599 2131.2594 2129.4387 2129.1786 2130.219 2126.0574 2129.4387 2132.0397 2136.2013 2130.219 2148.9462 2155.7088 2440.2582 
